#Id Score P-value
1586 1.000000 0.0
6794 0.975099 0.0
5563 0.950677 0.0
3667 0.931401 0.0
6517 0.902645 0.0
5327 0.878875 0.0
3952 0.877363 0.0
6580 0.857424 0.0
5274 0.842053 0.0
1036 0.523565 0.0002191
91151 0.370136 0.0007257
23017 0.362024 0.0007257
384 0.362024 0.0007257
54861 0.362024 0.0007257
126526 0.339737 0.0010888
153443 0.266601 0.0016765
56034 0.264494 0.0016765
114790 0.261083 0.0016765
728294 0.259372 0.0018296
56033 0.257445 0.0018296
57026 0.252112 0.0018296
4536 0.251880 0.0018296
347240 0.248284 0.0022522
514 0.244722 0.0022522
84268 0.235286 0.0023924
92335 0.225390 0.003036
4485 0.213713 0.0034683
2147 0.206574 0.0039797
79142 0.204010 0.0039797
4139 0.203836 0.0039797
55437 0.192668 0.0054227
102724428 0.191255 0.0054227
150094 0.191255 0.0054227
5650 0.187879 0.0087669
9407 0.187035 0.0087669
51094 0.185261 0.0087669
11180 0.183001 0.0087669
29122 0.182459 0.0087669
6482 0.180852 0.0087669
4892 0.180282 0.0087669
8555 0.179852 0.0160628
25803 0.179682 0.0160628
4338 0.178705 0.0160628
1539 0.174605 0.0160628
57402 0.172987 0.0160628
7743 0.172634 0.0160628
27076 0.171997 0.0160628
27248 0.171186 0.0160628
23424 0.168623 0.0214392
84307 0.167525 0.0214392
23221 0.165999 0.0214392
22869 0.165965 0.0214392
10 0.165706 0.0214392
6768 0.165682 0.0214392
10076 0.165675 0.0214392
8789 0.165443 0.0214392
22843 0.165281 0.0214392
51531 0.163137 0.0214392
55014 0.162446 0.0214392
7069 0.161678 0.0214392
7111 0.161604 0.0214392
25970 0.160778 0.0214392
229 0.160168 0.0214392
2118 0.159033 0.024554
23513 0.158031 0.024554
5054 0.157454 0.024554
3486 0.155779 0.024554
6198 0.155219 0.024554
283971 0.154655 0.024554
3480 0.154313 0.024554
55773 0.152488 0.024554
5268 0.150792 0.024554
2203 0.150552 0.024554
5921 0.150395 0.024554
51176 0.149983 0.0302119
7867 0.149913 0.0302119
7507 0.149307 0.0302119
2011 0.148505 0.0302119
54828 0.148318 0.0302119
57820 0.148072 0.0302119
5604 0.147457 0.0302119
5564 0.147309 0.0302119
23646 0.146833 0.0302119
10382 0.146721 0.0302119
3265 0.146696 0.0302119
56288 0.146552 0.0302119
5516 0.146125 0.0302119
51719 0.145882 0.0302119
54187 0.145634 0.0302119
57787 0.145385 0.0302119
5795 0.144582 0.0302119
10541 0.143973 0.0302119
1508 0.143776 0.0302119
1408 0.143105 0.0302119
2064 0.141642 0.0302119
999 0.141134 0.0302119
79155 0.141121 0.0302119
2888 0.140871 0.0302119
256646 0.140764 0.0302119
58529 0.140689 0.0302119
808 0.140679 0.0302119
805 0.140679 0.0302119
284252 0.140659 0.0302119
5571 0.140625 0.0302119
801 0.140581 0.0302119
5728 0.140531 0.0302119
1073 0.140031 0.0302119
8428 0.139845 0.0386787
7957 0.139070 0.0386787
57521 0.138997 0.0386787
6944 0.138981 0.0386787
382 0.138918 0.0386787
5562 0.138888 0.0386787
2735 0.138848 0.0386787
1917 0.138741 0.0386787
7706 0.138017 0.0386787
10513 0.137889 0.0386787
10007 0.137754 0.0386787
222546 0.137480 0.0386787
9113 0.137327 0.0386787
7064 0.136883 0.0386787
207 0.136385 0.0386787
9100 0.136194 0.0386787
3164 0.135413 0.0386787
57594 0.135147 0.0386787
8660 0.135119 0.0386787
8412 0.135031 0.0386787
57326 0.135021 0.0386787
10891 0.134886 0.0386787
22919 0.134855 0.0386787
10801 0.134839 0.0386787
9266 0.134740 0.0386787
11200 0.134652 0.0386787
25843 0.134498 0.0386787
3033 0.134400 0.0386787
79618 0.134047 0.0386787
7251 0.134044 0.0386787
7846 0.133967 0.0386787
51343 0.133467 0.0386787
324 0.133056 0.0386787
4914 0.132743 0.0386787
81628 0.132352 0.0386787
7534 0.132209 0.0386787
7530 0.132209 0.0386787
780 0.132196 0.0386787
23411 0.131932 0.0386787
84456 0.131535 0.0386787
3643 0.131527 0.0386787
5565 0.131478 0.0386787
11059 0.131428 0.0386787
127557 0.131200 0.0386787
653121 0.131200 0.0386787
6293 0.130873 0.0386787
388677 0.130820 0.0386787
100996717 0.130820 0.0386787
100996763 0.130820 0.0386787
5336 0.130777 0.0386787
3716 0.130718 0.0386787
54550 0.130595 0.0386787
2353 0.130572 0.0386787
7322 0.130544 0.0386787
10146 0.130483 0.0386787
3717 0.130259 0.0386787
7020 0.129778 0.0624994
6925 0.129676 0.0624994
3881 0.129560 0.0624994
10152 0.129497 0.0624994
4841 0.129410 0.0624994
3801 0.129139 0.0624994
386682 0.129117 0.0624994
11030 0.129105 0.0624994
7329 0.128741 0.0624994
7205 0.128661 0.0624994
166 0.128653 0.0624994
83878 0.128328 0.0624994
5295 0.128063 0.0624994
22938 0.128003 0.0624994
5781 0.127985 0.0624994
672 0.127845 0.0624994
7965 0.127804 0.0624994
887 0.127637 0.0624994
5296 0.127144 0.0624994
5717 0.126770 0.0624994
3326 0.126364 0.0624994
5770 0.125437 0.0624994
8503 0.124505 0.0624994
5747 0.124485 0.0624994
57162 0.124097 0.0624994
8650 0.123463 0.0624994
2475 0.123258 0.0624994
5580 0.122730 0.0624994
26260 0.122290 0.0624994
1956 0.121398 0.0624994
55023 0.120755 0.0624994
5599 0.120740 0.0624994
7531 0.120389 0.0624994
2885 0.120085 0.0624994
57127 0.119379 0.1088986
3066 0.115370 0.1088986
3053 0.114990 0.1088986
3953 0.114461 0.1088986
1616 0.113727 0.1088986
3101 0.110262 0.1088986
9856 0.109075 0.2161773
83401 0.107260 0.2161773
2702 0.104269 0.2161773
9214 0.104080 0.2161773
279 0.100542 0.2161773
8577 0.097047 0.4214519
100526694 0.097047 0.4214519
2867 0.094828 0.4214519
7940 0.094709 0.4214519
3293 0.093989 0.4214519
80328 0.093772 0.4214519
23314 0.093714 0.4214519
84909 0.093134 0.4214519
3223 0.090864 0.4214519
886 0.090344 0.4214519
3146 0.090032 0.4214519
150962 0.089855 0.6598027
158427 0.089708 0.6598027
148014 0.089029 0.6598027
400745 0.089029 0.6598027
1185 0.089029 0.6598027
118430 0.089029 0.6598027
29956 0.089012 0.6598027
23401 0.087927 0.6598027
6424 0.087834 0.6598027
26269 0.087685 0.6598027
3811 0.086600 0.6598027
2667 0.086600 0.6598027
570 0.086245 0.6598027
3479 0.085753 0.6598027
54741 0.085581 0.6598027
54897 0.085512 0.6598027
5535 0.085486 0.6598027
23387 0.085224 0.6598027
9687 0.085129 0.6598027
91283 0.084981 0.6598027
6423 0.084748 0.6598027
25818 0.084647 0.6598027
3993 0.084442 0.6598027
885 0.084310 0.6598027
23550 0.084273 0.6598027
84254 0.084144 0.6598027
51335 0.083986 0.6598027
3822 0.083710 0.6598027
79695 0.083633 0.6598027
51196 0.083261 0.6598027
56660 0.083218 0.6598027
26035 0.083018 0.6598027
7464 0.082911 0.6598027
1515 0.082618 0.6598027
94240 0.082418 0.6598027
2938 0.082343 0.6598027
266747 0.082337 0.6598027
23179 0.082337 0.6598027
3598 0.082225 0.6598027
3235 0.082088 0.6598027
966 0.082030 0.6598027
284366 0.081889 0.6598027
4360 0.081545 0.6598027
10603 0.081525 0.6598027
27122 0.081418 0.6598027
157638 0.081012 0.6598027
200958 0.080707 0.6598027
126374 0.080628 0.6598027
96459 0.080489 0.6598027
9077 0.080308 0.6598027
10942 0.080286 0.6598027
54942 0.080162 0.6598027
92304 0.080057 0.6598027
9783 0.079979 0.8602892
388753 0.079317 0.8602892
5670 0.079229 0.8602892
55714 0.079229 0.8602892
58486 0.079229 0.8602892
10952 0.079127 0.8602892
9902 0.079007 0.8602892
80760 0.078997 0.8602892
4241 0.078780 0.8602892
414899 0.078644 0.8602892
2312 0.078567 0.8602892
8938 0.078451 0.8602892
55363 0.078434 0.8602892
7040 0.078339 0.8602892
432395 0.078282 0.8602892
25984 0.078282 0.8602892
720 0.078282 0.8602892
84085 0.078282 0.8602892
721 0.078282 0.8602892
100293534 0.078282 0.8602892
64236 0.078273 0.8602892
201163 0.078269 0.8602892
9530 0.078174 0.8602892
55859 0.078168 0.8602892
11006 0.077905 0.8602892
89858 0.077905 0.8602892
115653 0.077905 0.8602892
3804 0.077905 0.8602892
100132285 0.077905 0.8602892
84174 0.077754 0.8602892
4795 0.077678 0.8602892
11009 0.077437 0.8602892
7056 0.077381 0.8602892
79899 0.077226 0.8602892
81788 0.077181 0.8602892
4046 0.077112 0.8602892
8651 0.077020 0.8602892
25759 0.076992 0.8602892
54206 0.076848 0.8602892
2322 0.076742 0.8602892
2119 0.076733 0.8602892
1012 0.076670 0.8602892
10116 0.076643 0.8602892
203523 0.076403 0.8602892
7579 0.076403 0.8602892
27030 0.076329 0.8602892
7010 0.076046 0.8602892
8036 0.075995 0.8602892
29893 0.075908 0.8602892
2219 0.075897 0.8602892
8483 0.075897 0.8602892
1001 0.075722 0.8602892
4987 0.075685 0.8602892
1474 0.075644 0.8602892
2057 0.075361 0.8602892
5791 0.075248 0.8602892
91608 0.075042 0.8602892
3484 0.074809 0.8602892
2176 0.074761 0.8602892
51422 0.074671 0.8602892
5368 0.074642 0.8602892
10395 0.074596 0.8602892
5128 0.074557 0.8602892
3802 0.074555 0.8602892
7006 0.074549 0.8602892
9180 0.074507 0.8602892
10870 0.074499 0.8602892
6539 0.074395 0.8602892
4163 0.074230 0.8602892
26034 0.074126 0.8602892
130340 0.074082 0.8602892
222826 0.074069 0.8602892
64411 0.074069 0.8602892
64902 0.073954 0.8602892
50863 0.073954 0.8602892
3560 0.073859 0.8602892
660 0.073846 0.8602892
5787 0.073813 0.8602892
7294 0.073771 0.8602892
238 0.073638 0.8602892
6004 0.073566 0.8602892
3458 0.073529 0.8602892
84951 0.073455 0.8602892
5157 0.073442 0.8602892
221527 0.073366 0.8602892
200186 0.073328 0.8602892
4233 0.073243 0.8602892
79109 0.073130 0.8602892
4915 0.073034 0.8602892
10451 0.073029 0.8602892
699 0.072951 0.8602892
92305 0.072932 0.8602892
10457 0.072770 0.8602892
8404 0.072721 0.8602892
5793 0.072645 0.8602892
197342 0.072606 0.8602892
64427 0.072606 0.8602892
84264 0.072606 0.8602892
338596 0.072606 0.8602892
117159 0.072521 0.8602892
643535 0.072440 0.8602892
79729 0.072440 0.8602892
131566 0.072440 0.8602892
152189 0.072440 0.8602892
23007 0.072440 0.8602892
1299 0.072440 0.8602892
2549 0.072403 0.8602892
155465 0.072399 0.8602892
10019 0.072345 0.8602892
10307 0.072251 0.8602892
2264 0.072229 0.8602892
7097 0.072210 0.8602892
2697 0.072193 0.8602892
399694 0.072122 0.8602892
6098 0.072118 0.8602892
205147 0.072105 0.8602892
6352 0.072083 0.8602892
1796 0.071979 0.8602892
2013 0.071958 0.8602892
60676 0.071895 0.8602892
7305 0.071875 0.8602892
5800 0.071829 0.8602892
8313 0.071718 0.8602892
8493 0.071651 0.8602892
8613 0.071644 0.8602892
5159 0.071599 0.8602892
4893 0.071436 0.8602892
3909 0.071417 0.8602892
55777 0.071377 0.8602892
685 0.071345 0.8602892
10653 0.071256 0.8602892
1154 0.071218 0.8602892
51209 0.071205 0.8602892
10045 0.071190 0.8602892
4595 0.071122 0.8602892
8835 0.071096 0.8602892
220164 0.071076 0.8602892
3815 0.071076 0.8602892
5788 0.071066 0.8602892
4052 0.071061 0.8602892
4486 0.071014 0.8602892
192683 0.070991 0.8602892
6503 0.070974 0.8602892
2185 0.070946 0.8602892
140597 0.070915 0.8602892
5653 0.070834 0.8602892
2887 0.070812 0.8602892
22937 0.070774 0.8602892
657 0.070740 0.8602892
23207 0.070665 0.8602892
3682 0.070643 0.8602892
640 0.070549 0.8602892
1268 0.070503 0.8602892
3459 0.070474 0.8602892
53358 0.070450 0.8602892
5290 0.070437 0.8602892
23556 0.070421 0.8602892
7517 0.070413 0.8602892
55620 0.070400 0.8602892
2321 0.070381 0.8602892
2263 0.070350 0.8602892
53632 0.070331 0.8602892
29760 0.070297 0.8602892
9846 0.070292 0.8602892
4145 0.070279 0.8602892
2919 0.070276 0.8602892
23231 0.070268 0.8602892
3702 0.070197 0.8602892
135 0.070152 0.8602892
64759 0.070142 0.8602892
1445 0.070118 0.8602892
26191 0.070097 0.8602892
57504 0.070094 0.8602892
4953 0.070070 0.8602892
344148 0.070067 0.8602892
55 0.070056 0.8602892
5866 0.070054 0.8602892
3490 0.070039 0.8602892
7275 0.069961 0.9578151
5156 0.069878 0.9578151
89795 0.069868 0.9578151
7253 0.069837 0.9578151
7145 0.069800 0.9578151
5797 0.069790 0.9578151
2065 0.069765 0.9578151
4496 0.069751 0.9578151
5796 0.069745 0.9578151
5076 0.069724 0.9578151
9821 0.069692 0.9578151
79078 0.069655 0.9578151
3783 0.069604 0.9578151
9509 0.069585 0.9578151
253260 0.069576 0.9578151
7048 0.069537 0.9578151
4086 0.069529 0.9578151
64223 0.069490 0.9578151
387535 0.069485 0.9578151
23303 0.069471 0.9578151
5662 0.069454 0.9578151
5475 0.069443 0.9578151
401152 0.069443 0.9578151
5470 0.069443 0.9578151
3786 0.069443 0.9578151
2914 0.069443 0.9578151
116449 0.069421 0.9578151
11093 0.069371 0.9578151
5803 0.069341 0.9578151
80146 0.069336 0.9578151
8435 0.069336 0.9578151
117145 0.069336 0.9578151
695 0.069299 0.9578151
4916 0.069209 0.9578151
2268 0.069170 0.9578151
6464 0.069169 0.9578151
51557 0.069161 0.9578151
5328 0.069155 0.9578151
6714 0.069043 0.9578151
4089 0.069040 0.9578151
91768 0.069011 0.9578151
79085 0.069009 0.9578151
84335 0.068989 0.9578151
3084 0.068962 0.9578151
6790 0.068958 0.9578151
2260 0.068912 0.9578151
7075 0.068875 0.9578151
558 0.068869 0.9578151
55715 0.068859 0.9578151
5335 0.068852 0.9578151
26057 0.068840 0.9578151
8038 0.068835 0.9578151
27040 0.068832 0.9578151
5189 0.068832 0.9578151
4058 0.068831 0.9578151
81029 0.068793 0.9578151
29906 0.068793 0.9578151
257144 0.068793 0.9578151
414927 0.068793 0.9578151
147746 0.068793 0.9578151
151647 0.068793 0.9578151
255631 0.068793 0.9578151
220686 0.068793 0.9578151
9356 0.068793 0.9578151
221458 0.068793 0.9578151
375133 0.068793 0.9578151
55608 0.068793 0.9578151
3708 0.068779 0.9578151
1398 0.068725 0.9578151
867 0.068692 0.9578151
6452 0.068639 0.9578151
6654 0.068620 0.9578151
7490 0.068614 0.9578151
55851 0.068589 0.9578151
1630 0.068562 0.9578151
145226 0.068548 0.9578151
2596 0.068524 0.9578151
80762 0.068510 0.9578151
9949 0.068497 0.9578151
2308 0.068493 0.9578151
5777 0.068476 0.9578151
2047 0.068451 0.9578151
1495 0.068436 0.9578151
5782 0.068422 0.9578151
10044 0.068404 0.9578151
10818 0.068390 0.9578151
6850 0.068389 0.9578151
117157 0.068387 0.9578151
11167 0.068331 0.9578151
8471 0.068326 0.9578151
143187 0.068300 0.9578151
79970 0.068291 0.9578151
56899 0.068257 0.9578151
26469 0.068245 0.9578151
23365 0.068226 0.9578151
10297 0.068193 0.9578151
3642 0.068168 0.9578151
1500 0.068161 0.9578151
65988 0.068140 0.9578151
9306 0.068107 0.9578151
668 0.068106 0.9578151
1399 0.068060 0.9578151
144100 0.068016 0.9578151
57464 0.068013 0.9578151
7031 0.068001 0.9578151
6521 0.067987 0.9578151
23086 0.067953 0.9578151
2690 0.067937 0.9578151
1436 0.067906 0.9578151
5612 0.067901 0.9578151
3932 0.067881 0.9578151
59067 0.067867 0.9578151
10544 0.067840 0.9578151
9021 0.067834 0.9578151
23125 0.067833 0.9578151
5753 0.067807 0.9578151
6900 0.067805 0.9578151
673 0.067775 0.9578151
6776 0.067772 0.9578151
51206 0.067730 0.9578151
7157 0.067708 0.9578151
386618 0.067701 0.9578151
3791 0.067699 0.9578151
1041 0.067689 0.9578151
857 0.067688 0.9578151
196383 0.067686 0.9578151
29995 0.067679 0.9578151
1003 0.067679 0.9578151
3161 0.067675 0.9578151
22794 0.067654 0.9578151
4690 0.067651 0.9578151
9047 0.067644 0.9578151
26502 0.067642 0.9578151
51181 0.067607 0.9578151
206358 0.067583 0.9578151
2852 0.067583 0.9578151
7125 0.067575 0.9578151
79949 0.067563 0.9578151
26167 0.067563 0.9578151
154810 0.067562 0.9578151
1499 0.067561 0.9578151
4651 0.067505 0.9578151
79728 0.067500 0.9578151
347862 0.067472 0.9578151
159162 0.067455 0.9578151
51204 0.067454 0.9578151
3055 0.067452 0.9578151
165 0.067446 0.9578151
90843 0.067446 0.9578151
1337 0.067446 0.9578151
54453 0.067445 0.9578151
84547 0.067430 0.9578151
10810 0.067418 0.9578151
11311 0.067411 0.9578151
29948 0.067402 0.9578151
367 0.067397 0.9578151
56479 0.067341 0.9578151
84709 0.067309 0.9578151
6504 0.067309 0.9578151
4067 0.067307 0.9578151
5136 0.067284 0.9578151
84687 0.067268 0.9578151
8408 0.067256 0.9578151
50807 0.067245 0.9578151
9091 0.067209 0.9578151
595 0.067208 0.9578151
5774 0.067184 0.9578151
7409 0.067157 0.9578151
27 0.067151 0.9578151
3572 0.067146 0.9578151
4803 0.067126 0.9578151
2746 0.067094 0.9578151
55888 0.067092 0.9578151
4853 0.067089 0.9578151
1634 0.067080 0.9578151
5291 0.067068 0.9578151
1046 0.067039 0.9578151
2241 0.067038 0.9578151
522 0.067026 0.9578151
1029 0.067002 0.9578151
3785 0.066964 0.9578151
63978 0.066953 0.9578151
84941 0.066902 0.9578151
57536 0.066892 0.9578151
23396 0.066890 0.9578151
3082 0.066888 0.9578151
841 0.066861 0.9578151
6272 0.066820 0.9578151
128239 0.066806 0.9578151
2005 0.066778 0.9578151
11186 0.066766 0.9578151
11197 0.066758 0.9578151
112936 0.066746 0.9578151
92241 0.066742 0.9578151
64802 0.066709 0.9578151
5521 0.066685 0.9578151
5361 0.066682 0.9578151
10817 0.066678 0.9578151
2886 0.066656 0.9578151
1833 0.066642 0.9578151
133383 0.066642 0.9578151
2258 0.066632 0.9578151
2033 0.066629 0.9578151
130 0.066612 0.9578151
9610 0.066607 0.9578151
7535 0.066579 0.9578151
23294 0.066571 0.9578151
5170 0.066560 0.9578151
284004 0.066546 0.9578151
5784 0.066537 0.9578151
27286 0.066535 0.9578151
3845 0.066508 0.9578151
10489 0.066508 0.9578151
4734 0.066506 0.9578151
1606 0.066497 0.9578151
55607 0.066496 0.9578151
83593 0.066478 0.9578151
84440 0.066462 0.9578151
4703 0.066458 0.9578151
24140 0.066430 0.9578151
51686 0.066424 0.9578151
57530 0.066418 0.9578151
30818 0.066417 0.9578151
940 0.066413 0.9578151
55294 0.066402 0.9578151
5745 0.066386 0.9578151
51292 0.066377 0.9578151
25 0.066377 0.9578151
100101267 0.066370 0.9578151
2066 0.066366 0.9578151
2768 0.066351 0.9578151
8502 0.066340 0.9578151
4582 0.066332 0.9578151
23035 0.066316 0.9578151
7003 0.066303 0.9578151
9402 0.066301 0.9578151
137392 0.066289 0.9578151
10672 0.066267 0.9578151
79650 0.066255 0.9578151
4137 0.066253 0.9578151
8536 0.066251 0.9578151
116448 0.066246 0.9578151
1579 0.066226 0.9578151
5979 0.066220 0.9578151
5293 0.066213 0.9578151
57551 0.066211 0.9578151
1435 0.066187 0.9578151
9546 0.066167 0.9578151
4752 0.066122 0.9578151
4047 0.066072 0.9578151
150000 0.066072 0.9578151
2159 0.066069 0.9578151
2904 0.066019 0.9578151
80262 0.066016 0.9578151
2130 0.066015 0.9578151
8074 0.066009 0.9578151
2255 0.066009 0.9578151
2254 0.066009 0.9578151
2251 0.066009 0.9578151
8822 0.066009 0.9578151
79872 0.065996 0.9578151
160140 0.065993 0.9578151
3561 0.065976 0.9578151
7039 0.065968 0.9578151
7316 0.065949 0.9578151
6774 0.065948 0.9578151
3846 0.065947 0.9578151
4900 0.065902 0.9578151
100289635 0.065893 0.9578151
820 0.065893 0.9578151
23558 0.065885 0.9578151
6233 0.065878 0.9578151
80895 0.065872 0.9578151
222008 0.065867 0.9578151
55006 0.065863 0.9578151
5603 0.065860 0.9578151
114 0.065860 0.9578151
79710 0.065854 0.9578151
8915 0.065840 0.9578151
6655 0.065836 0.9578151
55502 0.065831 0.9578151
5894 0.065831 0.9578151
5004 0.065828 0.9578151
122809 0.065819 0.9578151
2100 0.065810 0.9578151
2932 0.065802 0.9578151
201254 0.065779 0.9578151
1999 0.065779 0.9578151
8314 0.065774 0.9578151
116362 0.065774 0.9578151
151525 0.065772 0.9578151
84236 0.065772 0.9578151
222171 0.065772 0.9578151
5638 0.065772 0.9578151
7005 0.065763 0.9578151
493861 0.065757 0.9578151
26233 0.065732 0.9578151
4756 0.065700 0.9578151
6416 0.065685 0.9578151
5594 0.065680 0.9578151
10188 0.065661 0.9578151
2534 0.065654 0.9578151
4292 0.065652 0.9578151
4609 0.065633 0.9578151
23180 0.065613 0.9578151
4068 0.065608 0.9578151
1024 0.065602 0.9578151
3784 0.065589 0.9578151
1978 0.065569 0.9578151
4087 0.065569 0.9578151
51741 0.065566 0.9578151
51157 0.065554 0.9578151
125115 0.065537 0.9578151
5526 0.065522 0.9578151
5920 0.065520 0.9578151
7454 0.065509 0.9578151
388585 0.065484 0.9578151
79587 0.065484 0.9578151
259 0.065483 0.9578151
54754 0.065480 0.9578151
148170 0.065474 0.9578151
3206 0.065469 0.9578151
79870 0.065445 0.9578151
100861412 0.065412 0.9578151
25788 0.065412 0.9578151
107984056 0.065407 0.9578151
5395 0.065407 0.9578151
3697 0.065406 0.9578151
152559 0.065403 0.9578151
575 0.065402 0.9578151
84270 0.065398 0.9578151
84707 0.065392 0.9578151
23235 0.065389 0.9578151
64762 0.065367 0.9578151
7186 0.065363 0.9578151
10058 0.065351 0.9578151
25780 0.065344 0.9578151
4250 0.065339 0.9578151
3725 0.065339 0.9578151
814 0.065335 0.9578151
995 0.065303 0.9578151
63897 0.065299 0.9578151
55300 0.065283 0.9578151
25855 0.065265 0.9578151
4088 0.065249 0.9578151
5595 0.065236 0.9578151
27128 0.065233 0.9578151
5863 0.065206 0.9578151
493 0.065154 0.9578151
9564 0.065150 0.9578151
22859 0.065142 0.9578151
5829 0.065135 0.9578151
55632 0.065135 0.9578151
23252 0.065134 0.9578151
323 0.065132 0.9578151
9479 0.065129 0.9578151
1460 0.065128 0.9578151
50855 0.065125 0.9578151
8440 0.065120 0.9578151
5499 0.065116 0.9578151
256309 0.065114 0.9578151
9743 0.065097 0.9578151
6497 0.065083 0.9578151
57520 0.065080 0.9578151
55914 0.065069 0.9578151
6329 0.065068 0.9578151
1800 0.065068 0.9578151
55002 0.065066 0.9578151
6772 0.065065 0.9578151
22836 0.065064 0.9578151
1855 0.065063 0.9578151
7046 0.065062 0.9578151
1326 0.065059 0.9578151
2801 0.065037 0.9578151
4193 0.065037 0.9578151
1813 0.065028 0.9578151
5987 0.065014 0.9578151
3937 0.065011 0.9578151
818 0.064977 0.9578151
7098 0.064977 0.9578151
4905 0.064968 0.9578151
2913 0.064942 0.9578151
28984 0.064940 0.9578151
55243 0.064936 0.9578151
2060 0.064929 0.9578151
1038 0.064928 0.9578151
7529 0.064909 0.9578151
10381 0.064909 0.9578151
56413 0.064900 0.9578151
7525 0.064899 0.9578151
27173 0.064863 0.9578151
79930 0.064857 0.9578151
644 0.064853 0.9578151
1850 0.064842 0.9578151
1947 0.064818 0.9578151
84057 0.064814 0.9578151
5925 0.064803 0.9578151
5165 0.064796 0.9578151
3315 0.064790 0.9578151
843 0.064780 0.9578151
1054 0.064773 0.9578151
309 0.064771 0.9578151
7533 0.064765 0.9578151
10439 0.064755 0.9578151
1123 0.064755 0.9578151
8444 0.064752 0.9578151
84960 0.064752 0.9578151
2591 0.064743 0.9578151
9744 0.064735 0.9578151
3551 0.064726 0.9578151
23239 0.064709 0.9578151
669 0.064702 0.9578151
64430 0.064701 0.9578151
10588 0.064697 0.9578151
340371 0.064697 0.9578151
5105 0.064690 0.9578151
6615 0.064689 0.9578151
133015 0.064687 0.9578151
1387 0.064685 0.9578151
2824 0.064684 0.9578151
6777 0.064676 0.9578151
64798 0.064673 0.9578151
23371 0.064660 0.9578151
1741 0.064659 0.9578151
7161 0.064653 0.9578151
1454 0.064639 0.9578151
11135 0.064624 0.9578151
63826 0.064622 0.9578151
59286 0.064621 0.9578151
8945 0.064597 0.9578151
80975 0.064586 0.9578151
79906 0.064586 0.9578151
728378 0.064586 0.9578151
1031 0.064583 0.9578151
65266 0.064575 0.9578151
102800317 0.064575 0.9578151
6733 0.064574 0.9578151
5494 0.064560 0.9578151
3689 0.064558 0.9578151
8857 0.064552 0.9578151
408 0.064547 0.9578151
5966 0.064546 0.9578151
4284 0.064542 0.9578151
441273 0.064539 0.9578151
51701 0.064537 0.9578151
2444 0.064536 0.9578151
1944 0.064535 0.9578151
409 0.064528 0.9578151
153090 0.064522 0.9578151
322 0.064512 0.9578151
9595 0.064512 0.9578151
4188 0.064512 0.9578151
572 0.064483 0.9578151
4085 0.064478 0.9578151
152503 0.064471 0.9578151
23028 0.064471 0.9578151
815 0.064468 0.9578151
3838 0.064450 0.9578151
5515 0.064427 0.9578151
57020 0.064418 0.9578151
5163 0.064418 0.9578151
2099 0.064404 0.9578151
613 0.064404 0.9578151
8874 0.064399 0.9578151
868 0.064382 0.9578151
25980 0.064379 0.9578151
84708 0.064363 0.9578151
8560 0.064361 0.9578151
5359 0.064358 0.9578151
114609 0.064355 0.9578151
23129 0.064340 0.9578151
260425 0.064335 0.9578151
6331 0.064325 0.9578151
23384 0.064321 0.9578151
2242 0.064319 0.9578151
3224 0.064317 0.9578151
7589 0.064314 0.9578151
5338 0.064312 0.9578151
5300 0.064305 0.9578151
10971 0.064304 0.9578151
5970 0.064304 0.9578151
7341 0.064297 0.9578151
1915 0.064295 0.9578151
26060 0.064285 0.9578151
8131 0.064282 0.9578151
55357 0.064274 0.9578151
84952 0.064269 0.9578151
7159 0.064261 0.9578151
389690 0.064253 0.9578151
4084 0.064241 0.9578151
1027 0.064237 0.9578151
5587 0.064231 0.9578151
5923 0.064229 0.9578151
91544 0.064228 0.9578151
51421 0.064225 0.9578151
79680 0.064221 0.9578151
54764 0.064217 0.9578151
64397 0.064216 0.9578151
4009 0.064210 0.9578151
9261 0.064202 0.9578151
23461 0.064190 0.9578151
10657 0.064189 0.9578151
149371 0.064182 0.9578151
200728 0.064182 0.9578151
6752 0.064181 0.9578151
5207 0.064180 0.9578151
83737 0.064178 0.9578151
64866 0.064176 0.9578151
11184 0.064174 0.9578151
4538 0.064171 0.9578151
5175 0.064169 0.9578151
5771 0.064165 0.9578151
22882 0.064162 0.9578151
1457 0.064155 0.9578151
3635 0.064144 0.9578151
140459 0.064139 0.9578151
3938 0.064136 0.9578151
761 0.064136 0.9578151
1147 0.064126 0.9578151
84445 0.064126 0.9578151
112714 0.064125 0.9578151
1739 0.064119 0.9578151
115677 0.064092 0.9578151
6461 0.064090 0.9578151
386681 0.064089 0.9578151
3481 0.064088 0.9578151
8554 0.064085 0.9578151
23281 0.064084 0.9578151
5724 0.064080 0.9578151
51286 0.064074 0.9578151
9146 0.064071 0.9578151
89 0.064060 0.9578151
7249 0.064057 0.9578151
3781 0.064047 0.9578151
993 0.064045 0.9578151
3300 0.064041 0.9578151
7137 0.064037 0.9578151
1605 0.064032 0.9578151
28999 0.064031 0.9578151
2335 0.064025 0.9578151
3630 0.064025 0.9578151
513 0.064024 0.9578151
10755 0.064017 0.9578151
57176 0.064007 0.9578151
3700 0.063999 0.9578151
4117 0.063994 0.9578151
1026 0.063990 0.9578151
79738 0.063984 0.9578151
246330 0.063983 0.9578151
154796 0.063982 0.9578151
5730 0.063978 0.9578151
55844 0.063977 0.9578151
4216 0.063974 0.9578151
1969 0.063973 0.9578151
79000 0.063966 0.9578151
10524 0.063962 0.9578151
26524 0.063958 0.9578151
521 0.063954 0.9578151
3320 0.063950 0.9578151
2244 0.063946 0.9578151
282974 0.063945 0.9578151
22858 0.063942 0.9578151
8470 0.063933 0.9578151
2034 0.063932 0.9578151
836 0.063929 0.9578151
56957 0.063914 0.9578151
1879 0.063907 0.9578151
57159 0.063904 0.9578151
121053 0.063902 0.9578151
51078 0.063900 0.9578151
3338 0.063898 0.9578151
1432 0.063897 0.9578151
356 0.063878 0.9578151
3065 0.063872 0.9578151
26003 0.063869 0.9578151
5581 0.063865 0.9578151
983 0.063860 0.9578151
79864 0.063854 0.9578151
6446 0.063851 0.9578151
25898 0.063847 0.9578151
94005 0.063843 0.9578151
23327 0.063836 0.9578151
775 0.063834 0.9578151
6386 0.063830 0.9578151
6199 0.063826 0.9578151
10273 0.063826 0.9578151
5597 0.063824 0.9578151
7132 0.063817 0.9578151
64943 0.063814 0.9578151
170685 0.063813 0.9578151
7189 0.063812 0.9578151
5601 0.063812 0.9578151
55757 0.063802 0.9578151
5888 0.063799 0.9578151
10391 0.063796 0.9578151
85409 0.063794 0.9578151
5294 0.063790 0.9578151
220082 0.063783 0.9578151
8878 0.063775 0.9578151
6901 0.063761 0.9578151
4843 0.063760 0.9578151
283212 0.063752 0.9578151
51765 0.063750 0.9578151
80125 0.063737 0.9578151
472 0.063727 0.9578151
2162 0.063726 0.9578151
5371 0.063720 0.9578151
7185 0.063719 0.9578151
9623 0.063715 0.9578151
4436 0.063709 0.9578151
8853 0.063705 0.9578151
5331 0.063704 0.9578151
55816 0.063700 0.9578151
55802 0.063691 0.9578151
23162 0.063688 0.9578151
1386 0.063684 0.9578151
2889 0.063683 0.9578151
84795 0.063683 0.9578151
51058 0.063679 0.9578151
7390 0.063678 0.9578151
414060 0.063670 0.9578151
121278 0.063670 0.9578151
729873 0.063670 0.9578151
84218 0.063670 0.9578151
101060321 0.063670 0.9578151
5406 0.063670 0.9578151
50649 0.063667 0.9578151
101930241 0.063667 0.9578151
5329 0.063664 0.9578151
6659 0.063660 0.9578151
386675 0.063659 0.9578151
9784 0.063656 0.9578151
4155 0.063650 0.9578151
101059953 0.063646 0.9578151
101059938 0.063646 0.9578151
9099 0.063640 0.9578151
83452 0.063631 0.9578151
351 0.063610 0.9578151
10298 0.063609 0.9578151
10324 0.063608 0.9578151
3685 0.063603 0.9578151
3775 0.063602 0.9578151
9732 0.063600 0.9578151
57697 0.063599 0.9578151
65125 0.063597 0.9578151
6667 0.063593 0.9578151
9612 0.063589 0.9578151
60 0.063588 0.9578151
51474 0.063581 0.9578151
8031 0.063576 0.9578151
6310 0.063575 0.9578151
9891 0.063573 0.9578151
4215 0.063572 0.9578151
54922 0.063569 0.9578151
84433 0.063561 0.9578151
4217 0.063560 0.9578151
6905 0.063553 0.9578151
51542 0.063551 0.9578151
55503 0.063545 0.9578151
5354 0.063542 0.9578151
317762 0.063540 0.9578151
10628 0.063539 0.9578151
10413 0.063538 0.9578151
5584 0.063529 0.9578151
4223 0.063528 0.9578151
9727 0.063526 0.9578151
5898 0.063521 0.9578151
5590 0.063520 0.9578151
7273 0.063519 0.9578151
6773 0.063514 0.9578151
114907 0.063513 0.9578151
81 0.063503 0.9578151
1028 0.063500 0.9578151
386676 0.063477 0.9578151
386678 0.063477 0.9578151
26088 0.063471 0.9578151
998 0.063470 0.9578151
26272 0.063468 0.9578151
23031 0.063461 0.9578151
378465 0.063455 0.9578151
163 0.063453 0.9578151
6337 0.063451 0.9578151
4851 0.063449 0.9578151
9931 0.063443 0.9578151
2920 0.063442 0.9578151
2597 0.063441 0.9578151
79033 0.063439 0.9578151
3728 0.063438 0.9578151
8517 0.063436 0.9578151
2623 0.063428 0.9578151
162 0.063422 0.9578151
87 0.063422 0.9578151
6256 0.063419 0.9578151
5213 0.063419 0.9578151
9367 0.063415 0.9578151
285971 0.063412 0.9578151
6502 0.063412 0.9578151
246184 0.063405 0.9578151
6414 0.063401 0.9578151
8626 0.063401 0.9578151
5347 0.063389 0.9578151
51282 0.063389 0.9578151
10522 0.063385 0.9578151
9589 0.063382 0.9578151
9223 0.063374 0.9578151
5315 0.063374 0.9578151
5900 0.063370 0.9578151
4650 0.063366 0.9578151
2274 0.063364 0.9578151
6988 0.063361 0.9578151
1017 0.063359 0.9578151
2004 0.063355 0.9578151
197 0.063353 0.9578151
6867 0.063353 0.9578151
27347 0.063348 0.9578151
5783 0.063340 0.9578151
51778 0.063338 0.9578151
2730 0.063335 0.9578151
22806 0.063332 0.9578151
57732 0.063330 0.9578151
8431 0.063329 0.9578151
84955 0.063317 0.9578151
7428 0.063316 0.9578151
5155 0.063314 0.9578151
81792 0.063311 0.9578151
8029 0.063306 0.9578151
4301 0.063300 0.9578151
54149 0.063298 0.9578151
10987 0.063298 0.9578151
79839 0.063298 0.9578151
26249 0.063293 0.9578151
10750 0.063289 0.9578151
56893 0.063287 0.9578151
7410 0.063287 0.9578151
1407 0.063283 0.9578151
5507 0.063281 0.9578151
23647 0.063277 0.9578151
10278 0.063275 0.9578151
3726 0.063274 0.9578151
10746 0.063273 0.9578151
10466 0.063273 0.9578151
10048 0.063272 0.9578151
23542 0.063271 0.9578151
51564 0.063270 0.9578151
5187 0.063269 0.9578151
130026 0.063266 0.9578151
9138 0.063252 0.9578151
29109 0.063244 0.9578151
5509 0.063234 0.9578151
5340 0.063233 0.9578151
5932 0.063228 0.9578151
25930 0.063223 0.9578151
2934 0.063222 0.9578151
10841 0.063220 0.9578151
117178 0.063218 0.9578151
7532 0.063211 0.9578151
23166 0.063207 0.9578151
54507 0.063206 0.9578151
378884 0.063203 0.9578151
27130 0.063195 0.9578151
10253 0.063193 0.9578151
57554 0.063192 0.9578151
5582 0.063186 0.9578151
250 0.063185 0.9578151
9093 0.063184 0.9578151
10771 0.063180 0.9578151
369 0.063178 0.9578151
10551 0.063178 0.9578151
4792 0.063176 0.9578151
8725 0.063175 0.9578151
6885 0.063168 0.9578151
25830 0.063154 0.9578151
116496 0.063152 0.9578151
26224 0.063152 0.9578151
4005 0.063150 0.9578151
10202 0.063149 0.9578151
10100 0.063148 0.9578151
57154 0.063146 0.9578151
4683 0.063145 0.9578151
8553 0.063143 0.9578151
9611 0.063142 0.9578151
1264 0.063142 0.9578151
373 0.063140 0.9578151
25937 0.063138 0.9578151
255758 0.063137 0.9578151
4214 0.063136 0.9578151
3064 0.063133 0.9578151
6732 0.063114 0.9578151
80319 0.063109 0.9578151
1793 0.063109 0.9578151
8647 0.063107 0.9578151
2042 0.063105 0.9578151
25758 0.063102 0.9578151
7449 0.063098 0.9578151
8548 0.063088 0.9578151
83755 0.063081 0.9578151
5308 0.063079 0.9578151
5525 0.063078 0.9578151
23433 0.063077 0.9578151
137492 0.063070 0.9578151
50619 0.063069 0.9578151
3190 0.063067 0.9578151
9134 0.063067 0.9578151
2309 0.063058 0.9578151
1912 0.063058 0.9578151
2931 0.063051 0.9578151
85376 0.063049 0.9578151
2908 0.063048 0.9578151
406 0.063043 0.9578151
11097 0.063041 0.9578151
8864 0.063039 0.9578151
5243 0.063035 0.9578151
5879 0.063034 0.9578151
7874 0.063034 0.9578151
2815 0.063034 0.9578151
1845 0.063034 0.9578151
5319 0.063026 0.9578151
51588 0.063018 0.9578151
84970 0.063017 0.9578151
378708 0.063016 0.9578151
100526739 0.063016 0.9578151
7321 0.063015 0.9578151
55626 0.063013 0.9578151
23390 0.063008 0.9578151
3309 0.063001 0.9578151
1441 0.062999 0.9578151
2810 0.062992 0.9578151
1950 0.062989 0.9578151
440915 0.062985 0.9578151
5684 0.062984 0.9578151
3091 0.062984 0.9578151
701 0.062979 0.9578151
23624 0.062979 0.9578151
996 0.062979 0.9578151
118471 0.062978 0.9578151
5591 0.062976 0.9578151
80117 0.062965 0.9578151
3665 0.062961 0.9578151
355 0.062961 0.9578151
29990 0.062959 0.9578151
51096 0.062956 0.9578151
64121 0.062949 0.9578151
994 0.062946 0.9578151
79980 0.062945 0.9578151
5468 0.062943 0.9578151
3778 0.062942 0.9578151
5578 0.062939 0.9578151
2023 0.062937 0.9578151
1020 0.062936 0.9578151
10241 0.062935 0.9578151
368 0.062935 0.9578151
5529 0.062931 0.9578151
1429 0.062930 0.9578151
8434 0.062925 0.9578151
860 0.062923 0.9578151
6453 0.062922 0.9578151
5566 0.062914 0.9578151
6789 0.062912 0.9578151
4629 0.062910 0.9578151
3866 0.062905 0.9578151
9513 0.062904 0.9578151
4615 0.062898 0.9578151
85291 0.062894 0.9578151
50514 0.062894 0.9578151
8976 0.062892 0.9578151
54760 0.062892 0.9578151
596 0.062889 0.9578151
8543 0.062887 0.9578151
177 0.062886 0.9578151
6358 0.062879 0.9578151
23163 0.062877 0.9578151
2113 0.062875 0.9578151
51499 0.062872 0.9578151
5999 0.062870 0.9578151
1068 0.062867 0.9578151
283899 0.062846 0.9578151
8831 0.062845 0.9578151
22877 0.062839 0.9578151
6657 0.062838 0.9578151
811 0.062837 0.9578151
118788 0.062837 0.9578151
7514 0.062833 0.9578151
5600 0.062828 0.9578151
4739 0.062827 0.9578151
659 0.062826 0.9578151
145508 0.062825 0.9578151
58512 0.062825 0.9578151
219333 0.062820 0.9578151
10254 0.062820 0.9578151
5794 0.062819 0.9578151
991 0.062814 0.9578151
5579 0.062812 0.9578151
51231 0.062806 0.9578151
10325 0.062801 0.9578151
714 0.062801 0.9578151
9647 0.062796 0.9578151
50488 0.062795 0.9578151
9965 0.062781 0.9578151
22920 0.062778 0.9578151
386680 0.062777 0.9578151
85358 0.062773 0.9578151
10560 0.062770 0.9578151
29979 0.062769 0.9578151
7029 0.062767 0.9578151
10983 0.062763 0.9578151
9260 0.062762 0.9578151
54542 0.062760 0.9578151
55611 0.062759 0.9578151
23071 0.062750 0.9578151
23181 0.062746 0.9578151
4303 0.062743 0.9578151
155382 0.062739 0.9578151
2059 0.062737 0.9578151
3875 0.062734 0.9578151
7984 0.062733 0.9578151
6197 0.062731 0.9578151
6605 0.062730 0.9578151
26271 0.062729 0.9578151
1000 0.062728 0.9578151
30011 0.062723 0.9578151
9675 0.062720 0.9578151
5910 0.062719 0.9578151
2002 0.062716 0.9578151
3756 0.062714 0.9578151
83899 0.062709 0.9578151
88 0.062708 0.9578151
1107 0.062694 0.9578151
