1432	0.096714	5595
1432	0.098037	5594
1432	0.100642	207
1432	0.098374	5925
1432	0.097271	2316
1432	0.100809	1915
1432	0.097269	10987
1432	0.104077	7157
1432	0.101805	1956
1432	0.105605	2033
1432	0.098784	3065
1432	0.098738	3725
1432	0.096843	3329
1432	0.097887	3164
1432	0.116791	5970
1432	0.097452	7531
1432	0.098109	166
1147	0.098662	4088
1147	0.099809	5987
1147	0.096959	3320
1147	0.099220	1387
1147	0.096666	3064
1147	0.096961	2099
1147	0.098350	8945
1147	0.096536	3551
1147	0.103756	7329
1147	0.105543	2033
1147	0.096963	8517
1147	0.100581	207
1147	0.099698	6733
1147	0.098646	4609
1147	0.098199	1499
1147	0.097129	5591
1147	0.096433	7334
1147	0.098179	6790
1147	0.097208	10987
1147	0.100464	1457
1147	0.116730	5970
1147	0.099304	7186
55183	0.096284	7083
55183	0.099862	2885
55183	0.097134	4000
55183	0.097008	9869
55183	0.096378	51588
55183	0.096086	7431
55183	0.096555	6606
55183	0.096555	6607
55183	0.118490	5501
55183	0.099176	3315
55183	0.117499	5499
26260	0.096662	7323
26260	0.097038	5710
26260	0.098068	60
26260	0.102046	1956
26260	0.118126	29978
26260	0.120274	29979
26260	0.244068	5105
4005	0.095832	988
4005	0.098807	2801
4005	0.099610	2885
4005	0.098089	6774
4005	0.103273	7329
4005	0.095756	125115
4005	0.096682	84445
4005	0.096625	117178
4005	0.096216	6772
4005	0.095795	10241
4005	0.096558	7205
4005	0.096433	3183
4005	0.096188	373
4005	0.116248	5970
4005	0.097565	166
4005	0.096589	5966
3320	0.097604	2597
3320	0.096578	2908
3320	0.096341	3308
3320	0.096571	3329
3320	0.096749	2099
3320	0.096651	4691
3320	0.096325	3551
3320	0.103804	7157
3320	0.100178	367
3320	0.096751	8517
3320	0.100370	207
3320	0.097021	3326
3320	0.098899	2932
3320	0.105911	4193
3320	0.096319	3932
3320	0.096912	3178
3320	0.101532	1956
3320	0.098465	3725
3320	0.099470	6714
3320	0.096889	3312
3320	0.099194	3315
3320	0.100252	1457
3320	0.097307	2064
3320	0.096011	5859
27040	0.119809	6850
27040	0.099113	2885
27040	0.095551	3932
27040	0.107057	10488
27040	0.100765	1956
27040	0.101386	5335
27040	0.097602	7535
27040	0.095241	5770
27040	0.100456	6233
27040	0.118427	6449
5562	0.096187	7159
5562	0.095532	11030
5562	0.095340	5515
5562	0.095365	125115
5562	0.098935	5987
5562	0.096167	7205
5562	0.096232	117178
5562	0.098824	6733
5562	0.104669	2033
5562	0.116855	5499
5562	0.095919	26524
5562	0.097173	166
5562	0.098416	2801
5562	0.096517	7531
3326	0.097879	2597
3326	0.098048	7311
3326	0.096615	3308
3326	0.096945	3309
3326	0.096845	3329
3326	0.097888	3164
3326	0.097532	7013
3326	0.096599	3551
3326	0.096531	811
3326	0.098175	3838
3326	0.101806	1956
3326	0.100451	367
3326	0.097163	3312
3326	0.099469	3315
3326	0.119469	6449
3326	0.097013	5597
3326	0.097272	2316
3326	0.096830	1029
3326	0.096761	6772
3326	0.096974	4137
3326	0.100526	1457
3326	0.098077	2023
3326	0.099366	7186
5657	0.130297	9235
3329	0.097428	2597
3329	0.096402	2908
3329	0.096775	84445
3329	0.096164	3308
3329	0.096494	3309
3329	0.096713	3312
3329	0.096455	8968
3329	0.095851	125115
3329	0.096277	3064
3329	0.100954	672
3329	0.096455	8358
3329	0.096455	8350
3329	0.096455	8351
3329	0.096455	8352
3329	0.096455	8353
3329	0.096455	8354
3329	0.096455	8355
3329	0.096455	8356
3329	0.096455	8357
3329	0.096562	5597
3329	0.115569	3845
2099	0.096680	7337
2099	0.096367	2274
2099	0.097446	5430
2099	0.099081	10524
2099	0.100371	207
2099	0.096747	4089
2099	0.097019	5295
2099	0.103545	7329
2099	0.101131	672
2099	0.105913	4193
2099	0.105333	2033
2099	0.098513	3065
2099	0.096514	22938
2099	0.097916	8554
2099	0.096009	5770
2099	0.099471	6714
2099	0.099010	1387
2099	0.101225	6233
2099	0.097766	5594
10114	0.118621	6426
10114	0.122060	2885
10114	0.125983	7157
10114	0.118612	6477
10114	0.125723	7329
10114	0.473108	712
10114	0.119092	3178
10114	0.120789	7341
10114	0.118164	7791
10114	0.122357	367
3725	0.100168	4088
3725	0.100327	7341
3725	0.099393	25
3725	0.098043	3551
3725	0.108539	55294
3725	0.099376	5371
3725	0.105261	7329
3725	0.099819	5925
3725	0.107049	2033
3725	0.104279	2130
3725	0.101895	367
3725	0.100704	1460
3725	0.119266	9063
3725	0.099619	3838
3725	0.100617	2932
3725	0.102848	672
3725	0.098937	23411
3725	0.099632	8554
3725	0.097720	5515
3725	0.098634	5591
3725	0.100726	1387
3725	0.098158	5595
3725	0.099482	5594
3725	0.099191	5599
3725	0.098714	10987
3725	0.102980	7316
3725	0.101970	1457
3725	0.102941	6233
3725	0.118236	5970
3725	0.100810	7186
5501	0.118043	10048
5501	0.118611	7159
5501	0.119728	6790
5501	0.118758	10987
5501	0.472690	712
5501	0.139279	5499
5501	0.120273	3065
5501	0.119676	8554
5501	0.120747	1460
25	0.097054	983
25	0.098756	7874
25	0.098915	1499
25	0.097453	5710
25	0.097309	10971
25	0.100809	2885
25	0.097554	7514
25	0.106260	2033
25	0.098803	1398
25	0.099234	7534
25	0.096937	5770
25	0.099234	7530
25	0.106840	4193
25	0.102058	672
25	0.100415	6733
25	0.097510	26524
25	0.101106	367
25	0.102190	7316
25	0.119553	867
25	0.097629	4137
25	0.097068	472
25	0.102461	1956
25	0.098236	2064
85302	0.097346	6427
85302	0.097548	7159
85302	0.096892	11030
85302	0.100579	2885
85302	0.096764	10241
85302	0.096725	125115
85302	0.097651	84445
85302	0.100295	5987
85302	0.119323	867
85302	0.097593	117178
85302	0.098863	145508
85302	0.099307	7341
85302	0.098006	5347
85302	0.097261	9859
85302	0.097157	373
85302	0.099776	2801
85302	0.098534	166
85302	0.099791	7186
85302	0.097553	4223
2908	0.096748	5591
2908	0.096113	10048
2908	0.098910	10524
2908	0.100009	367
2908	0.100201	207
2908	0.097726	1616
2908	0.097490	5371
2908	0.103375	7329
2908	0.096150	3932
2908	0.096743	3178
2908	0.101364	1956
2908	0.097725	3192
2908	0.098343	3065
2908	0.096510	7337
2908	0.099301	6714
2908	0.097445	3164
2908	0.119026	6449
55294	0.106514	5595
55294	0.110444	207
55294	0.126999	6464
55294	0.125820	3845
55294	0.108509	4609
55294	0.438242	931
55294	0.106851	6625
3122	0.155789	3123
3122	0.475349	931
3122	0.163848	55016
3123	0.128528	55016
3123	0.108766	23390
5371	0.097036	983
5371	0.100508	5987
5371	0.098739	7874
5371	0.098063	4000
5371	0.103065	5335
5371	0.099422	3065
5371	0.099520	7341
5371	0.104715	7157
5371	0.104455	7329
5371	0.097223	5684
5371	0.118459	9063
5371	0.106823	4193
5371	0.098029	6613
5371	0.102443	1956
5371	0.098131	23411
5371	0.098825	8554
5371	0.097589	7337
5371	0.098455	7704
5371	0.097467	1029
5371	0.098806	1616
5371	0.098834	6310
5371	0.101163	1457
5987	0.099282	6477
5987	0.100678	7874
5987	0.099506	6386
5987	0.099853	8440
5987	0.101361	3065
5987	0.100764	8554
5987	0.100483	7321
5987	0.099174	3551
5987	0.102731	2885
5987	0.106654	7157
5987	0.106394	7329
5987	0.100950	5925
5987	0.120398	9063
5987	0.101929	10524
5987	0.108761	4193
5987	0.099071	7334
5987	0.099432	26524
5987	0.100686	166
5987	0.100394	7704
5987	0.099497	6427
5987	0.100463	7322
5987	0.098998	7323
5987	0.099246	51588
5987	0.099308	373
4869	0.096749	7514
4869	0.098732	7341
4869	0.096107	7791
4869	0.096773	4691
4869	0.096504	10971
4869	0.097242	2547
4869	0.103927	7157
4869	0.098223	5925
4869	0.096755	8968
4869	0.105455	2033
4869	0.106035	4193
4869	0.096755	8358
4869	0.099711	7020
4869	0.098557	4609
4869	0.096755	8350
4869	0.096755	8351
4869	0.096755	8352
4869	0.096755	8353
4869	0.096755	8354
4869	0.096755	8355
4869	0.096755	8356
4869	0.096755	8357
4869	0.097040	5591
4869	0.098894	1026
4869	0.098089	6790
4869	0.097120	2316
4869	0.096679	1029
4869	0.100375	1457
4869	0.098017	3192
4869	0.116641	5970
4223	0.096786	7337
4223	0.099187	10524
4223	0.098558	4088
4223	0.097518	3184
4223	0.098355	5300
4223	0.097111	8440
4223	0.097539	10768
4223	0.120697	54413
811	0.095573	351
811	0.096723	5111
811	0.102071	2130
811	0.096249	5597
811	0.096689	7531
811	0.097313	2023
811	0.115256	3845
811	0.097404	3192
811	0.096426	7415
811	0.098705	3315
931	0.442406	639
931	0.437332	4193
931	0.439246	10488
931	0.440253	147872
5105	0.674234	715
29978	0.117544	7337
29978	0.117512	3476
29978	0.119845	56893
29978	0.124669	7157
29978	0.471794	712
29978	0.117777	3178
29978	0.117431	5886
29978	0.118759	3192
29978	0.140625	29979
29978	0.122089	6233
29978	0.117071	55660
29979	0.120617	2597
29979	0.119579	5886
29979	0.119790	6625
29979	0.120242	9146
29979	0.119732	5479
29979	0.120646	7321
29979	0.121993	56893
29979	0.128344	2033
29979	0.120443	10768
29979	0.119219	55660
29979	0.473941	712
29979	0.122175	2286
29979	0.119691	7337
29979	0.461463	2212
29979	0.120626	7322
29979	0.124275	7316
29979	0.120787	7311
29979	0.119537	5710
29979	0.119076	351
29979	0.124236	6233
1991	0.176098	710
9063	0.120979	367
9063	0.121171	207
9063	0.124605	7157
9063	0.117233	6477
9063	0.471730	712
9063	0.124344	7329
9063	0.117919	6613
9063	0.118274	5599
9063	0.117197	51588
9063	0.118715	8554
9063	0.119410	7341
9063	0.117357	1029
9063	0.117259	373
9063	0.119879	2801
10524	0.098436	4188
10524	0.099936	2597
10524	0.098457	983
10524	0.098359	125115
10524	0.099284	84445
10524	0.099227	117178
10524	0.100160	7874
10524	0.100844	3065
10524	0.101410	2801
10524	0.104893	2130
10524	0.106136	7157
10524	0.100433	5925
10524	0.098964	8968
10524	0.102510	367
10524	0.098390	7532
10524	0.098549	580
10524	0.099242	22981
10524	0.103462	672
10524	0.098964	8358
10524	0.099552	23411
10524	0.098964	8350
10524	0.098964	8351
10524	0.098964	8352
10524	0.098964	8353
10524	0.098964	8354
10524	0.098964	8355
10524	0.098964	8356
10524	0.098964	8357
10524	0.099886	60
10524	0.098979	6427
10524	0.099484	4000
10524	0.098395	351
10524	0.098790	373
10524	0.118850	5970
716	0.563046	79001
716	0.979054	715
716	0.626092	710
3937	0.141906	6850
3937	0.121210	2885
3937	0.477109	2209
3937	0.118347	5295
3937	0.139954	867
3937	0.117690	9513
3937	0.122862	1956
3937	0.118334	8440
3937	0.123483	5335
3937	0.119699	7535
3937	0.119636	7534
3937	0.120408	2801
3937	0.119636	7530
714	0.420347	7020
714	0.419921	2286
713	0.497026	9235
713	0.514833	60401
713	0.484931	5970
713	0.819341	712
713	0.491271	4653
712	0.507861	283600
712	0.480900	64841
712	0.473077	7917
712	0.472347	3316
712	0.474771	54413
712	0.471699	5499
712	0.473376	6449
672	0.100664	10048
672	0.100522	472
672	0.100939	1029
672	0.101278	117178
672	0.121900	5499
672	0.102992	7341
672	0.104752	207
672	0.101827	5430
672	0.102016	7321
672	0.101996	7322
672	0.100531	7323
672	0.108187	7157
672	0.100439	26986
672	0.107926	7329
672	0.101793	3184
672	0.102484	5925
672	0.109714	2033
672	0.101299	7415
672	0.104561	367
672	0.103369	1460
672	0.100600	580
672	0.101086	3183
672	0.102285	3838
672	0.100701	3932
672	0.101500	6613
672	0.102297	8554
672	0.102818	4609
672	0.101272	3312
672	0.101300	5591
672	0.100749	2274
672	0.100603	7334
672	0.102349	6790
672	0.105645	7316
672	0.102157	7311
672	0.100870	6772
672	0.103271	23028
672	0.100779	51588
672	0.100743	9513
672	0.102186	2023
672	0.103391	1387
672	0.105606	6233
672	0.100969	1660
710	0.605146	715
710	0.177205	6733
710	0.175521	2023
710	0.175332	3164
710	0.196614	7917
1956	0.102390	2597
1956	0.101998	5111
1956	0.125362	6850
1956	0.100911	983
1956	0.106009	6233
1956	0.101127	3308
1956	0.101789	8440
1956	0.123410	867
1956	0.100794	5770
1956	0.101310	5710
1956	0.102015	9146
1956	0.101417	8352
1956	0.101417	8353
1956	0.104666	2885
1956	0.108590	7157
1956	0.103980	3315
1956	0.101417	8968
1956	0.102660	1398
1956	0.103154	7535
1956	0.103091	7534
1956	0.103091	7530
1956	0.101536	8517
1956	0.101802	5295
1956	0.105155	207
1956	0.101166	10971
1956	0.101417	8358
1956	0.104963	367
1956	0.101417	8350
1956	0.101417	8351
1956	0.104255	6714
1956	0.101675	3312
1956	0.101417	8354
1956	0.101417	8355
1956	0.101417	8356
1956	0.101417	8357
1956	0.101702	5591
1956	0.102752	6790
1956	0.103145	6774
1956	0.121710	6464
1956	0.101272	6772
1956	0.101486	4137
1956	0.102259	5599
1956	0.100849	351
1956	0.106939	5335
1956	0.102093	2064
1956	0.103877	7186
5684	0.096872	5347
5684	0.097702	8945
5684	0.099817	1457
5684	0.096188	1822
5684	0.099051	6733
5684	0.115311	3845
5684	0.096480	7415
5684	0.096089	5710
5684	0.098759	3315
1499	0.098257	5295
1499	0.097694	3064
1499	0.097313	6925
1499	0.099378	8945
1499	0.097564	3551
1499	0.097672	6477
1499	0.104784	7329
1499	0.098897	5315
1499	0.106571	2033
1499	0.101417	367
1499	0.101609	207
1499	0.100139	2932
1499	0.098460	23411
1499	0.097822	26524
1499	0.100710	6714
1499	0.097606	2274
1499	0.100248	1387
1499	0.098089	7159
1499	0.098713	5599
1499	0.119864	867
1499	0.099405	145508
1499	0.117758	5970
1499	0.098547	2064
1499	0.102463	6233
6714	0.123299	6850
6714	0.098767	310
6714	0.100276	60
6714	0.099379	6386
6714	0.104876	5335
6714	0.098730	5770
6714	0.100167	5430
6714	0.099047	3551
6714	0.106526	7157
6714	0.100597	1398
6714	0.102900	367
6714	0.103092	207
6714	0.100132	3190
6714	0.108634	4193
6714	0.099041	3932
6714	0.099720	2316
6714	0.119648	6464
6714	0.121347	867
6714	0.099422	4137
6714	0.101082	6774
6714	0.102209	6733
6714	0.099163	84708
6714	0.100526	2023
6714	0.099740	5295
5515	0.096686	10768
5515	0.095902	3476
5515	0.095696	5595
5515	0.097019	5594
5515	0.099625	207
5515	0.096728	5599
5515	0.095710	3064
5515	0.098155	2932
5515	0.097502	5300
5515	0.097690	4609
5515	0.115774	5970
5515	0.098241	1460
6449	0.119661	5111
6449	0.120362	8554
6449	0.118503	26986
6449	0.119277	7205
6449	0.131280	147872
6449	0.119878	10768
6449	0.119337	3312
6449	0.141344	7917
6449	0.119167	5479
5591	0.096272	988
5591	0.097059	3312
5591	0.097288	2547
5591	0.096494	3551
5591	0.103973	7157
5591	0.103713	7329
5591	0.096802	8968
5591	0.096873	3183
5591	0.100539	207
5591	0.099069	2932
5591	0.096802	8358
5591	0.098604	4609
5591	0.096802	8350
5591	0.096802	8351
5591	0.096802	8352
5591	0.096802	8353
5591	0.096802	8354
5591	0.096802	8355
5591	0.096802	8356
5591	0.096802	8357
5591	0.096611	6426
5591	0.097082	3178
5591	0.097167	2316
5591	0.097642	5599
5591	0.096309	472
5591	0.098529	6774
5591	0.100421	1457
5591	0.098063	3192
5591	0.096755	1660
5595	0.098856	2286
5595	0.097458	5594
5595	0.097351	5315
5595	0.117211	5499
5595	0.098702	1387
6790	0.097345	983
6790	0.118737	5499
6790	0.099357	8945
6790	0.097436	580
6790	0.097544	3551
6790	0.105023	7157
6790	0.104763	7329
6790	0.098629	3184
6790	0.097970	8517
6790	0.101589	207
6790	0.107131	4193
6790	0.097440	7334
6790	0.100706	6733
6790	0.097801	26524
6790	0.098527	5347
6790	0.099385	145508
6790	0.098629	3190
5597	0.096273	10048
5597	0.096670	7337
5597	0.097299	5347
5597	0.096504	22938
5597	0.116917	6464
5597	0.097766	7311
5597	0.097402	3184
5597	0.118888	7917
2316	0.096318	7273
2316	0.097369	2547
2316	0.100428	367
2316	0.098700	4088
2316	0.099343	7186
2316	0.097660	3184
2316	0.097403	4000
2316	0.098144	3192
2316	0.098125	1398
2316	0.096324	6925
2316	0.120840	54413
2316	0.097111	5966
7316	0.101727	5111
7316	0.102343	7874
7316	0.101518	8440
7316	0.101081	5886
7316	0.101744	9146
7316	0.101404	3312
7316	0.102653	8945
7316	0.102148	7321
7316	0.102128	7322
7316	0.104396	2885
7316	0.108319	7157
7316	0.102172	5315
7316	0.109846	2033
7316	0.101266	8517
7316	0.101924	3190
7316	0.110426	4193
7316	0.100833	3932
7316	0.100580	10241
7316	0.103709	3315
7316	0.101193	7337
7316	0.100736	7334
7316	0.101129	6421
7316	0.101511	10987
7316	0.100663	7323
7316	0.123139	867
7316	0.101040	5710
7316	0.102410	1616
7316	0.102318	2023
7316	0.103607	7186
7311	0.098240	5111
7311	0.098855	7874
7311	0.097593	5886
7311	0.098660	7321
7311	0.098640	7322
7311	0.100907	2885
7311	0.104831	7157
7311	0.098458	10768
7311	0.097565	6188
7311	0.097778	8517
7311	0.106938	4193
7311	0.097916	3312
7311	0.097706	7337
7311	0.097641	6421
7311	0.097175	7323
7311	0.097583	1029
7311	0.100119	7186
7311	0.102250	6233
1822	0.095980	4188
1822	0.097481	2597
1822	0.102438	2130
1822	0.096071	11030
1822	0.105208	2033
1822	0.096308	6477
1822	0.096705	7205
1822	0.100129	1457
1822	0.096880	8440
1822	0.095980	7431
1822	0.097713	166
1822	0.118772	7917
1822	0.098862	1460
6607	0.096853	9869
6607	0.098714	23028
6607	0.097370	7704
6607	0.097431	2597
6607	0.095904	10989
6607	0.103630	7157
6607	0.097484	5315
6607	0.097380	60
6607	0.100362	1915
6607	0.118722	7917
6607	0.095837	5859
6607	0.097720	3192
92086	0.126940	4653
6310	0.098780	2597
6310	0.099003	7874
6310	0.099784	7341
6310	0.097160	7791
6310	0.098789	3164
6310	0.097369	11030
6310	0.104719	7329
6310	0.098004	7205
6310	0.097808	8968
6310	0.099050	1398
6310	0.099481	7534
6310	0.098355	7531
6310	0.099481	7530
6310	0.098035	5966
6310	0.112161	639
6310	0.097808	8358
6310	0.099089	8554
6310	0.097808	8350
6310	0.097808	8351
6310	0.097808	8352
6310	0.097808	8353
6310	0.097808	8354
6310	0.097808	8355
6310	0.097808	8356
6310	0.097808	8357
6310	0.097542	2274
6310	0.097253	10989
6310	0.100156	56893
6310	0.100268	7186
3845	0.115102	4188
3845	0.165419	60401
3845	0.115512	22938
3845	0.115650	4691
3845	0.116632	7321
3845	0.474778	2209
3845	0.122542	7329
3845	0.115903	23390
3845	0.115625	7514
3845	0.115702	3183
3845	0.115007	5770
3845	0.119536	1915
3845	0.115614	6421
3845	0.116307	5347
3845	0.115193	11030
3845	0.117246	5300
3845	0.115995	10987
3845	0.115010	5859
84708	0.096135	6426
84708	0.099574	2885
84708	0.097351	5315
84708	0.096697	8440
84708	0.096610	7415
84708	0.095759	10241
84708	0.096152	373
84708	0.098785	7186
3184	0.103224	2130
3184	0.118829	3316
3184	0.096741	10989
3184	0.096788	983
3184	0.096718	26986
3184	0.098072	3190
3184	0.104206	7329
3184	0.098556	3192
3184	0.098216	60
3184	0.097575	3178
3184	0.097277	6421
3184	0.098321	5315
3184	0.099098	4609
3184	0.097366	3183
3184	0.097552	3312
3184	0.099857	3315
373	0.096071	9513
373	0.096143	6477
373	0.103254	7329
373	0.105623	4193
1387	0.099474	5111
1387	0.100712	4088
1387	0.098715	3064
1387	0.098827	5886
1387	0.100871	7341
1387	0.099706	5430
1387	0.099380	2547
1387	0.098586	3551
1387	0.106066	7157
1387	0.105805	7329
1387	0.098893	8968
1387	0.104822	2130
1387	0.102439	367
1387	0.099012	8517
1387	0.102631	207
1387	0.100163	3838
1387	0.108173	4193
1387	0.098893	8358
1387	0.100176	8554
1387	0.100696	4609
1387	0.098893	8350
1387	0.098893	8351
1387	0.098893	8352
1387	0.098893	8353
1387	0.098893	8354
1387	0.098893	8355
1387	0.098893	8356
1387	0.098893	8357
1387	0.101032	1026
1387	0.100025	5594
1387	0.100621	6774
1387	0.098748	6772
1387	0.100157	1616
1387	0.118780	5970
1387	0.103485	6233
2064	0.098113	60
2064	0.098164	2597
2064	0.121137	6850
2064	0.100440	2885
2064	0.098919	6774
2064	0.097577	5295
2064	0.117485	6464
2064	0.097047	6772
2064	0.097563	8440
2064	0.102713	5335
2064	0.098435	1398
2064	0.096633	6925
2064	0.101783	6233
5859	0.095567	7083
5859	0.098035	1026
5859	0.097511	5300
5859	0.098163	2932
5859	0.095308	310
5859	0.096216	84445
5859	0.096176	3178
5859	0.095837	6606
5859	0.097100	166
5859	0.119854	54413
5859	0.098356	7186
5859	0.095850	1660
1660	0.098727	23028
1660	0.095941	988
1660	0.116358	5970
1660	0.096453	6421
1660	0.096510	3309
1660	0.103382	7329
1660	0.097667	7874
1660	0.096751	3178
1660	0.096465	7514
1660	0.097732	3192
1660	0.097248	3190
1660	0.096280	6426
1660	0.097714	1398
1660	0.096558	5479
10048	0.103338	7157
10048	0.096207	1639
10048	0.096530	10987
10048	0.103078	7329
10048	0.097985	4088
10048	0.099123	7020
10048	0.117052	5499
10048	0.099712	367
10048	0.100071	1915
988	0.095736	10971
988	0.095797	6426
988	0.096002	6427
988	0.095969	6421
988	0.095427	3875
988	0.098243	23028
988	0.095893	6188
988	0.116872	5499
988	0.095867	22938
988	0.098433	2801
988	0.097660	7534
988	0.096244	3312
988	0.097660	7530
6850	0.120846	5295
6850	0.124745	2207
6850	0.122189	6774
6850	0.121059	9146
6850	0.489309	2214
6850	0.142454	867
6850	0.120530	4137
6850	0.125983	5335
6850	0.479609	2209
6850	0.124007	367
6850	0.128557	916
6850	0.121088	7013
6850	0.120148	3932
983	0.096029	4691
983	0.097516	8945
983	0.095595	580
983	0.103182	7157
983	0.099630	1457
983	0.102921	7329
983	0.097478	5925
983	0.096598	23411
983	0.099556	367
983	0.104710	2033
983	0.098573	3315
125115	0.096824	7704
125115	0.095793	22938
125115	0.095497	580
125115	0.097527	5300
125115	0.097182	3838
125115	0.096175	117178
125115	0.095927	6427
125115	0.097116	166
125115	0.096509	9146
84445	0.097115	22981
84445	0.096717	22938
84445	0.096399	11030
84445	0.100085	2885
84445	0.120378	7597
84445	0.098106	3838
84445	0.096523	3932
84445	0.097209	8440
84445	0.096786	26524
84445	0.096852	6427
84445	0.098370	145508
84445	0.099297	7186
7874	0.103642	2130
7874	0.097229	7323
7874	0.104885	7157
7874	0.106992	4193
7874	0.098198	6613
7874	0.099531	4088
7874	0.098976	1616
7874	0.099690	7341
7874	0.099182	5925
7874	0.101259	367
7874	0.117599	5970
7874	0.102304	6233
7791	0.102781	7329
7791	0.096066	7205
7791	0.096457	23411
7791	0.095341	7431
7791	0.096668	10768
7791	0.098432	3315
7791	0.095957	5479
6386	0.102470	2130
6386	0.097061	4000
6386	0.096341	6477
6386	0.096612	3183
6386	0.096472	9859
6386	0.095975	10241
6386	0.097745	166
6386	0.096770	5966
6386	0.096115	55660
8440	0.096616	9513
8440	0.099743	6733
8440	0.097085	7205
8440	0.097666	3190
8440	0.096330	6925
8440	0.096819	9859
8440	0.104985	916
8440	0.097116	5966
5499	0.118684	8554
5499	0.118324	60
5499	0.118428	5315
5499	0.117333	9859
5499	0.118215	5430
5499	0.117620	7159
5499	0.124575	7157
5499	0.117443	1639
5499	0.118871	5925
5499	0.117396	7514
5499	0.118645	1398
5499	0.117949	7531
5499	0.119756	1460
5499	0.121140	207
5499	0.117352	26524
5499	0.117385	6421
5499	0.117680	22981
5499	0.118534	5594
5499	0.119130	6774
4653	0.129290	3958
4653	0.126940	3543
4653	0.123769	5315
4653	0.123665	60
4653	0.123716	2597
4653	0.126648	1915
3309	0.100176	1457
3309	0.098904	56893
3309	0.096701	6625
3309	0.097043	2547
3309	0.096265	3308
3309	0.100294	207
3309	0.099804	2885
3309	0.096463	6188
3309	0.097818	3192
3309	0.097355	10768
3309	0.096813	3312
3309	0.099118	3315
3309	0.098909	1460
3309	0.101148	6233
3309	0.096643	5479
9859	0.096726	22981
9859	0.097980	145508
9859	0.096488	1639
9859	0.099302	6733
9859	0.099696	2885
9859	0.116740	6464
9859	0.118440	867
9859	0.096644	7205
4137	0.102514	2130
4137	0.097426	5599
4137	0.096625	1639
4137	0.100205	1457
4137	0.098852	2932
4137	0.105285	2033
4137	0.096016	351
4137	0.097567	7322
4137	0.100323	207
4137	0.098258	7534
4137	0.098258	7530
4137	0.101177	6233
9146	0.099462	56893
9146	0.096554	3875
9146	0.104026	7329
9146	0.096982	200728
9146	0.099091	7341
9146	0.098319	166
9146	0.097891	3190
200728	0.095760	5770
200728	0.096770	5295
200728	0.097183	10768
10971	0.098614	56893
10971	0.098828	3315
10971	0.096529	117178
10971	0.118258	867
10971	0.095706	3875
10971	0.095738	7431
10971	0.097939	7534
10971	0.096813	7531
10971	0.097939	7530
10971	0.100858	6233
10971	0.095692	7532
3476	0.096341	6426
3476	0.103078	3958
3476	0.097532	7321
3476	0.102461	2130
3476	0.096386	6772
3476	0.097017	6613
3476	0.105231	2033
3476	0.099094	3315
2547	0.097584	5111
2547	0.098822	4088
2547	0.096826	3064
2547	0.097524	4000
2547	0.097004	8968
2547	0.105704	2033
2547	0.098678	7534
2547	0.098678	7530
2547	0.106284	4193
2547	0.097004	8358
2547	0.097591	23411
2547	0.097004	8350
2547	0.097004	8351
2547	0.097004	8352
2547	0.097004	8353
2547	0.097004	8354
2547	0.097004	8355
2547	0.097004	8356
2547	0.097004	8357
2547	0.100624	1457
2547	0.098266	3192
2547	0.097781	3190
6188	0.096116	3551
6188	0.103596	7157
6188	0.101015	6233
6188	0.105703	4193
6188	0.096703	3178
6188	0.100044	1457
6188	0.097685	3192
6188	0.098401	7341
6188	0.116310	5970
6188	0.098883	7186
11030	0.102008	2130
11030	0.097694	5300
11030	0.097349	3838
11030	0.095807	9513
11030	0.097283	166
5315	0.098515	2597
5315	0.097484	6606
5315	0.096955	310
5315	0.098169	7013
5315	0.103471	2130
5315	0.100105	3315
5315	0.097543	8968
5315	0.106242	2033
5315	0.097364	3064
5315	0.097543	8358
5315	0.097543	8350
5315	0.097543	8351
5315	0.097543	8352
5315	0.097543	8353
5315	0.097543	8354
5315	0.097543	8355
5315	0.097543	8356
5315	0.097543	8357
5315	0.097214	7083
5315	0.099682	1026
5315	0.101447	1915
5315	0.099158	5300
5315	0.098320	3190
5315	0.117429	5970
8968	0.097098	5111
8968	0.096226	3308
8968	0.096339	3064
8968	0.097037	4000
8968	0.096790	23390
8968	0.105217	2033
8968	0.098191	7534
8968	0.098191	7530
8968	0.096102	580
8968	0.095957	3875
8968	0.096912	9869
8968	0.097105	23411
8968	0.098773	23028
919	0.103596	7535
919	0.109955	916
919	0.122152	6464
919	0.152619	952
919	0.101546	3932
7431	0.096384	9869
7431	0.098128	1026
7431	0.099726	207
7431	0.099238	2885
7431	0.095402	310
7431	0.098256	2932
7431	0.095429	3875
7431	0.096475	6613
7431	0.095753	51588
7431	0.098552	3315
1398	0.098280	4000
1398	0.099293	145508
1398	0.100322	3315
1398	0.098144	5295
1398	0.118053	6464
1398	0.119752	867
1398	0.104932	7157
1398	0.101305	367
1398	0.098601	5599
1398	0.097753	7514
7535	0.099236	7322
7535	0.149014	952
7535	0.118547	6464
7535	0.120246	867
7535	0.097940	3932
7535	0.106350	916
7534	0.100753	3315
7534	0.098453	117178
7534	0.106890	2033
7534	0.098474	7415
7534	0.098738	7531
7534	0.097617	7532
7534	0.101928	207
7534	0.098191	8358
7534	0.099472	8554
7534	0.098191	8350
7534	0.098191	8351
7534	0.098191	8352
7534	0.098191	8353
7534	0.098191	8354
7534	0.098191	8355
7534	0.098191	8356
7534	0.098191	8357
7534	0.098237	7337
7534	0.099031	5599
7534	0.098554	10987
7534	0.120183	867
7534	0.099361	2023
7534	0.102782	6233
64841	0.126192	7334
916	0.155373	952
7531	0.097111	7337
7531	0.098036	2597
7531	0.119056	867
7531	0.097281	7159
7531	0.104236	7157
7531	0.097058	7514
7531	0.097014	26524
7531	0.099627	3315
7531	0.098738	7530
7531	0.096491	7532
7530	0.100753	3315
7530	0.098453	117178
7530	0.106890	2033
7530	0.098474	7415
7530	0.097617	7532
7530	0.101928	207
7530	0.098191	8358
7530	0.099472	8554
7530	0.098191	8350
7530	0.098191	8351
7530	0.098191	8352
7530	0.098191	8353
7530	0.098191	8354
7530	0.098191	8355
7530	0.098191	8356
7530	0.098191	8357
7530	0.098237	7337
7530	0.099031	5599
7530	0.098554	10987
7530	0.120183	867
7530	0.099361	2023
7530	0.102782	6233
5966	0.096479	2274
5966	0.098251	8945
5966	0.098625	3065
5966	0.099993	2885
5966	0.097586	5599
5966	0.096454	3308
5966	0.097949	166
5966	0.116631	5970
7532	0.095375	351
7532	0.103115	7157
7532	0.096307	10987
7532	0.095383	3875
7532	0.117936	867
7532	0.096570	7013
7532	0.096916	2597
7532	0.095893	26524
7532	0.095367	26986
7532	0.100535	6233
8517	0.116522	5970
8517	0.098775	1026
8517	0.098903	2932
8517	0.096898	117178
8517	0.096076	3875
8517	0.096328	3551
8517	0.101227	6233
8517	0.098438	4609
8517	0.096516	22938
8517	0.096069	10241
8517	0.100540	1915
8517	0.099096	7186
3958	0.426594	2213
3958	0.102649	580
3958	0.426594	9103
3958	0.105510	2801
580	0.098548	2801
580	0.102031	2130
580	0.103274	7157
580	0.096173	3183
580	0.096102	8358
580	0.098632	2286
580	0.097384	8554
580	0.096102	8350
580	0.096102	8351
580	0.096102	8352
580	0.096102	8353
580	0.096102	8354
580	0.096102	8355
580	0.096102	8356
580	0.096102	8357
580	0.096496	9869
580	0.096117	6427
580	0.095866	51588
2932	0.099756	2597
2932	0.099169	5295
2932	0.098493	3308
2932	0.121048	7917
2932	0.100290	8945
2932	0.099785	7321
2932	0.105956	7157
2932	0.101137	1460
2932	0.102522	207
2932	0.108064	4193
2932	0.100066	8554
2932	0.100586	4609
2932	0.098160	5770
2932	0.102689	1915
2932	0.098767	6421
2932	0.099916	5594
2932	0.103618	11161
4193	0.107078	8554
4193	0.105720	1029
4193	0.112708	7329
4193	0.107676	3065
4193	0.107773	7341
4193	0.107935	1026
4193	0.105883	5479
4193	0.106797	7321
4193	0.108145	56893
4193	0.112968	7157
4193	0.107265	5925
4193	0.114496	2033
4193	0.109342	367
4193	0.109534	207
4193	0.106191	9869
4193	0.106472	5347
4193	0.105746	26524
4193	0.109701	1915
4193	0.105843	7337
4193	0.106778	7322
4193	0.105689	5710
4193	0.105303	472
4193	0.107060	1616
4193	0.125683	5970
4193	0.110388	6233
2286	0.101395	56893
2286	0.102296	2885
2286	0.100219	2023
2286	0.121311	7917
2286	0.099135	5479
8358	0.097098	5111
8358	0.096226	3308
8358	0.096339	3064
8358	0.097037	4000
8358	0.096790	23390
8358	0.105217	2033
8358	0.095957	3875
8358	0.096912	9869
8358	0.097105	23411
8358	0.098773	23028
7020	0.099208	2274
7020	0.105402	2130
7020	0.106646	7157
7020	0.106385	7329
7020	0.103094	1457
7020	0.108173	2033
7020	0.100755	8554
7020	0.119360	5970
7020	0.101827	1460
23411	0.097685	5111
23411	0.097105	8351
23411	0.096985	22938
23411	0.103034	2130
23411	0.104276	7157
23411	0.104016	7329
23411	0.098573	5925
23411	0.100650	367
23411	0.099458	1460
23411	0.100842	207
23411	0.098907	4609
23411	0.097105	8350
23411	0.097105	8352
23411	0.097105	8353
23411	0.097105	8354
23411	0.097105	8355
23411	0.097105	8356
23411	0.097105	8357
23411	0.097945	5599
23411	0.100724	1457
23411	0.116991	5970
6233	0.101689	5111
6233	0.101032	1029
6233	0.101043	5886
6233	0.101001	5710
6233	0.102614	8945
6233	0.102109	7321
6233	0.102090	7322
6233	0.100625	7323
6233	0.108281	7157
6233	0.109808	2033
6233	0.101392	7415
6233	0.104846	207
6233	0.100697	7334
6233	0.101594	6613
6233	0.101058	26524
6233	0.102911	4609
6233	0.100542	10241
6233	0.101155	7337
6233	0.103247	1026
6233	0.100554	10989
6233	0.123101	867
6233	0.103569	7186
9869	0.096324	310
9869	0.096853	6606
9869	0.119175	7917
9869	0.100649	207
9869	0.103823	7329
9869	0.097184	23390
9869	0.097397	6613
9869	0.096912	8350
9869	0.096912	8351
9869	0.096912	8352
9869	0.096912	8353
9869	0.096912	8354
9869	0.096912	8355
9869	0.096912	8356
9869	0.096912	8357
9869	0.096583	7083
9869	0.099050	1026
9869	0.099167	23028
9869	0.096675	51588
5479	0.111392	79001
5479	0.097576	2597
5479	0.097185	5111
5479	0.098952	56893
5479	0.102533	2130
5479	0.097775	2023
8351	0.097098	5111
8351	0.096226	3308
8351	0.096339	3064
8351	0.097037	4000
8351	0.096790	23390
8351	0.105217	2033
8351	0.095957	3875
8351	0.098773	23028
8352	0.097098	5111
8352	0.096226	3308
8352	0.096339	3064
8352	0.097037	4000
8352	0.096790	23390
8352	0.105217	2033
8352	0.095957	3875
8352	0.098773	23028
3312	0.097747	2597
3312	0.097696	60
3312	0.096483	3308
3312	0.096198	26986
3312	0.097058	7415
3312	0.128756	9235
3312	0.099336	3315
3312	0.097615	5599
3312	0.096281	472
3312	0.097945	2023
8354	0.097098	5111
8354	0.096226	3308
8354	0.096339	3064
8354	0.097037	4000
8354	0.096790	23390
8354	0.105217	2033
8354	0.095957	3875
8354	0.098773	23028
8355	0.097098	5111
8355	0.096226	3308
8355	0.096339	3064
8355	0.097037	4000
8355	0.096790	23390
8355	0.105217	2033
8355	0.095957	3875
8355	0.098773	23028
8356	0.097098	5111
8356	0.096226	3308
8356	0.096339	3064
8356	0.097037	4000
8356	0.096790	23390
8356	0.105217	2033
8356	0.095957	3875
8356	0.098773	23028
3316	0.117486	7273
3316	0.119023	2597
3316	0.117785	2274
3316	0.118091	1639
3316	0.118972	60
3316	0.119222	2023
3316	0.121955	1915
7273	0.095687	2274
7273	0.095967	6427
7273	0.097084	5594
7273	0.101881	2130
7273	0.095365	310
7273	0.102864	7329
7273	0.098807	6733
7273	0.097124	2023
7704	0.097163	2274
7704	0.097100	7083
7704	0.096841	310
7704	0.097251	3064
7704	0.100974	367
7704	0.099247	4088
7704	0.104341	7329
7704	0.098897	5925
7704	0.099568	1026
7704	0.106129	2033
7704	0.097370	6606
7704	0.099406	7341
7704	0.129411	9235
7704	0.099875	2801
7704	0.101333	1915
7704	0.098055	7013
7704	0.099889	7186
6427	0.096550	4691
6427	0.102461	2130
6427	0.098065	145508
6427	0.096572	1639
6427	0.099386	6733
6427	0.098880	56893
6427	0.100152	1457
6427	0.096466	5886
6427	0.095973	6925
6427	0.096341	6426
6427	0.098978	2801
6427	0.096526	7514
6427	0.097345	5430
10989	0.095634	7083
10989	0.095945	6421
10989	0.098310	56893
10989	0.099867	1915
10989	0.097232	3838
10989	0.098219	23028
10989	0.095727	51588
10989	0.104662	2033
10989	0.095904	6606
10989	0.118226	7917
3551	0.116096	5970
3551	0.097715	8945
3551	0.103382	7157
3551	0.096574	10987
3551	0.096031	3064
3551	0.096885	5347
3551	0.099947	207
3551	0.098669	7186
64852	0.129294	9235
3500	0.706308	2215
10987	0.096994	4089
10987	0.103792	7329
10987	0.097078	7205
10987	0.108074	10488
10987	0.097165	7415
6772	0.096365	7514
6772	0.116258	5970
6772	0.097654	8554
6772	0.098100	6774
6772	0.096412	1639
6772	0.103284	7329
6772	0.105071	2033
7597	0.119530	4188
7597	0.119792	2274
7597	0.122519	7186
7597	0.488906	2214
51588	0.096394	4089
51588	0.095715	10241
51588	0.103453	7157
51588	0.096103	3064
51588	0.103192	7329
51588	0.096767	6613
51588	0.098099	4088
51588	0.098258	7341
51588	0.095723	6925
51588	0.095721	3875
51588	0.116168	5970
51588	0.095855	55660
145508	0.098328	22981
145508	0.098862	5430
145508	0.098268	7159
145508	0.098849	10768
145508	0.105222	7157
145508	0.098313	117178
145508	0.120042	867
145508	0.098247	7205
145508	0.098000	26524
145508	0.098725	5347
2209	0.824512	2214
2209	0.475957	6464
2209	0.477657	867
5970	0.118222	4088
5970	0.116517	4089
5970	0.116113	3308
5970	0.115845	6925
5970	0.117385	3164
5970	0.116548	6625
5970	0.117216	5430
5970	0.118283	3065
5970	0.117909	8945
5970	0.117404	7321
5970	0.115919	7323
5970	0.117667	1616
5970	0.125103	2033
5970	0.119949	367
5970	0.117385	7322
5970	0.117673	3838
5970	0.117608	166
5970	0.116621	7159
5970	0.118131	6774
5970	0.115910	472
5970	0.120024	1457
4188	0.101917	2130
4188	0.097258	3838
4188	0.097604	5300
2597	0.098070	5111
2597	0.096902	310
2597	0.097431	6606
2597	0.098116	7013
2597	0.097290	6477
2597	0.101035	367
2597	0.097311	3064
2597	0.101394	1915
2597	0.097160	7083
2597	0.098622	5594
2597	0.098660	2023
6477	0.097318	7321
6477	0.096534	7159
6477	0.095833	7323
6477	0.098045	6774
6477	0.095906	7334
6477	0.103229	7329
6477	0.097599	8554
6477	0.097298	7322
117178	0.098285	8945
117178	0.096998	7159
117178	0.103952	7157
117178	0.099036	23028
117178	0.098043	1616
117178	0.096729	26524
117178	0.096977	7205
60	0.097110	7083
60	0.097380	6606
60	0.101343	1915
60	0.096851	310
60	0.100293	6733
60	0.099241	4609
60	0.099577	1026
60	0.106138	2033
60	0.100984	367
60	0.099792	1460
8350	0.097098	5111
8350	0.096226	3308
8350	0.096339	3064
8350	0.097037	4000
8350	0.096790	23390
8350	0.105217	2033
8350	0.095957	3875
8350	0.098773	23028
147872	0.110974	23028
5335	0.425569	2213
5335	0.105776	207
5335	0.105287	2885
5335	0.105943	1915
5335	0.425569	9103
5335	0.124031	867
5335	0.101725	3932
5335	0.103300	3192
5335	0.105584	367
6606	0.098714	23028
6606	0.103630	7157
6606	0.100362	1915
6606	0.118722	7917
6606	0.097720	3192
7341	0.099075	5111
7341	0.097936	6925
7341	0.104423	2130
7341	0.105666	7157
7341	0.097918	26986
7341	0.105405	7329
7341	0.099963	5925
7341	0.098565	3183
7341	0.102040	367
7341	0.099776	8554
7341	0.099757	1616
6925	0.102870	7329
6925	0.097574	5300
6925	0.097222	1616
6925	0.098098	1026
6925	0.096940	3164
6925	0.097162	166
3164	0.099317	4088
3164	0.101236	207
3164	0.104670	7157
3164	0.097005	472
3164	0.099226	6774
3164	0.106198	2033
3164	0.098339	5599
2801	0.098844	22938
2801	0.100226	1616
2801	0.105874	7329
2801	0.101219	23028
2801	0.100578	5300
2801	0.099236	23390
2801	0.107662	2033
2801	0.100167	166
2801	0.098403	3875
7917	0.118193	310
7917	0.124710	2130
7917	0.119065	7415
7917	0.121134	1460
7917	0.118355	55660
7917	0.120919	1026
7917	0.119754	259197
7917	0.118452	7083
7917	0.119456	5347
7917	0.121129	56893
7917	0.120396	5300
7013	0.096651	472
7013	0.099400	23028
8353	0.097098	5111
8353	0.096226	3308
8353	0.096339	3064
8353	0.097037	4000
8353	0.096790	23390
8353	0.105217	2033
8353	0.095957	3875
8353	0.098773	23028
8945	0.098136	4089
8945	0.098698	5347
8945	0.105194	7157
8945	0.097915	5710
8945	0.098094	3183
8945	0.099825	4609
8945	0.098800	3190
8945	0.099004	7322
7159	0.097013	22981
7159	0.096166	351
7159	0.099983	2885
7159	0.103906	7157
7159	0.100639	1915
7159	0.096684	26524
7159	0.097410	5347
7159	0.099088	1460
2885	0.100151	5295
2885	0.120058	6464
2885	0.100969	166
2885	0.099784	4691
2885	0.100578	5430
2885	0.101234	5925
2885	0.108465	2033
2885	0.100049	7415
2885	0.103311	367
2885	0.100936	2023
2885	0.101035	3838
2885	0.099836	3183
2885	0.121758	867
2885	0.100543	3190
7157	0.103683	7514
7157	0.105569	3065
7157	0.105507	4088
7157	0.103101	310
7157	0.104971	8554
7157	0.104364	5347
7157	0.105945	23028
7157	0.104952	1616
7157	0.103612	1029
7157	0.103196	472
7157	0.112389	2033
7157	0.107235	367
7157	0.106042	1460
7157	0.103736	7337
7157	0.103511	3064
7157	0.103967	22981
7157	0.104959	3838
7157	0.107309	1457
7157	0.103277	7334
7157	0.104175	6613
7157	0.110600	7329
7157	0.106251	3315
7157	0.103498	6426
7157	0.104821	5594
7157	0.104530	5599
7157	0.105304	5300
7157	0.105828	1026
7157	0.103360	7083
1639	0.100295	207
26986	0.096718	3190
26986	0.096221	3178
26986	0.097202	3192
26986	0.095821	22938
26986	0.099845	1915
23390	0.096670	22938
23390	0.100694	1915
23390	0.097174	5295
23390	0.098053	1616
23390	0.096611	3064
23390	0.096790	8357
7514	0.099073	3315
7514	0.097287	3190
7514	0.103422	7329
3315	0.098789	3308
3315	0.099014	5886
3315	0.098960	22938
3315	0.098654	55660
3315	0.102817	207
3315	0.098519	3875
3315	0.102984	1915
3315	0.098668	7334
3315	0.100343	1616
3315	0.100341	3192
7415	0.100539	207
7415	0.097578	3190
5770	0.097620	6774
5770	0.099513	1457
5770	0.097155	3192
310	0.096931	7321
310	0.099834	1915
310	0.100764	11161
22981	0.102724	2130
22981	0.096745	26524
22981	0.097471	5347
639	0.112153	8554
6426	0.102255	2130
6426	0.096606	3178
6426	0.099181	6733
6426	0.097588	3192
6426	0.097104	3190
6426	0.097125	10768
6426	0.096472	6625
6613	0.102932	2130
6613	0.098471	5925
6613	0.096926	1029
6613	0.103914	7329
6613	0.098266	1616
6613	0.105702	2033
6613	0.098284	8554
6613	0.097801	10768
6613	0.099356	1460
3178	0.096779	6421
3178	0.097317	4000
3178	0.100701	1915
3178	0.103708	7329
3178	0.099652	6733
3178	0.098058	3192
3178	0.097574	3190
26524	0.100012	367
26524	0.098605	1026
4609	0.100138	4088
4609	0.105231	7329
4609	0.099788	5925
4609	0.107019	2033
4609	0.099589	3838
4609	0.099451	5594
4609	0.099160	5599
4609	0.100575	23028
4609	0.099935	5300
4609	0.101940	1457
9235	0.128644	6625
166	0.099539	4088
166	0.100575	6733
166	0.100181	7186
166	0.101267	367
166	0.097155	10241
10241	0.095678	9513
10241	0.116243	6464
10241	0.098410	7186
1915	0.100535	4089
1915	0.101234	5430
1915	0.102560	1026
1915	0.102769	56893
1915	0.101198	3190
1915	0.124379	54413
1915	0.100093	7083
6421	0.096233	2274
6421	0.100120	1457
6421	0.103411	7329
6421	0.098755	23028
6421	0.096571	3183
2213	0.424881	11161
2212	0.460328	867
7083	0.101022	11161
5347	0.105892	2033
5347	0.098807	5300
367	0.101881	4088
367	0.101345	8554
367	0.100875	5430
367	0.101942	3065
367	0.106974	7329
367	0.101531	5925
367	0.108762	2033
367	0.099749	3932
367	0.100109	7337
367	0.099797	2274
367	0.120356	6464
367	0.102319	23028
367	0.101326	1616
367	0.100447	5295
2214	0.516124	952
1029	0.096459	4691
1029	0.097021	5111
1029	0.103352	7329
1029	0.097281	5599
1029	0.097702	3192
1029	0.097703	1616
867	0.118894	5295
867	0.119491	7322
867	0.169269	952
867	0.117949	3875
867	0.120237	6774
867	0.119350	5599
5710	0.096456	7337
5710	0.097208	10768
5710	0.096343	5886
5710	0.096231	3064
6774	0.098630	5295
6774	0.100124	3065
6774	0.099507	1616
6774	0.099713	5925
6774	0.106944	2033
6774	0.097931	3932
6774	0.097978	2274
6774	0.100384	1026
6774	0.099085	5599
6774	0.100500	23028
1026	0.099237	5111
1026	0.098769	4089
1026	0.100535	3065
1026	0.099657	7321
1026	0.102393	207
1026	0.099433	3190
2023	0.098269	5111
2274	0.097383	5594
5111	0.097031	5886
5111	0.097910	5430
5111	0.103026	2130
5111	0.096613	7323
5111	0.105797	2033
5111	0.097098	8357
5111	0.096686	7334
3308	0.096226	8357
3308	0.096273	7337
3308	0.099846	1457
3308	0.097003	3190
4088	0.098448	4089
4088	0.100215	3065
4088	0.098216	22938
4088	0.098480	6625
4088	0.100683	56893
4088	0.107035	2033
4088	0.102073	207
4088	0.099467	5594
4088	0.099176	5599
4088	0.099112	3190
4088	0.099950	5300
4089	0.100368	207
4089	0.102559	2130
4089	0.096776	6625
4089	0.103542	7329
4089	0.097893	1616
4089	0.105330	2033
4089	0.116923	6464
4089	0.097912	8554
4089	0.096511	22938
4089	0.096204	55660
5295	0.100639	207
5295	0.096724	3064
5295	0.117195	6464
5295	0.098781	3065
9103	0.424881	11161
5886	0.096497	7337
5886	0.098799	56893
5886	0.102380	2130
5886	0.096648	7205
5886	0.105151	2033
5886	0.098911	7186
3065	0.105308	7329
3065	0.099865	5925
3065	0.107096	2033
3065	0.100653	23028
3065	0.099660	1616
3065	0.102017	1457
3065	0.100012	5300
3064	0.095913	55660
3064	0.097621	8554
3064	0.096339	8357
6625	0.100282	1457
6625	0.097439	3190
6625	0.099517	6733
6625	0.097923	3192
6625	0.096236	55660
5430	0.100949	1457
5430	0.096836	472
5430	0.098591	3192
79001	0.122498	10488
472	0.097287	1616
5599	0.106057	2033
5599	0.101096	207
5599	0.096789	351
7321	0.097564	7337
7321	0.098499	7322
7321	0.098317	10768
2130	0.111146	2033
2130	0.102020	55660
2130	0.103716	3838
2130	0.102174	9513
2130	0.104906	7186
7323	0.096079	7337
7323	0.099653	1457
1616	0.104691	7329
1616	0.097661	22938
1616	0.097799	4691
1616	0.101400	1457
7329	0.103948	4000
7329	0.104410	7322
7329	0.104897	5925
7329	0.112128	2033
7329	0.105782	1460
7329	0.103002	55660
7329	0.103499	3183
7329	0.104710	8554
7329	0.105684	23028
7329	0.104690	3192
7329	0.102859	351
7329	0.104206	3190
7205	0.098329	5300
7205	0.097513	10768
10488	0.112544	11161
5925	0.106685	2033
5925	0.118279	6464
5925	0.100241	23028
2033	0.107677	7186
2033	0.108954	207
2033	0.536011	715
2033	0.106486	3838
2033	0.104656	3875
2033	0.105217	8357
2033	0.106348	5594
2033	0.108837	1457
2033	0.106478	3192
2033	0.107570	1460
3183	0.098203	5300
3183	0.099442	6733
3183	0.100208	1457
3183	0.097858	3838
3183	0.096316	9513
10768	0.099664	56893
10768	0.100170	6733
10768	0.098297	7322
8357	0.097037	4000
8357	0.095957	3875
8357	0.098773	23028
55660	0.099711	1457
55660	0.098439	56893
55660	0.097373	8554
4691	0.100156	1457
4691	0.099390	6733
4691	0.097056	4000
4691	0.097312	3190
351	0.116241	6464
351	0.097563	5300
207	0.101537	8554
207	0.103875	1457
3838	0.097226	3875
56893	0.100480	5300
56893	0.101325	7186
1460	0.102490	1457
1460	0.098557	3932
3875	0.116250	6464
3875	0.097218	3192
6733	0.099891	4000
6733	0.099100	9513
6733	0.100149	3190
8554	0.101419	1457
3932	0.096250	7337
3932	0.097335	5594
7337	0.097545	7322
5594	0.117942	6464
7334	0.098566	7186
3192	0.098556	3190
9513	0.098705	7186
5300	0.100592	7186
