2213 4.000000 0.000000e+00
2212 3.000000 0.000000e+00
2215 2.000000 0.000000e+00
2214 5.000000 0.000000e+00
2209 7.000000 0.000000e+00
715 5.000000 0.000000e+00
714 3.000000 0.000000e+00
713 6.000000 0.000000e+00
712 14.000000 0.000000e+00
9103 4.000000 0.000000e+00
716 4.000000 0.000000e+00
931 7.000000 0.000000e+00
3958 2 8.351207e-01
5335 2 8.351207e-01
11161 2 8.351207e-01
867 2 3.607670e-02
29979 2 3.607670e-02
710 2 1.167600e-03
6850 2 3.607670e-02
55294 1 5.970011e-01
147872 1 3.282117e-01
54413 1 3.607670e-02
4193 1 5.970011e-01
3316 1 1.251470e-01
639 1 3.282117e-01
3937 1 1.251470e-01
60401 1 3.692900e-03
952 1 3.692900e-03
3500 1 2.209000e-04
79001 1 3.282117e-01
64841 1 1.097220e-02
2214 1 0.000000e+00
716 1 0.000000e+00
7020 1 8.351207e-01
5105 1 7.287000e-04
5970 1 1.251470e-01
9063 1 1.251470e-01
2033 1 5.970011e-01
9235 1 5.733800e-03
4653 1 3.607670e-02
283600 1 1.621500e-03
6464 1 1.251470e-01
715 1 0.000000e+00
2286 1 8.351207e-01
7917 1 3.607670e-02
6449 1 3.607670e-02
3845 1 1.251470e-01
10114 1 3.607670e-02
5499 1 1.251470e-01
5501 1 3.607670e-02
29978 1 1.251470e-01
2209 1 0.000000e+00
7597 1 3.607670e-02
3122 1 3.692900e-03
10488 1 5.970011e-01
713 1 0.000000e+00
712 1 0.000000e+00
