#Id Score P-value
5468 1.000000 0.0
85441 0.712040 7.62e-05
247 0.629147 7.62e-05
2134 0.608979 7.62e-05
221895 0.533996 7.62e-05
26137 0.518372 7.62e-05
4488 0.341426 0.0001528
4929 0.330052 0.0001528
9326 0.329028 0.0001528
9603 0.324236 0.0001528
9214 0.320222 0.0001528
8031 0.313802 0.0002223
2168 0.310810 0.0002223
7141 0.310264 0.0002223
6857 0.310060 0.0002223
26287 0.309778 0.0002981
84885 0.304146 0.0002981
6257 0.300939 0.0002981
79842 0.290962 0.0002981
10002 0.290393 0.0002981
23764 0.288900 0.0002981
9925 0.284299 0.0002981
190 0.280603 0.0002981
113179 0.279854 0.0002981
84838 0.263238 0.0002981
7975 0.257648 0.0002981
4582 0.255118 0.0002981
225689 0.251503 0.0002981
195814 0.249095 0.0002981
9325 0.247804 0.0002981
10891 0.243951 0.0002981
115950 0.242954 0.0002981
9314 0.233193 0.0002981
8648 0.229534 0.0002981
60468 0.228150 0.0002981
2063 0.225615 0.0002981
92002 0.224396 0.0002981
221037 0.221327 0.0002981
8431 0.219808 0.0002981
51701 0.217983 0.0002981
4135 0.215221 0.0002981
3492 0.213583 0.0002981
10902 0.213171 0.0002981
51102 0.212944 0.0002981
8204 0.212285 0.0002981
284312 0.211214 0.0002981
688 0.209150 0.0004445
64324 0.208364 0.0004445
23019 0.204123 0.0004445
80032 0.204054 0.0004445
9612 0.204027 0.0004445
23054 0.201784 0.0004445
221504 0.200717 0.0004445
253980 0.199789 0.0004445
3159 0.199355 0.0004445
3832 0.198281 0.0004445
10499 0.196899 0.0004445
113201 0.195788 0.0004445
79812 0.195788 0.0004445
8202 0.195408 0.0004445
6256 0.193710 0.0004445
5469 0.191706 0.0004445
4793 0.190865 0.0004445
57409 0.190455 0.0004445
29109 0.189636 0.0005187
23426 0.187514 0.0005187
2308 0.187431 0.0005187
5495 0.187152 0.0005187
8721 0.187048 0.0005187
50805 0.185970 0.0005187
3235 0.185567 0.0005187
55809 0.183501 0.0005187
9611 0.182299 0.0005187
91137 0.178829 0.0007334
100528030 0.178146 0.0007334
8693 0.178146 0.0007334
6604 0.177965 0.0007334
51201 0.177655 0.0007334
3164 0.176489 0.0007334
3171 0.174798 0.0007334
6840 0.173799 0.0007334
7181 0.172874 0.0007334
547 0.172842 0.0007334
7702 0.172221 0.0007334
8841 0.171239 0.0007334
10048 0.170755 0.0007334
2018 0.170408 0.0007334
117154 0.169710 0.0007334
5929 0.169491 0.0007334
5128 0.169392 0.0007334
1071 0.169273 0.0007334
8554 0.167992 0.0007334
2648 0.167621 0.0007334
1020 0.167373 0.0007334
1387 0.166936 0.0007334
5371 0.166334 0.0007334
5629 0.165885 0.0007334
10957 0.165766 0.0007334
9935 0.165620 0.0007334
10987 0.165585 0.0007334
8805 0.165455 0.0007334
3725 0.165208 0.0007334
9070 0.164806 0.0007334
871 0.161578 0.0007334
5578 0.161284 0.0007334
857 0.161139 0.0007334
5970 0.160867 0.0007334
2033 0.160760 0.0007334
3664 0.160422 0.0007334
56751 0.160387 0.0007334
3551 0.160258 0.0007334
11091 0.159110 0.0008059
8543 0.159089 0.0008059
29982 0.158820 0.0008059
2180 0.158503 0.0008059
5604 0.157677 0.0008059
6258 0.157624 0.0008059
4734 0.157000 0.0008059
5017 0.156559 0.0008059
6772 0.156183 0.0008059
81 0.155494 0.0008059
342945 0.153427 0.0008059
55629 0.153244 0.0008059
7329 0.151941 0.0008059
7874 0.151834 0.0008059
571 0.151644 0.0008059
727764 0.151448 0.0008059
5915 0.151394 0.0008059
10524 0.151287 0.0008059
55262 0.151228 0.0008059
11331 0.150879 0.0008059
780851 0.150349 0.0008059
7791 0.150172 0.0008059
57472 0.149811 0.0008763
3064 0.148923 0.0008763
126382 0.148157 0.0008763
55154 0.147572 0.0008763
4097 0.145405 0.0008763
3170 0.145375 0.0008763
55806 0.145172 0.0008763
1956 0.144898 0.0008763
4306 0.144542 0.0008763
7316 0.143847 0.0008763
4779 0.143448 0.0008763
6421 0.143355 0.0008763
81857 0.142898 0.0008763
3196 0.140564 0.0008763
79722 0.138339 0.0010206
57057 0.138339 0.0010206
84684 0.138339 0.0010206
90 0.137603 0.0010206
23598 0.137301 0.0010206
932 0.137161 0.0010206
9723 0.137121 0.0010206
10062 0.137072 0.0010206
430 0.136687 0.0010206
284358 0.136363 0.0010206
7089 0.136290 0.0010206
54929 0.135983 0.0010206
4848 0.134965 0.0010206
283248 0.134770 0.0010206
6039 0.134770 0.0010206
55509 0.134649 0.0010206
124152 0.134628 0.0010206
9337 0.134475 0.0010206
64699 0.133925 0.0010206
130557 0.133880 0.0010206
5881 0.133778 0.0010206
7068 0.133601 0.0010206
246175 0.133583 0.0010206
9847 0.132940 0.0010206
9970 0.132304 0.0010206
3172 0.132188 0.0010206
5916 0.130590 0.0010206
2649 0.130255 0.0010206
7182 0.129801 0.0012409
10011 0.129757 0.0012409
6957 0.129521 0.0012409
1996 0.129177 0.0012409
7025 0.129060 0.0012409
775 0.128894 0.0012409
5083 0.128822 0.0012409
7080 0.128772 0.0012409
7101 0.128608 0.0012409
4487 0.128193 0.0012409
3131 0.127913 0.0012409
3225 0.127740 0.0012409
340719 0.127718 0.0012409
29893 0.127378 0.0012409
8856 0.127170 0.0012409
5465 0.127125 0.0012409
171023 0.127015 0.0012409
51008 0.126993 0.0012409
6955 0.126729 0.0012409
9407 0.126636 0.0012409
2494 0.126627 0.0012409
2710 0.126242 0.0012409
11036 0.126034 0.0012409
9924 0.125953 0.0012409
159296 0.125088 0.0012409
5914 0.124688 0.0012409
4603 0.124542 0.0012409
7752 0.124190 0.0012409
252884 0.123907 0.0012409
1044 0.123506 0.0012409
2019 0.123375 0.0012409
201501 0.123050 0.0012409
6722 0.122964 0.0012409
6662 0.122694 0.0012409
7026 0.122329 0.0012409
5467 0.121982 0.0012409
84547 0.121515 0.0012409
3206 0.121504 0.0012409
10103 0.121394 0.0012409
6402 0.120668 0.0012409
5316 0.120509 0.0012409
6759 0.120322 0.0012409
548313 0.120322 0.0012409
4780 0.120246 0.0012409
64091 0.120157 0.0012409
7544 0.119881 0.0015311
1051 0.119869 0.0015311
4094 0.119593 0.0015311
602 0.119406 0.0015311
26873 0.119116 0.0015311
4783 0.119017 0.0015311
5568 0.118908 0.0015311
1380 0.118735 0.0015311
4878 0.118532 0.0015311
26959 0.118477 0.0015311
57109 0.118234 0.0015311
2516 0.118022 0.0015311
153443 0.117761 0.0015311
387103 0.117617 0.0015311
284014 0.117617 0.0015311
7421 0.117056 0.0015311
26240 0.117054 0.0015311
79447 0.116921 0.0015311
4542 0.116724 0.0015311
3150 0.116722 0.0015311
6758 0.116611 0.0015311
5130 0.116466 0.0015311
4205 0.116458 0.0015311
2625 0.116449 0.0015311
8092 0.116308 0.0015311
3169 0.116192 0.0015311
7067 0.116174 0.0015311
1628 0.116073 0.0015311
29883 0.116050 0.0015311
3174 0.115860 0.0015311
9125 0.115856 0.0015311
1649 0.115762 0.0015311
2847 0.115698 0.0015311
51303 0.115537 0.0015311
399909 0.115354 0.0015311
28976 0.115338 0.0015311
7404 0.115295 0.0015311
687 0.115263 0.0015311
4047 0.115054 0.0015311
150000 0.115054 0.0015311
338322 0.114866 0.0015311
54925 0.114725 0.0015311
63946 0.114677 0.0015311
1644 0.114251 0.0015311
25904 0.113879 0.0015311
10538 0.113677 0.0015311
1763 0.113634 0.0015311
79726 0.113634 0.0015311
57047 0.113634 0.0015311
2354 0.113634 0.0015311
317772 0.113634 0.0015311
3699 0.113634 0.0015311
54988 0.113634 0.0015311
163732 0.113634 0.0015311
5991 0.113547 0.0015311
10865 0.113397 0.0015311
158399 0.113311 0.0015311
51084 0.113224 0.0015311
7216 0.113171 0.0015311
2917 0.113008 0.0015311
93649 0.112955 0.0015311
116071 0.112872 0.0015311
2078 0.112864 0.0015311
6096 0.112802 0.0015311
6095 0.112798 0.0015311
6278 0.112747 0.0015311
7376 0.112671 0.0015311
79369 0.112626 0.0015311
30061 0.112626 0.0015311
3458 0.112596 0.0015311
7849 0.112547 0.0015311
10379 0.112382 0.0015311
53335 0.112354 0.0015311
2101 0.112308 0.0015311
30012 0.112266 0.0015311
1018 0.112118 0.0015311
7832 0.112089 0.0015311
4778 0.111900 0.0015311
4849 0.111816 0.0015311
1054 0.111597 0.0015311
9318 0.111453 0.0015311
54516 0.111431 0.0015311
143384 0.111064 0.0015311
5458 0.111064 0.0015311
6736 0.110684 0.0015311
133522 0.110630 0.0015311
79364 0.110476 0.0015311
10370 0.110383 0.0015311
2908 0.110371 0.0015311
7392 0.110262 0.0015311
6414 0.110213 0.0015311
4990 0.110152 0.0015311
2104 0.109779 0.0026264
9575 0.109766 0.0026264
389833 0.109733 0.0026264
143279 0.109611 0.0026264
9937 0.109611 0.0026264
8013 0.109119 0.0026264
8638 0.109083 0.0026264
10973 0.109069 0.0026264
3010 0.109064 0.0026264
283643 0.108993 0.0026264
64288 0.108993 0.0026264
4602 0.108949 0.0026264
8647 0.108726 0.0026264
1050 0.108610 0.0026264
5740 0.108579 0.0026264
23369 0.108575 0.0026264
4862 0.108541 0.0026264
9324 0.108459 0.0026264
953 0.108400 0.0026264
9572 0.108289 0.0026264
79370 0.108193 0.0026264
9971 0.108059 0.0026264
196 0.108018 0.0026264
440515 0.107825 0.0026264
2626 0.107818 0.0026264
4664 0.107758 0.0026264
55628 0.107729 0.0026264
23129 0.107687 0.0026264
1514 0.107679 0.0026264
5308 0.107628 0.0026264
64839 0.107593 0.0026264
10773 0.107264 0.0026264
1053 0.107260 0.0026264
23161 0.107174 0.0026264
64210 0.107160 0.0026264
100289290 0.107155 0.0026264
4142 0.107155 0.0026264
28577 0.107155 0.0026264
9 0.107155 0.0026264
719 0.107155 0.0026264
11174 0.107155 0.0026264
2309 0.107147 0.0026264
2918 0.107072 0.0026264
81606 0.107036 0.0026264
467 0.106432 0.0026264
4255 0.106350 0.0026264
8668 0.106273 0.0026264
3007 0.106260 0.0026264
8877 0.106086 0.0026264
8463 0.106042 0.0026264
91 0.106013 0.0026264
55663 0.105942 0.0026264
9282 0.105860 0.0026264
23461 0.105630 0.0026264
7403 0.105582 0.0026264
374649 0.105394 0.0026264
25865 0.105341 0.0026264
286827 0.105330 0.0026264
1038 0.105306 0.0026264
5241 0.105040 0.0026264
7136 0.105025 0.0026264
2100 0.105002 0.0026264
51147 0.104959 0.0026264
30827 0.104939 0.0026264
6920 0.104859 0.0026264
6667 0.104808 0.0026264
1993 0.104752 0.0026264
6714 0.104619 0.0026264
715 0.104611 0.0026264
3727 0.104610 0.0026264
9862 0.104413 0.0026264
10788 0.104376 0.0026264
3227 0.104317 0.0026264
10221 0.104266 0.0026264
3075 0.104081 0.0026264
6720 0.104043 0.0026264
2353 0.103971 0.0026264
367 0.103933 0.0026264
23338 0.103905 0.0026264
468 0.103898 0.0026264
5705 0.103849 0.0026264
1958 0.103712 0.0026264
2114 0.103640 0.0026264
3726 0.103567 0.0026264
8085 0.103518 0.0026264
923 0.103492 0.0026264
6910 0.103457 0.0026264
94137 0.103456 0.0026264
353299 0.103456 0.0026264
360030 0.103456 0.0026264
6650 0.103456 0.0026264
56676 0.103446 0.0026264
8850 0.103295 0.0026264
2099 0.103228 0.0026264
8061 0.103161 0.0026264
219541 0.103133 0.0026264
22908 0.103129 0.0026264
6674 0.103102 0.0026264
604 0.103089 0.0026264
5618 0.103073 0.0026264
9441 0.103064 0.0026264
6688 0.103062 0.0026264
7142 0.103037 0.0026264
51621 0.103031 0.0026264
7629 0.102975 0.0026264
4197 0.102903 0.0026264
2113 0.102856 0.0026264
1386 0.102855 0.0026264
55160 0.102840 0.0026264
54556 0.102791 0.0026264
54934 0.102770 0.0026264
8405 0.102656 0.0026264
29915 0.102586 0.0026264
57690 0.102508 0.0026264
1033 0.102486 0.0026264
10346 0.102447 0.0026264
10001 0.102385 0.0026264
51341 0.102198 0.0026264
10110 0.102183 0.0026264
8521 0.102142 0.0026264
10014 0.102113 0.0026264
2122 0.102078 0.0026264
58499 0.101963 0.0026264
8110 0.101915 0.0026264
4192 0.101862 0.0026264
6097 0.101838 0.0026264
91612 0.101804 0.0026264
10025 0.101653 0.0026264
79918 0.101631 0.0026264
784 0.101630 0.0026264
1280 0.101628 0.0026264
2296 0.101511 0.0026264
83758 0.101341 0.0026264
27287 0.101277 0.0026264
23532 0.101255 0.0026264
8295 0.101247 0.0026264
6773 0.100933 0.0026264
57822 0.100910 0.0026264
7227 0.100905 0.0026264
1499 0.100858 0.0026264
10365 0.100832 0.0026264
3362 0.100811 0.0026264
3065 0.100782 0.0026264
5451 0.100741 0.0026264
9332 0.100699 0.0026264
368 0.100684 0.0026264
2899 0.100652 0.0026264
2268 0.100541 0.0026264
416 0.100522 0.0026264
7066 0.100502 0.0026264
400569 0.100476 0.0026264
11177 0.100386 0.0026264
6262 0.100367 0.0026264
9670 0.100295 0.0026264
10763 0.100253 0.0026264
55636 0.100248 0.0026264
51523 0.100231 0.0026264
58487 0.100136 0.0026264
10587 0.100120 0.0026264
6908 0.100103 0.0026264
5207 0.100091 0.0026264
85415 0.100090 0.0026264
51250 0.100060 0.0026264
7031 0.099980 0.0089836
84105 0.099908 0.0089836
29947 0.099883 0.0089836
51586 0.099841 0.0089836
9968 0.099809 0.0089836
3217 0.099723 0.0089836
2752 0.099705 0.0089836
6597 0.099611 0.0089836
3091 0.099595 0.0089836
51282 0.099586 0.0089836
23133 0.099571 0.0089836
405 0.099517 0.0089836
4208 0.099452 0.0089836
63925 0.099384 0.0089836
2734 0.099377 0.0089836
7494 0.099271 0.0089836
4791 0.099269 0.0089836
60489 0.099267 0.0089836
3229 0.099256 0.0089836
2186 0.099193 0.0089836
406 0.099181 0.0089836
255967 0.099139 0.0089836
5598 0.099119 0.0089836
4209 0.099088 0.0089836
56413 0.099075 0.0089836
3202 0.099072 0.0089836
80852 0.099027 0.0089836
6338 0.099025 0.0089836
54514 0.098984 0.0089836
6035 0.098970 0.0089836
6047 0.098951 0.0089836
9969 0.098927 0.0089836
7586 0.098756 0.0089836
1875 0.098722 0.0089836
80854 0.098637 0.0089836
2056 0.098626 0.0089836
94274 0.098587 0.0089836
8819 0.098477 0.0089836
10335 0.098443 0.0089836
202658 0.098443 0.0089836
6996 0.098434 0.0089836
6882 0.098415 0.0089836
3459 0.098393 0.0089836
4790 0.098347 0.0089836
5594 0.098346 0.0089836
3291 0.098342 0.0089836
6617 0.098291 0.0089836
8289 0.098286 0.0089836
4772 0.098275 0.0089836
10401 0.098257 0.0089836
6340 0.098173 0.0089836
7291 0.098168 0.0089836
10474 0.098163 0.0089836
54797 0.098162 0.0089836
55588 0.098129 0.0089836
3373 0.098125 0.0089836
1385 0.098121 0.0089836
3090 0.098105 0.0089836
1746 0.098052 0.0089836
28512 0.098046 0.0089836
284723 0.098001 0.0089836
26154 0.098001 0.0089836
5079 0.097991 0.0089836
6594 0.097989 0.0089836
6517 0.097970 0.0089836
58508 0.097918 0.0089836
84074 0.097877 0.0089836
4760 0.097776 0.0089836
9439 0.097776 0.0089836
1022 0.097774 0.0089836
7341 0.097772 0.0089836
1032 0.097762 0.0089836
3054 0.097749 0.0089836
7157 0.097718 0.0089836
57680 0.097701 0.0089836
79365 0.097682 0.0089836
2928 0.097665 0.0089836
5338 0.097663 0.0089836
3066 0.097647 0.0089836
7528 0.097644 0.0089836
51176 0.097640 0.0089836
113763 0.097613 0.0089836
5971 0.097609 0.0089836
7709 0.097608 0.0089836
112939 0.097596 0.0089836
84224 0.097570 0.0089836
57491 0.097440 0.0089836
6492 0.097440 0.0089836
1576 0.097429 0.0089836
1845 0.097382 0.0089836
2034 0.097311 0.0089836
1147 0.097242 0.0089836
7158 0.097207 0.0089836
9274 0.097181 0.0089836
57763 0.097173 0.0089836
1024 0.097111 0.0089836
8216 0.097078 0.0089836
4088 0.097035 0.0089836
26595 0.097030 0.0089836
605 0.097015 0.0089836
3151 0.096974 0.0089836
3562 0.096925 0.0089836
7621 0.096871 0.0089836
84525 0.096861 0.0089836
4211 0.096841 0.0089836
9219 0.096804 0.0089836
10498 0.096790 0.0089836
2892 0.096763 0.0089836
9463 0.096722 0.0089836
868 0.096681 0.0089836
4776 0.096680 0.0089836
9443 0.096678 0.0089836
6942 0.096670 0.0089836
10661 0.096616 0.0089836
29993 0.096603 0.0089836
1616 0.096593 0.0089836
1464 0.096578 0.0089836
57786 0.096561 0.0089836
57471 0.096541 0.0089836
94015 0.096541 0.0089836
139067 0.096541 0.0089836
221002 0.096541 0.0089836
325 0.096539 0.0089836
79400 0.096535 0.0089836
128553 0.096535 0.0089836
25950 0.096535 0.0089836
83478 0.096534 0.0089836
55193 0.096467 0.0089836
79977 0.096446 0.0089836
84307 0.096429 0.0089836
6304 0.096398 0.0089836
136227 0.096338 0.0089836
23585 0.096185 0.0089836
6879 0.096184 0.0089836
54765 0.096167 0.0089836
3897 0.096139 0.0089836
6907 0.096095 0.0089836
112950 0.096082 0.0089836
9682 0.096052 0.0089836
3516 0.096046 0.0089836
783 0.095992 0.0089836
5810 0.095956 0.0089836
9412 0.095949 0.0089836
2355 0.095937 0.0089836
3005 0.095929 0.0089836
125050 0.095889 0.0089836
2709 0.095845 0.0089836
79004 0.095840 0.0089836
133746 0.095835 0.0089836
835 0.095832 0.0089836
4297 0.095805 0.0089836
7994 0.095798 0.0089836
127294 0.095782 0.0089836
57496 0.095767 0.0089836
2874 0.095747 0.0089836
3364 0.095745 0.0089836
2580 0.095727 0.0089836
1326 0.095703 0.0089836
5743 0.095697 0.0089836
2672 0.095694 0.0089836
28996 0.095633 0.0089836
23411 0.095631 0.0089836
3659 0.095614 0.0089836
10295 0.095606 0.0089836
10766 0.095601 0.0089836
10782 0.095579 0.0089836
4968 0.095569 0.0089836
4762 0.095568 0.0089836
6497 0.095531 0.0089836
79155 0.095521 0.0089836
6595 0.095443 0.0089836
6883 0.095435 0.0089836
55092 0.095408 0.0089836
8455 0.095362 0.0089836
8533 0.095208 0.0089836
2313 0.095197 0.0089836
1909 0.095195 0.0089836
8517 0.095183 0.0089836
54880 0.095099 0.0089836
6721 0.095091 0.0089836
1869 0.095070 0.0089836
4087 0.095014 0.0089836
6049 0.094988 0.0089836
904 0.094942 0.0089836
23613 0.094933 0.0089836
2735 0.094910 0.0089836
7750 0.094839 0.0089836
3578 0.094810 0.0089836
23741 0.094788 0.0089836
2624 0.094774 0.0089836
10920 0.094753 0.0089836
55888 0.094745 0.0089836
6599 0.094732 0.0089836
84057 0.094706 0.0089836
860 0.094685 0.0089836
9757 0.094683 0.0089836
6598 0.094678 0.0089836
26063 0.094658 0.0089836
5595 0.094646 0.0089836
6239 0.094630 0.0089836
8290 0.094605 0.0089836
2932 0.094577 0.0089836
25999 0.094490 0.0089836
9421 0.094481 0.0089836
387893 0.094466 0.0089836
5580 0.094429 0.0089836
5925 0.094323 0.0089836
399694 0.094322 0.0089836
84661 0.094313 0.0089836
4221 0.094309 0.0089836
4286 0.094308 0.0089836
4773 0.094300 0.0089836
2891 0.094273 0.0089836
64708 0.094270 0.0089836
207 0.094231 0.0089836
84528 0.094220 0.0089836
8507 0.094160 0.0089836
2115 0.094156 0.0089836
27330 0.094118 0.0089836
6603 0.094109 0.0089836
23030 0.094066 0.0089836
86 0.094041 0.0089836
168400 0.094029 0.0089836
5295 0.094013 0.0089836
661 0.093996 0.0089836
6337 0.093978 0.0089836
1021 0.093936 0.0089836
2873 0.093898 0.0089836
3660 0.093878 0.0089836
55728 0.093831 0.0089836
4654 0.093822 0.0089836
51588 0.093785 0.0089836
3705 0.093780 0.0089836
57492 0.093745 0.0089836
6602 0.093700 0.0089836
7088 0.093671 0.0089836
2737 0.093633 0.0089836
11107 0.093615 0.0089836
5587 0.093594 0.0089836
162989 0.093588 0.0089836
9464 0.093584 0.0089836
10042 0.093551 0.0089836
326 0.093504 0.0089836
23476 0.093482 0.0089836
6498 0.093472 0.0089836
23607 0.093471 0.0089836
861 0.093465 0.0089836
5599 0.093446 0.0089836
5460 0.093441 0.0089836
1102 0.093436 0.0089836
5602 0.093413 0.0089836
6929 0.093380 0.0089836
51599 0.093374 0.0089836
5600 0.093364 0.0089836
5454 0.093359 0.0089836
83746 0.093358 0.0089836
1017 0.093336 0.0089836
4204 0.093312 0.0089836
3683 0.093305 0.0089836
4134 0.093250 0.0089836
9739 0.093248 0.0089836
64397 0.093246 0.0089836
7572 0.093241 0.0089836
8091 0.093219 0.0089836
3276 0.093217 0.0089836
9759 0.093184 0.0089836
23543 0.093177 0.0089836
51246 0.093146 0.0089836
3687 0.093143 0.0089836
10270 0.093138 0.0089836
57106 0.093137 0.0089836
6872 0.093125 0.0089836
22809 0.093114 0.0089836
23660 0.093114 0.0089836
2646 0.093046 0.0089836
4089 0.093006 0.0089836
10771 0.092999 0.0089836
5325 0.092973 0.0089836
26013 0.092951 0.0089836
7757 0.092950 0.0089836
23014 0.092943 0.0089836
4605 0.092924 0.0089836
2671 0.092878 0.0089836
3661 0.092864 0.0089836
672 0.092852 0.0089836
9477 0.092849 0.0089836
22938 0.092826 0.0089836
51684 0.092821 0.0089836
7464 0.092812 0.0089836
5874 0.092809 0.0089836
9994 0.092807 0.0089836
4212 0.092804 0.0089836
554313 0.092784 0.0089836
8359 0.092784 0.0089836
8370 0.092784 0.0089836
8294 0.092784 0.0089836
8361 0.092784 0.0089836
8360 0.092784 0.0089836
8363 0.092784 0.0089836
8362 0.092784 0.0089836
8365 0.092784 0.0089836
8364 0.092784 0.0089836
8367 0.092784 0.0089836
8366 0.092784 0.0089836
8368 0.092784 0.0089836
121504 0.092784 0.0089836
10811 0.092782 0.0089836
7775 0.092768 0.0089836
5883 0.092745 0.0089836
7704 0.092714 0.0089836
83737 0.092670 0.0089836
85409 0.092657 0.0089836
2834 0.092624 0.0089836
1786 0.092621 0.0089836
713 0.092616 0.0089836
51082 0.092610 0.0089836
23067 0.092598 0.0089836
2118 0.092597 0.0089836
5579 0.092596 0.0089836
1894 0.092581 0.0089836
5450 0.092563 0.0089836
114884 0.092552 0.0089836
5947 0.092552 0.0089836
9541 0.092532 0.0089836
22926 0.092522 0.0089836
139324 0.092516 0.0089836
5134 0.092512 0.0089836
9194 0.092492 0.0089836
91768 0.092477 0.0089836
10314 0.092440 0.0089836
389941 0.092440 0.0089836
9978 0.092427 0.0089836
2016 0.092413 0.0089836
4609 0.092401 0.0089836
4092 0.092396 0.0089836
10456 0.092301 0.0089836
3486 0.092297 0.0089836
9440 0.092243 0.0089836
3563 0.092186 0.0089836
26009 0.092180 0.0089836
9252 0.092172 0.0089836
983 0.092169 0.0089836
966 0.092155 0.0089836
7027 0.092151 0.0089836
8464 0.092140 0.0089836
60685 0.092123 0.0089836
5090 0.092119 0.0089836
1019 0.092101 0.0089836
4792 0.092098 0.0089836
639 0.092074 0.0089836
253724 0.092074 0.0089836
26993 0.092018 0.0089836
3938 0.092016 0.0089836
761 0.092016 0.0089836
1482 0.092016 0.0089836
5430 0.092011 0.0089836
1871 0.092009 0.0089836
8497 0.091997 0.0089836
7391 0.091996 0.0089836
23132 0.091986 0.0089836
142 0.091960 0.0089836
846 0.091936 0.0089836
10616 0.091911 0.0089836
2627 0.091894 0.0089836
23269 0.091891 0.0089836
79184 0.091879 0.0089836
50813 0.091876 0.0089836
5934 0.091870 0.0089836
9975 0.091865 0.0089836
80095 0.091851 0.0089836
3209 0.091836 0.0089836
25842 0.091832 0.0089836
9063 0.091830 0.0089836
6881 0.091807 0.0089836
22933 0.091803 0.0089836
6284 0.091796 0.0089836
10214 0.091787 0.0089836
9185 0.091770 0.0089836
25942 0.091753 0.0089836
22899 0.091687 0.0089836
6601 0.091661 0.0089836
23471 0.091653 0.0089836
56033 0.091638 0.0089836
51564 0.091574 0.0089836
7161 0.091555 0.0089836
9322 0.091541 0.0089836
122953 0.091537 0.0089836
8913 0.091533 0.0089836
8358 0.091511 0.0089836
8350 0.091511 0.0089836
8351 0.091511 0.0089836
8352 0.091511 0.0089836
8353 0.091511 0.0089836
8354 0.091511 0.0089836
8355 0.091511 0.0089836
8356 0.091511 0.0089836
8357 0.091511 0.0089836
8968 0.091511 0.0089836
55662 0.091509 0.0089836
2305 0.091489 0.0089836
29950 0.091444 0.0089836
27242 0.091436 0.0089836
168433 0.091399 0.0089836
8349 0.091363 0.0089836
81620 0.091353 0.0089836
29072 0.091347 0.0089836
7290 0.091342 0.0089836
1108 0.091327 0.0089836
3009 0.091307 0.0089836
7153 0.091279 0.0089836
8189 0.091273 0.0089836
9149 0.091267 0.0089836
10620 0.091265 0.0089836
1995 0.091252 0.0089836
4345 0.091242 0.0089836
2893 0.091221 0.0089836
3024 0.091191 0.0089836
8242 0.091187 0.0089836
60529 0.091171 0.0089836
338323 0.091148 0.0089836
57692 0.091139 0.0089836
128312 0.091139 0.0089836
10196 0.091133 0.0089836
3280 0.091126 0.0089836
4086 0.091125 0.0089836
8528 0.091100 0.0089836
6886 0.091082 0.0089836
6613 0.091060 0.0089836
2965 0.091044 0.0089836
892 0.091042 0.0089836
449003 0.091018 0.0089836
126961 0.091018 0.0089836
333932 0.091018 0.0089836
653604 0.091018 0.0089836
57658 0.091005 0.0089836
4193 0.091003 0.0089836
55869 0.090999 0.0089836
23097 0.090997 0.0089836
10155 0.090984 0.0089836
3006 0.090932 0.0089836
274 0.090896 0.0089836
5609 0.090885 0.0089836
1052 0.090857 0.0089836
23522 0.090814 0.0089836
1459 0.090797 0.0089836
9275 0.090792 0.0089836
2701 0.090749 0.0089836
5179 0.090749 0.0089836
2120 0.090743 0.0089836
4915 0.090719 0.0089836
8928 0.090709 0.0089836
54069 0.090687 0.0089836
83987 0.090678 0.0089836
56341 0.090667 0.0089836
1002 0.090667 0.0089836
3932 0.090652 0.0089836
10075 0.090650 0.0089836
6310 0.090632 0.0089836
2004 0.090628 0.0089836
4149 0.090626 0.0089836
23028 0.090614 0.0089836
23528 0.090595 0.0089836
2495 0.090567 0.0089836
793 0.090538 0.0089836
51720 0.090535 0.0089836
51185 0.090519 0.0089836
1432 0.090510 0.0089836
1390 0.090508 0.0089836
1460 0.090485 0.0089836
26284 0.090481 0.0089836
5928 0.090479 0.0089836
7023 0.090466 0.0089836
5591 0.090464 0.0089836
51138 0.090424 0.0089836
10691 0.090408 0.0089836
6880 0.090406 0.0089836
1025 0.090401 0.0089836
81608 0.090386 0.0089836
6774 0.090383 0.0089836
1438 0.090369 0.0089836
1388 0.090357 0.0089836
80760 0.090349 0.0089836
2130 0.090345 0.0089836
3320 0.090321 0.0089836
10847 0.090310 0.0089836
55072 0.090304 0.0089836
5931 0.090299 0.0089836
10600 0.090286 0.0089836
8737 0.090279 0.0089836
4850 0.090278 0.0089836
9794 0.090269 0.0089836
1107 0.090252 0.0089836
6900 0.090247 0.0089836
80345 0.090241 0.0089836
6233 0.090228 0.0089836
4154 0.090205 0.0089836
51111 0.090195 0.0089836
5119 0.090183 0.0089836
56938 0.090169 0.0089836
3182 0.090169 0.0089836
140628 0.090159 0.0089836
6416 0.090151 0.0089836
9641 0.090139 0.0089836
9320 0.090135 0.0089836
5978 0.090128 0.0089836
3689 0.090117 0.0089836
5592 0.090097 0.0089836
9330 0.090079 0.0089836
5494 0.090053 0.0089836
10114 0.089966 0.0095708
5583 0.089964 0.0095708
23064 0.089944 0.0095708
2002 0.089943 0.0095708
6778 0.089942 0.0095708
11183 0.089933 0.0095708
9913 0.089914 0.0095708
54904 0.089911 0.0095708
25924 0.089907 0.0095708
196528 0.089905 0.0095708
4599 0.089880 0.0095708
6837 0.089880 0.0095708
51592 0.089838 0.0095708
2623 0.089833 0.0095708
57507 0.089816 0.0095708
8717 0.089800 0.0095708
4509 0.089796 0.0095708
9726 0.089786 0.0095708
25 0.089783 0.0095708
26147 0.089725 0.0095708
1876 0.089661 0.0095708
1789 0.089629 0.0095708
1525 0.089629 0.0095708
8312 0.089619 0.0095708
29128 0.089618 0.0095708
595 0.089610 0.0095708
10013 0.089600 0.0095708
57634 0.089590 0.0095708
3663 0.089579 0.0095708
7041 0.089557 0.0095708
152559 0.089546 0.0095708
79813 0.089540 0.0095708
23414 0.089536 0.0095708
11077 0.089524 0.0095708
5590 0.089514 0.0095708
55571 0.089506 0.0095708
4794 0.089498 0.0095708
1027 0.089493 0.0095708
57684 0.089455 0.0095708
1457 0.089453 0.0095708
8467 0.089450 0.0095708
54994 0.089446 0.0095708
79718 0.089415 0.0095708
9442 0.089396 0.0095708
4289 0.089369 0.0095708
473 0.089350 0.0095708
3195 0.089335 0.0095708
6605 0.089319 0.0095708
577 0.089309 0.0095708
204851 0.089309 0.0095708
1843 0.089301 0.0095708
7289 0.089290 0.0095708
55083 0.089267 0.0095708
4999 0.089261 0.0095708
64332 0.089251 0.0095708
88 0.089244 0.0095708
8454 0.089239 0.0095708
4851 0.089237 0.0095708
23060 0.089235 0.0095708
29122 0.089224 0.0095708
4131 0.089207 0.0095708
1647 0.089180 0.0095708
23205 0.089160 0.0095708
2863 0.089160 0.0095708
93109 0.089160 0.0095708
10919 0.089151 0.0095708
858 0.089140 0.0095708
8607 0.089135 0.0095708
9656 0.089131 0.0095708
4586 0.089127 0.0095708
29028 0.089125 0.0095708
4988 0.089109 0.0095708
152789 0.089099 0.0095708
6615 0.089072 0.0095708
10892 0.089063 0.0095708
4152 0.089049 0.0095708
9839 0.089040 0.0095708
3949 0.089028 0.0095708
79695 0.089025 0.0095708
8626 0.089024 0.0095708
81858 0.089010 0.0095708
10454 0.089001 0.0095708
28955 0.088971 0.0095708
3324 0.088947 0.0095708
3670 0.088946 0.0095708
1454 0.088944 0.0095708
23492 0.088936 0.0095708
51780 0.088870 0.0095708
6236 0.088865 0.0095708
51316 0.088862 0.0095708
4059 0.088858 0.0095708
1610 0.088839 0.0095708
53615 0.088838 0.0095708
7138 0.088836 0.0095708
8945 0.088831 0.0095708
8660 0.088821 0.0095708
2931 0.088819 0.0095708
6478 0.088816 0.0095708
668 0.088809 0.0095708
151636 0.088808 0.0095708
23650 0.088763 0.0095708
55734 0.088734 0.0095708
4155 0.088718 0.0095708
26130 0.088715 0.0095708
23493 0.088705 0.0095708
8581 0.088698 0.0095708
84289 0.088692 0.0095708
5977 0.088689 0.0095708
80149 0.088687 0.0095708
23421 0.088651 0.0095708
6877 0.088644 0.0095708
6531 0.088643 0.0095708
87 0.088642 0.0095708
8436 0.088637 0.0095708
5896 0.088631 0.0095708
57610 0.088627 0.0095708
29117 0.088626 0.0095708
79753 0.088621 0.0095708
3008 0.088618 0.0095708
6776 0.088607 0.0095708
135458 0.088599 0.0095708
2274 0.088596 0.0095708
64919 0.088566 0.0095708
83931 0.088562 0.0095708
4613 0.088560 0.0095708
6198 0.088548 0.0095708
9047 0.088543 0.0095708
56850 0.088536 0.0095708
10451 0.088533 0.0095708
1747 0.088533 0.0095708
10974 0.088531 0.0095708
11009 0.088526 0.0095708
23051 0.088495 0.0095708
23327 0.088493 0.0095708
102800317 0.088481 0.0095708
1026 0.088457 0.0095708
1997 0.088455 0.0095708
6935 0.088447 0.0095708
9817 0.088432 0.0095708
10614 0.088430 0.0095708
249 0.088426 0.0095708
5433 0.088406 0.0095708
23118 0.088400 0.0095708
328 0.088392 0.0095708
23635 0.088385 0.0095708
8338 0.088375 0.0095708
80023 0.088373 0.0095708
1788 0.088372 0.0095708
2885 0.088367 0.0095708
51003 0.088342 0.0095708
7468 0.088306 0.0095708
10138 0.088299 0.0095708
9031 0.088291 0.0095708
6885 0.088290 0.0095708
10106 0.088287 0.0095708
5104 0.088287 0.0095708
29894 0.088285 0.0095708
3838 0.088282 0.0095708
55975 0.088271 0.0095708
55363 0.088270 0.0095708
284366 0.088259 0.0095708
5698 0.088255 0.0095708
5933 0.088248 0.0095708
6045 0.088232 0.0095708
6003 0.088230 0.0095708
11143 0.088226 0.0095708
51157 0.088161 0.0095708
2273 0.088154 0.0095708
22976 0.088132 0.0095708
7020 0.088119 0.0095708
546 0.088101 0.0095708
4296 0.088097 0.0095708
10044 0.088089 0.0095708
2005 0.088084 0.0095708
5106 0.088083 0.0095708
8570 0.088073 0.0095708
5581 0.088068 0.0095708
19 0.088022 0.0095708
27253 0.088017 0.0095708
10849 0.088006 0.0095708
7150 0.087999 0.0095708
6299 0.087956 0.0095708
10000 0.087949 0.0095708
171017 0.087940 0.0095708
115426 0.087933 0.0095708
7343 0.087930 0.0095708
157638 0.087903 0.0095708
818 0.087892 0.0095708
53981 0.087891 0.0095708
26038 0.087874 0.0095708
10419 0.087854 0.0095708
84164 0.087839 0.0095708
7139 0.087823 0.0095708
4303 0.087816 0.0095708
8445 0.087810 0.0095708
7186 0.087777 0.0095708
28992 0.087756 0.0095708
23429 0.087753 0.0095708
2272 0.087750 0.0095708
60 0.087735 0.0095708
84433 0.087727 0.0095708
50514 0.087720 0.0095708
409 0.087677 0.0095708
9902 0.087667 0.0095708
8491 0.087655 0.0095708
64092 0.087643 0.0095708
65094 0.087623 0.0095708
5071 0.087607 0.0095708
10457 0.087604 0.0095708
65268 0.087592 0.0095708
2123 0.087580 0.0095708
7556 0.087567 0.0095708
1439 0.087556 0.0095708
4439 0.087544 0.0095708
391257 0.087544 0.0095708
6608 0.087524 0.0095708
4217 0.087514 0.0095708
5080 0.087496 0.0095708
3697 0.087489 0.0095708
1642 0.087481 0.0095708
51126 0.087473 0.0095708
26205 0.087472 0.0095708
5431 0.087469 0.0095708
3385 0.087459 0.0095708
9646 0.087459 0.0095708
339487 0.087450 0.0095708
10743 0.087441 0.0095708
50943 0.087426 0.0095708
2915 0.087404 0.0095708
51574 0.087393 0.0095708
6015 0.087371 0.0095708
57162 0.087369 0.0095708
10238 0.087366 0.0095708
3741 0.087357 0.0095708
79084 0.087348 0.0095708
4846 0.087347 0.0095708
7589 0.087347 0.0095708
26168 0.087343 0.0095708
3175 0.087340 0.0095708
10542 0.087333 0.0095708
1479 0.087324 0.0095708
580 0.087323 0.0095708
10664 0.087322 0.0095708
6874 0.087312 0.0095708
55534 0.087308 0.0095708
6618 0.087296 0.0095708
123169 0.087295 0.0095708
9306 0.087260 0.0095708
2547 0.087242 0.0095708
55723 0.087237 0.0095708
9025 0.087230 0.0095708
26036 0.087222 0.0095708
6196 0.087222 0.0095708
8569 0.087199 0.0095708
7074 0.087197 0.0095708
7443 0.087195 0.0095708
3651 0.087187 0.0095708
26234 0.087180 0.0095708
139818 0.087179 0.0095708
9938 0.087179 0.0095708
10980 0.087173 0.0095708
5058 0.087172 0.0095708
51129 0.087162 0.0095708
23013 0.087143 0.0095708
7337 0.087135 0.0095708
5585 0.087129 0.0095708
6909 0.087123 0.0095708
6659 0.087118 0.0095708
11124 0.087116 0.0095708
6477 0.087105 0.0095708
22989 0.087094 0.0095708
8553 0.087087 0.0095708
902 0.087082 0.0095708
7251 0.087075 0.0095708
407 0.087071 0.0095708
7126 0.087052 0.0095708
64240 0.087048 0.0095708
4869 0.087047 0.0095708
8416 0.087047 0.0095708
10912 0.087027 0.0095708
55339 0.087026 0.0095708
84186 0.087013 0.0095708
653361 0.087009 0.0095708
5434 0.087004 0.0095708
6670 0.086998 0.0095708
10738 0.086977 0.0095708
408 0.086974 0.0095708
11059 0.086973 0.0095708
7132 0.086968 0.0095708
5164 0.086966 0.0095708
1029 0.086965 0.0095708
2316 0.086964 0.0095708
3146 0.086964 0.0095708
79027 0.086946 0.0095708
23162 0.086938 0.0095708
30834 0.086935 0.0095708
5566 0.086924 0.0095708
785 0.086910 0.0095708
10019 0.086906 0.0095708
4539 0.086901 0.0095708
27122 0.086880 0.0095708
5347 0.086872 0.0095708
10273 0.086864 0.0095708
4137 0.086857 0.0095708
7534 0.086853 0.0095708
7530 0.086853 0.0095708
10336 0.086842 0.0095708
5328 0.086821 0.0095708
84823 0.086809 0.0095708
5498 0.086807 0.0095708
55620 0.086801 0.0095708
896 0.086789 0.0095708
9014 0.086789 0.0095708
169270 0.086786 0.0095708
7363 0.086786 0.0095708
282679 0.086786 0.0095708
4528 0.086770 0.0095708
4093 0.086762 0.0095708
23499 0.086759 0.0095708
29843 0.086755 0.0095708
7517 0.086750 0.0095708
7409 0.086741 0.0095708
6790 0.086734 0.0095708
2861 0.086710 0.0095708
9644 0.086707 0.0095708
57593 0.086691 0.0095708
23175 0.086691 0.0095708
55294 0.086624 0.0095708
284618 0.086618 0.0095708
9869 0.086616 0.0095708
7913 0.086611 0.0095708
126669 0.086608 0.0095708
23468 0.086598 0.0095708
5321 0.086590 0.0095708
5921 0.086580 0.0095708
8479 0.086575 0.0095708
116461 0.086555 0.0095708
10127 0.086553 0.0095708
10413 0.086542 0.0095708
404093 0.086536 0.0095708
255488 0.086533 0.0095708
10066 0.086519 0.0095708
26508 0.086516 0.0095708
9191 0.086512 0.0095708
4215 0.086506 0.0095708
8503 0.086484 0.0095708
339448 0.086473 0.0095708
816 0.086472 0.0095708
8148 0.086471 0.0095708
9020 0.086461 0.0095708
92552 0.086458 0.0095708
4214 0.086455 0.0095708
57649 0.086449 0.0095708
4335 0.086448 0.0095708
10657 0.086446 0.0095708
842 0.086441 0.0095708
10210 0.086435 0.0095708
10521 0.086434 0.0095708
50618 0.086419 0.0095708
57326 0.086398 0.0095708
5087 0.086392 0.0095708
55729 0.086388 0.0095708
56254 0.086384 0.0095708
2872 0.086372 0.0095708
5501 0.086366 0.0095708
55143 0.086359 0.0095708
3835 0.086348 0.0095708
7189 0.086338 0.0095708
2150 0.086327 0.0095708
330 0.086285 0.0095708
6663 0.086284 0.0095708
23264 0.086263 0.0095708
9590 0.086262 0.0095708
5437 0.086256 0.0095708
8404 0.086230 0.0095708
2335 0.086224 0.0095708
1193 0.086215 0.0095708
6934 0.086205 0.0095708
3021 0.086204 0.0095708
3020 0.086204 0.0095708
55617 0.086199 0.0095708
5608 0.086199 0.0095708
84787 0.086178 0.0095708
5081 0.086178 0.0095708
286204 0.086178 0.0095708
117584 0.086172 0.0095708
84246 0.086171 0.0095708
3068 0.086168 0.0095708
1487 0.086162 0.0095708
64241 0.086141 0.0095708
3357 0.086127 0.0095708
643535 0.086125 0.0095708
79729 0.086125 0.0095708
131566 0.086125 0.0095708
152189 0.086125 0.0095708
23007 0.086125 0.0095708
1299 0.086125 0.0095708
6612 0.086123 0.0095708
11244 0.086104 0.0095708
11335 0.086102 0.0095708
57154 0.086085 0.0095708
29931 0.086082 0.0095708
1822 0.086077 0.0095708
7022 0.086070 0.0095708
23473 0.086069 0.0095708
220213 0.086062 0.0095708
3358 0.086059 0.0095708
894 0.086058 0.0095708
4946 0.086056 0.0095708
2064 0.086055 0.0095708
213 0.086050 0.0095708
6760 0.086036 0.0095708
9112 0.086029 0.0095708
26548 0.086028 0.0095708
1398 0.086022 0.0095708
836 0.086021 0.0095708
7508 0.086005 0.0095708
5111 0.085982 0.0095708
3845 0.085978 0.0095708
131890 0.085970 0.0095708
56257 0.085966 0.0095708
84875 0.085960 0.0095708
640 0.085957 0.0095708
5300 0.085953 0.0095708
28511 0.085947 0.0095708
29123 0.085946 0.0095708
84281 0.085940 0.0095708
116931 0.085934 0.0095708
4090 0.085919 0.0095708
27097 0.085904 0.0095708
472 0.085898 0.0095708
1947 0.085891 0.0095708
54737 0.085862 0.0095708
10758 0.085859 0.0095708
8440 0.085850 0.0095708
252969 0.085850 0.0095708
2534 0.085847 0.0095708
57659 0.085841 0.0095708
596 0.085838 0.0095708
356 0.085833 0.0095708
8767 0.085832 0.0095708
23039 0.085827 0.0095708
694 0.085825 0.0095708
7520 0.085824 0.0095708
23210 0.085824 0.0095708
2119 0.085822 0.0095708
22869 0.085815 0.0095708
995 0.085805 0.0095708
2475 0.085804 0.0095708
5499 0.085802 0.0095708
55170 0.085800 0.0095708
286 0.085799 0.0095708
8443 0.085785 0.0095708
84676 0.085784 0.0095708
7431 0.085766 0.0095708
9495 0.085765 0.0095708
29959 0.085762 0.0095708
4000 0.085752 0.0095708
79738 0.085733 0.0095708
7321 0.085698 0.0095708
10928 0.085692 0.0095708
2060 0.085686 0.0095708
1478 0.085660 0.0095708
993 0.085652 0.0095708
10057 0.085645 0.0095708
5340 0.085641 0.0095708
23077 0.085632 0.0095708
7021 0.085623 0.0095708
4298 0.085609 0.0095708
6672 0.085605 0.0095708
7155 0.085602 0.0095708
316 0.085595 0.0095708
57325 0.085586 0.0095708
10848 0.085582 0.0095708
1643 0.085577 0.0095708
999 0.085570 0.0095708
7536 0.085540 0.0095708
11243 0.085537 0.0095708
100527963 0.085537 0.0095708
23761 0.085527 0.0095708
5987 0.085513 0.0095708
2697 0.085509 0.0095708
1407 0.085491 0.0095708
4261 0.085490 0.0095708
11129 0.085476 0.0095708
5901 0.085470 0.0095708
2804 0.085464 0.0095708
23513 0.085463 0.0095708
27030 0.085455 0.0095708
10682 0.085441 0.0095708
833 0.085435 0.0095708
5438 0.085419 0.0095708
5730 0.085416 0.0095708
7090 0.085404 0.0095708
10461 0.085401 0.0095708
8314 0.085400 0.0095708
79705 0.085399 0.0095708
3018 0.085398 0.0095708
166 0.085382 0.0095708
1488 0.085370 0.0095708
8650 0.085369 0.0095708
3397 0.085366 0.0095708
6850 0.085353 0.0095708
51567 0.085348 0.0095708
7706 0.085344 0.0095708
4194 0.085342 0.0095708
5573 0.085340 0.0095708
8915 0.085332 0.0095708
7805 0.085316 0.0095708
914 0.085315 0.0095708
6496 0.085306 0.0095708
955 0.085295 0.0095708
9658 0.085295 0.0095708
3621 0.085293 0.0095708
11184 0.085291 0.0095708
10765 0.085290 0.0095708
493829 0.085288 0.0095708
1111 0.085285 0.0095708
1796 0.085283 0.0095708
5092 0.085272 0.0095708
112752 0.085270 0.0095708
2066 0.085269 0.0095708
3667 0.085262 0.0095708
57332 0.085231 0.0095708
5894 0.085226 0.0095708
1495 0.085220 0.0095708
6503 0.085217 0.0095708
9501 0.085210 0.0095708
1571 0.085208 0.0095708
25890 0.085183 0.0095708
5601 0.085183 0.0095708
5888 0.085177 0.0095708
8452 0.085171 0.0095708
6512 0.085166 0.0095708
3717 0.085159 0.0095708
1634 0.085142 0.0095708
5062 0.085139 0.0095708
3875 0.085134 0.0095708
57563 0.085116 0.0095708
9960 0.085111 0.0095708
3148 0.085111 0.0095708
54442 0.085104 0.0095708
3398 0.085100 0.0095708
50937 0.085097 0.0095708
84287 0.085097 0.0095708
51778 0.085094 0.0095708
862 0.085090 0.0095708
6092 0.085089 0.0095708
3315 0.085089 0.0095708
2810 0.085069 0.0095708
710 0.085067 0.0095708
11200 0.085059 0.0095708
79803 0.085055 0.0095708
100289087 0.085050 0.0095708
728137 0.085050 0.0095708
7258 0.085050 0.0095708
9253 0.085043 0.0095708
22992 0.085038 0.0095708
1756 0.085033 0.0095708
6829 0.085030 0.0095708
7345 0.085029 0.0095708
29079 0.085027 0.0095708
387032 0.085019 0.0095708
8878 0.085015 0.0095708
57519 0.085014 0.0095708
4102 0.085010 0.0095708
55367 0.085010 0.0095708
128 0.084999 0.0095708
26278 0.084990 0.0095708
867 0.084989 0.0095708
113026 0.084982 0.0095708
25987 0.084982 0.0095708
4811 0.084982 0.0095708
7867 0.084981 0.0095708
79083 0.084965 0.0095708
84958 0.084965 0.0095708
4216 0.084943 0.0095708
23119 0.084936 0.0095708
84108 0.084934 0.0095708
10621 0.084931 0.0095708
55014 0.084922 0.0095708
84148 0.084917 0.0095708
27 0.084911 0.0095708
7988 0.084906 0.0095708
9371 0.084898 0.0095708
3775 0.084895 0.0095708
4801 0.084885 0.0095708
22890 0.084873 0.0095708
3800 0.084871 0.0095708
171392 0.084865 0.0095708
64750 0.084861 0.0095708
55611 0.084861 0.0095708
5613 0.084860 0.0095708
5670 0.084858 0.0095708
55714 0.084858 0.0095708
58486 0.084858 0.0095708
4683 0.084854 0.0095708
1759 0.084842 0.0095708
1105 0.084841 0.0095708
84951 0.084840 0.0095708
6737 0.084828 0.0095708
7322 0.084812 0.0095708
125 0.084792 0.0095708
708 0.084790 0.0095708
338692 0.084776 0.0095708
65125 0.084728 0.0095708
54602 0.084724 0.0095708
23608 0.084724 0.0095708
342371 0.084721 0.0095708
79577 0.084707 0.0095708
8451 0.084707 0.0095708
8030 0.084703 0.0095708
64802 0.084691 0.0095708
3662 0.084683 0.0095708
351 0.084667 0.0095708
23328 0.084663 0.0095708
23291 0.084652 0.0095708
10856 0.084651 0.0095708
1452 0.084649 0.0095708
5742 0.084648 0.0095708
1539 0.084646 0.0095708
8930 0.084646 0.0095708
3275 0.084643 0.0095708
8613 0.084643 0.0095708
7128 0.084642 0.0095708
9021 0.084632 0.0095708
57549 0.084621 0.0095708
85366 0.084619 0.0095708
79874 0.084603 0.0095708
51366 0.084600 0.0095708
1859 0.084600 0.0095708
4508 0.084597 0.0095708
1915 0.084573 0.0095708
7046 0.084569 0.0095708
6500 0.084568 0.0095708
3815 0.084564 0.0095708
2065 0.084554 0.0095708
5605 0.084550 0.0095708
8726 0.084544 0.0095708
6733 0.084536 0.0095708
58529 0.084521 0.0095708
7050 0.084507 0.0095708
10484 0.084507 0.0095708
92714 0.084504 0.0095708
9402 0.084503 0.0095708
222229 0.084502 0.0095708
6938 0.084497 0.0095708
1655 0.084494 0.0095708
323 0.084493 0.0095708
90326 0.084492 0.0095708
355 0.084485 0.0095708
890 0.084483 0.0095708
10971 0.084463 0.0095708
26206 0.084462 0.0095708
23384 0.084453 0.0095708
4067 0.084444 0.0095708
2059 0.084444 0.0095708
22870 0.084438 0.0095708
378465 0.084437 0.0095708
2549 0.084432 0.0095708
4223 0.084431 0.0095708
11176 0.084428 0.0095708
644 0.084421 0.0095708
10522 0.084420 0.0095708
84458 0.084418 0.0095708
55791 0.084418 0.0095708
7799 0.084402 0.0095708
5747 0.084400 0.0095708
56893 0.084398 0.0095708
27063 0.084393 0.0095708
51514 0.084393 0.0095708
11168 0.084383 0.0095708
9870 0.084378 0.0095708
7156 0.084375 0.0095708
10519 0.084372 0.0095708
4800 0.084354 0.0095708
6197 0.084351 0.0095708
6654 0.084346 0.0095708
23258 0.084339 0.0095708
85021 0.084335 0.0095708
2969 0.084335 0.0095708
55743 0.084332 0.0095708
84909 0.084322 0.0095708
9734 0.084315 0.0095708
7083 0.084315 0.0095708
6515 0.084309 0.0095708
4615 0.084304 0.0095708
6383 0.084304 0.0095708
8470 0.084303 0.0095708
1154 0.084299 0.0095708
56950 0.084299 0.0095708
2919 0.084296 0.0095708
6470 0.084294 0.0095708
6548 0.084284 0.0095708
5757 0.084278 0.0095708
6606 0.084274 0.0095708
6607 0.084274 0.0095708
80013 0.084269 0.0095708
26060 0.084251 0.0095708
165918 0.084245 0.0095708
334 0.084244 0.0095708
7295 0.084243 0.0095708
2902 0.084238 0.0095708
9753 0.084231 0.0095708
9815 0.084229 0.0095708
8065 0.084219 0.0095708
6464 0.084218 0.0095708
4005 0.084214 0.0095708
3607 0.084212 0.0095708
55553 0.084211 0.0095708
5563 0.084198 0.0095708
2913 0.084198 0.0095708
10432 0.084197 0.0095708
100526737 0.084197 0.0095708
4068 0.084186 0.0095708
4485 0.084183 0.0095708
3329 0.084182 0.0095708
2690 0.084168 0.0095708
158427 0.084162 0.0095708
55715 0.084152 0.0095708
23178 0.084144 0.0095708
25898 0.084134 0.0095708
3093 0.084120 0.0095708
7311 0.084113 0.0095708
51531 0.084104 0.0095708
26502 0.084103 0.0095708
8237 0.084082 0.0095708
10045 0.084072 0.0095708
55422 0.084050 0.0095708
4287 0.084045 0.0095708
7917 0.084039 0.0095708
85439 0.084034 0.0095708
23624 0.084034 0.0095708
57054 0.084031 0.0095708
8861 0.084028 0.0095708
10244 0.084024 0.0095708
3184 0.084023 0.0095708
2199 0.084006 0.0095708
90268 0.083995 0.0095708
9150 0.083990 0.0095708
51317 0.083980 0.0095708
5515 0.083977 0.0095708
2960 0.083965 0.0095708
54206 0.083964 0.0095708
6622 0.083959 0.0095708
3308 0.083948 0.0095708
10580 0.083941 0.0095708
8335 0.083931 0.0095708
3012 0.083931 0.0095708
128178 0.083931 0.0095708
83439 0.083930 0.0095708
140825 0.083930 0.0095708
8914 0.083926 0.0095708
10746 0.083925 0.0095708
3161 0.083925 0.0095708
10296 0.083918 0.0095708
147040 0.083907 0.0095708
84159 0.083907 0.0095708
11315 0.083901 0.0095708
10318 0.083899 0.0095708
146310 0.083898 0.0095708
161725 0.083898 0.0095708
815 0.083896 0.0095708
5457 0.083881 0.0095708
5292 0.083864 0.0095708
699 0.083853 0.0095708
1161 0.083850 0.0095708
9915 0.083847 0.0095708
2597 0.083847 0.0095708
4176 0.083844 0.0095708
91966 0.083838 0.0095708
55090 0.083836 0.0095708
23595 0.083834 0.0095708
6447 0.083830 0.0095708
10869 0.083820 0.0095708
29841 0.083817 0.0095708
54726 0.083809 0.0095708
65264 0.083808 0.0095708
5425 0.083796 0.0095708
301 0.083787 0.0095708
54583 0.083785 0.0095708
10076 0.083783 0.0095708
27040 0.083779 0.0095708
5429 0.083760 0.0095708
11060 0.083750 0.0095708
5753 0.083748 0.0095708
29108 0.083742 0.0095708
64326 0.083738 0.0095708
79177 0.083728 0.0095708
23389 0.083727 0.0095708
266743 0.083727 0.0095708
55781 0.083724 0.0095708
22927 0.083722 0.0095708
23253 0.083717 0.0095708
3298 0.083716 0.0095708
7039 0.083715 0.0095708
6666 0.083708 0.0095708
53358 0.083705 0.0095708
5500 0.083693 0.0095708
3087 0.083685 0.0095708
11140 0.083680 0.0095708
834 0.083677 0.0095708
6199 0.083677 0.0095708
22918 0.083664 0.0095708
5315 0.083654 0.0095708
54985 0.083641 0.0095708
5296 0.083641 0.0095708
23462 0.083639 0.0095708
5267 0.083636 0.0095708
5966 0.083633 0.0095708
2146 0.083617 0.0095708
26523 0.083616 0.0095708
51322 0.083610 0.0095708
53944 0.083592 0.0095708
84699 0.083590 0.0095708
29110 0.083589 0.0095708
10092 0.083589 0.0095708
55704 0.083586 0.0095708
55580 0.083586 0.0095708
9479 0.083567 0.0095708
51043 0.083559 0.0095708
54496 0.083559 0.0095708
84196 0.083554 0.0095708
7402 0.083554 0.0095708
2260 0.083551 0.0095708
6839 0.083550 0.0095708
10589 0.083542 0.0095708
63973 0.083530 0.0095708
64223 0.083530 0.0095708
51755 0.083524 0.0095708
55816 0.083523 0.0095708
5493 0.083517 0.0095708
10923 0.083513 0.0095708
6446 0.083512 0.0095708
55300 0.083509 0.0095708
6314 0.083508 0.0095708
841 0.083493 0.0095708
463 0.083492 0.0095708
7273 0.083492 0.0095708
56288 0.083490 0.0095708
997 0.083488 0.0095708
1003 0.083480 0.0095708
3394 0.083469 0.0095708
3399 0.083468 0.0095708
222546 0.083449 0.0095708
80146 0.083428 0.0095708
8435 0.083428 0.0095708
117145 0.083428 0.0095708
7324 0.083425 0.0095708
5208 0.083423 0.0095708
51135 0.083418 0.0095708
8458 0.083416 0.0095708
79174 0.083410 0.0095708
8409 0.083406 0.0095708
891 0.083390 0.0095708
7015 0.083387 0.0095708
10363 0.083386 0.0095708
8520 0.083379 0.0095708
3084 0.083366 0.0095708
6925 0.083362 0.0095708
153090 0.083351 0.0095708
117583 0.083340 0.0095708
10610 0.083340 0.0095708
10808 0.083339 0.0095708
581 0.083331 0.0095708
26191 0.083323 0.0095708
1978 0.083322 0.0095708
30011 0.083316 0.0095708
51562 0.083287 0.0095708
81631 0.083285 0.0095708
5531 0.083282 0.0095708
54542 0.083272 0.0095708
10933 0.083271 0.0095708
7323 0.083266 0.0095708
2521 0.083262 0.0095708
23401 0.083261 0.0095708
54739 0.083258 0.0095708
23317 0.083250 0.0095708
9146 0.083246 0.0095708
3839 0.083235 0.0095708
4233 0.083234 0.0095708
10477 0.083225 0.0095708
286514 0.083224 0.0095708
5582 0.083220 0.0095708
10389 0.083212 0.0095708
9993 0.083209 0.0095708
5336 0.083208 0.0095708
4841 0.083203 0.0095708
200894 0.083202 0.0095708
7332 0.083201 0.0095708
54897 0.083200 0.0095708
80700 0.083200 0.0095708
9802 0.083198 0.0095708
23390 0.083188 0.0095708
2011 0.083185 0.0095708
2081 0.083175 0.0095708
5597 0.083171 0.0095708
2801 0.083162 0.0095708
9533 0.083159 0.0095708
6418 0.083156 0.0095708
5335 0.083153 0.0095708
57554 0.083152 0.0095708
84839 0.083151 0.0095708
7003 0.083146 0.0095708
6453 0.083145 0.0095708
3055 0.083144 0.0095708
4130 0.083144 0.0095708
2275 0.083142 0.0095708
5728 0.083124 0.0095708
3693 0.083123 0.0095708
5159 0.083123 0.0095708
9588 0.083117 0.0095708
4998 0.083114 0.0095708
6794 0.083102 0.0095708
5660 0.083101 0.0095708
2670 0.083100 0.0095708
5681 0.083097 0.0095708
80314 0.083096 0.0095708
7538 0.083090 0.0095708
51364 0.083078 0.0095708
23148 0.083076 0.0095708
80790 0.083074 0.0095708
7410 0.083061 0.0095708
2176 0.083057 0.0095708
6895 0.083054 0.0095708
1832 0.083050 0.0095708
440603 0.083047 0.0095708
2887 0.083043 0.0095708
5192 0.083032 0.0095708
5887 0.083030 0.0095708
64425 0.083024 0.0095708
10009 0.083015 0.0095708
23649 0.083015 0.0095708
7097 0.083014 0.0095708
1602 0.083009 0.0095708
5981 0.083003 0.0095708
7187 0.083002 0.0095708
11116 0.082998 0.0095708
4802 0.082993 0.0095708
5770 0.082992 0.0095708
55670 0.082981 0.0095708
27429 0.082981 0.0095708
7297 0.082980 0.0095708
89 0.082980 0.0095708
90480 0.082978 0.0095708
27161 0.082973 0.0095708
324 0.082972 0.0095708
51230 0.082967 0.0095708
92906 0.082967 0.0095708
2289 0.082964 0.0095708
51255 0.082951 0.0095708
26994 0.082950 0.0095708
1308 0.082946 0.0095708
5886 0.082935 0.0095708
5156 0.082934 0.0095708
657 0.082932 0.0095708
51676 0.082926 0.0095708
5349 0.082921 0.0095708
5781 0.082914 0.0095708
558 0.082911 0.0095708
4738 0.082903 0.0095708
2242 0.082898 0.0095708
7846 0.082886 0.0095708
673 0.082878 0.0095708
5290 0.082872 0.0095708
5920 0.082869 0.0095708
84675 0.082852 0.0095708
23001 0.082849 0.0095708
80279 0.082845 0.0095708
641 0.082829 0.0095708
29761 0.082825 0.0095708
729324 0.082822 0.0095708
9212 0.082821 0.0095708
55167 0.082819 0.0095708
54505 0.082817 0.0095708
10906 0.082811 0.0095708
9516 0.082803 0.0095708
84978 0.082787 0.0095708
23252 0.082781 0.0095708
6789 0.082779 0.0095708
5166 0.082771 0.0095708
9616 0.082763 0.0095708
55818 0.082762 0.0095708
4620 0.082745 0.0095708
4604 0.082742 0.0095708
25885 0.082742 0.0095708
10490 0.082741 0.0095708
6988 0.082735 0.0095708
50862 0.082733 0.0095708
1399 0.082730 0.0095708
3265 0.082725 0.0095708
1852 0.082723 0.0095708
648 0.082722 0.0095708
100532731 0.082722 0.0095708
54386 0.082712 0.0095708
2175 0.082710 0.0095708
9113 0.082707 0.0095708
8328 0.082706 0.0095708
57506 0.082702 0.0095708
57504 0.082692 0.0095708
9099 0.082671 0.0095708
10943 0.082667 0.0095708
3214 0.082665 0.0095708
158234 0.082665 0.0095708
3218 0.082665 0.0095708
4499 0.082662 0.0095708
80198 0.082659 0.0095708
84174 0.082659 0.0095708
154796 0.082659 0.0095708
8573 0.082658 0.0095708
10036 0.082655 0.0095708
1936 0.082652 0.0095708
4502 0.082632 0.0095708
2071 0.082628 0.0095708
70 0.082624 0.0095708
7862 0.082603 0.0095708
11221 0.082598 0.0095708
79838 0.082597 0.0095708
80004 0.082597 0.0095708
1911 0.082591 0.0095708
55140 0.082583 0.0095708
84851 0.082576 0.0095708
4796 0.082575 0.0095708
4170 0.082574 0.0095708
3190 0.082571 0.0095708
23633 0.082570 0.0095708
5423 0.082564 0.0095708
9101 0.082557 0.0095708
10915 0.082543 0.0095708
4661 0.082542 0.0095708
5562 0.082540 0.0095708
4077 0.082526 0.0095708
10010 0.082526 0.0095708
2617 0.082516 0.0095708
56924 0.082492 0.0095708
7334 0.082486 0.0095708
7415 0.082477 0.0095708
7185 0.082476 0.0095708
3598 0.082475 0.0095708
205564 0.082471 0.0095708
4692 0.082469 0.0095708
3937 0.082458 0.0095708
1959 0.082451 0.0095708
7052 0.082451 0.0095708
80152 0.082449 0.0095708
3014 0.082447 0.0095708
117178 0.082441 0.0095708
54778 0.082438 0.0095708
4145 0.082432 0.0095708
57459 0.082431 0.0095708
9584 0.082425 0.0095708
55755 0.082423 0.0095708
4163 0.082420 0.0095708
57646 0.082416 0.0095708
8864 0.082415 0.0095708
2934 0.082415 0.0095708
55740 0.082410 0.0095708
466 0.082409 0.0095708
63967 0.082385 0.0095708
340061 0.082379 0.0095708
1453 0.082375 0.0095708
2036 0.082370 0.0095708
3326 0.082369 0.0095708
26470 0.082369 0.0095708
6331 0.082352 0.0095708
8848 0.082346 0.0095708
675 0.082334 0.0095708
7852 0.082333 0.0095708
354 0.082331 0.0095708
7014 0.082329 0.0095708
8851 0.082324 0.0095708
9100 0.082322 0.0095708
25959 0.082320 0.0095708
5930 0.082319 0.0095708
7159 0.082314 0.0095708
80124 0.082307 0.0095708
84708 0.082298 0.0095708
4536 0.082295 0.0095708
79589 0.082290 0.0095708
57617 0.082284 0.0095708
151742 0.082279 0.0095708
10671 0.082269 0.0095708
84447 0.082267 0.0095708
158809 0.082266 0.0095708
1500 0.082263 0.0095708
79178 0.082258 0.0095708
8764 0.082251 0.0095708
8600 0.082246 0.0095708
808 0.082245 0.0095708
805 0.082245 0.0095708
801 0.082240 0.0095708
5210 0.082238 0.0095708
7957 0.082233 0.0095708
1994 0.082223 0.0095708
9958 0.082220 0.0095708
6502 0.082220 0.0095708
5576 0.082206 0.0095708
321 0.082202 0.0095708
6472 0.082188 0.0095708
71 0.082187 0.0095708
7533 0.082184 0.0095708
284352 0.082168 0.0095708
1810 0.082165 0.0095708
5795 0.082164 0.0095708
57761 0.082147 0.0095708
331 0.082147 0.0095708
5243 0.082139 0.0095708
7205 0.082134 0.0095708
2149 0.082134 0.0095708
6657 0.082125 0.0095708
84749 0.082124 0.0095708
1912 0.082120 0.0095708
5000 0.082113 0.0095708
1445 0.082103 0.0095708
8557 0.082100 0.0095708
8260 0.082097 0.0095708
10320 0.082094 0.0095708
3178 0.082087 0.0095708
4703 0.082087 0.0095708
57562 0.082086 0.0095708
8239 0.082085 0.0095708
26039 0.082085 0.0095708
8287 0.082079 0.0095708
156 0.082078 0.0095708
2010 0.082062 0.0095708
23326 0.082060 0.0095708
57120 0.082059 0.0095708
55698 0.082054 0.0095708
7535 0.082053 0.0095708
23387 0.082052 0.0095708
5359 0.082038 0.0095708
5530 0.082033 0.0095708
613 0.082031 0.0095708
9709 0.082026 0.0095708
56164 0.082026 0.0095708
55355 0.082011 0.0095708
4294 0.082007 0.0095708
6046 0.082004 0.0095708
9111 0.082003 0.0095708
7514 0.082003 0.0095708
2977 0.082002 0.0095708
9636 0.081999 0.0095708
1656 0.081999 0.0095708
10100 0.081997 0.0095708
7005 0.081990 0.0095708
4301 0.081989 0.0095708
26040 0.081985 0.0095708
11119 0.081982 0.0095708
100131439 0.081982 0.0095708
79908 0.081982 0.0095708
27181 0.081982 0.0095708
6625 0.081979 0.0095708
65990 0.081979 0.0095708
85358 0.081973 0.0095708
3106 0.081971 0.0095708
3791 0.081966 0.0095708
125997 0.081959 0.0095708
729458 0.081959 0.0095708
85509 0.081959 0.0095708
5932 0.081944 0.0095708
8826 0.081935 0.0095708
4824 0.081933 0.0095708
57465 0.081930 0.0095708
6711 0.081928 0.0095708
322 0.081916 0.0095708
10712 0.081912 0.0095708
106821730 0.081911 0.0095708
51421 0.081881 0.0095708
3233 0.081880 0.0095708
3927 0.081875 0.0095708
10488 0.081875 0.0095708
7248 0.081861 0.0095708
9093 0.081851 0.0095708
1466 0.081845 0.0095708
23020 0.081845 0.0095708
2889 0.081844 0.0095708
22806 0.081842 0.0095708
23168 0.081840 0.0095708
23594 0.081837 0.0095708
57561 0.081836 0.0095708
56899 0.081836 0.0095708
10989 0.081826 0.0095708
55660 0.081824 0.0095708
3183 0.081823 0.0095708
27005 0.081819 0.0095708
5516 0.081813 0.0095708
57805 0.081813 0.0095708
91392 0.081810 0.0095708
8339 0.081807 0.0095708
3017 0.081807 0.0095708
8343 0.081807 0.0095708
8347 0.081807 0.0095708
8346 0.081807 0.0095708
8344 0.081807 0.0095708
1937 0.081803 0.0095708
7696 0.081801 0.0095708
5132 0.081794 0.0095708
9618 0.081793 0.0095708
5195 0.081790 0.0095708
6427 0.081777 0.0095708
26469 0.081775 0.0095708
5787 0.081772 0.0095708
5893 0.081761 0.0095708
51177 0.081744 0.0095708
23586 0.081741 0.0095708
9577 0.081734 0.0095708
831 0.081732 0.0095708
2023 0.081729 0.0095708
25759 0.081726 0.0095708
56852 0.081717 0.0095708
9531 0.081712 0.0095708
5710 0.081711 0.0095708
9810 0.081708 0.0095708
5979 0.081695 0.0095708
11074 0.081694 0.0095708
3836 0.081681 0.0095708
25855 0.081671 0.0095708
145508 0.081663 0.0095708
2904 0.081652 0.0095708
10783 0.081650 0.0095708
3702 0.081648 0.0095708
158800 0.081640 0.0095708
22981 0.081635 0.0095708
9677 0.081633 0.0095708
203523 0.081629 0.0095708
3309 0.081629 0.0095708
7579 0.081629 0.0095708
4953 0.081617 0.0095708
55593 0.081614 0.0095708
10307 0.081603 0.0095708
23309 0.081596 0.0095708
10399 0.081590 0.0095708
10236 0.081580 0.0095708
64320 0.081579 0.0095708
56658 0.081577 0.0095708
57695 0.081574 0.0095708
3185 0.081574 0.0095708
4118 0.081574 0.0095708
55832 0.081567 0.0095708
153527 0.081555 0.0095708
7276 0.081552 0.0095708
3757 0.081551 0.0095708
26260 0.081548 0.0095708
6660 0.081544 0.0095708
329 0.081542 0.0095708
3070 0.081535 0.0095708
4739 0.081532 0.0095708
11051 0.081527 0.0095708
6710 0.081526 0.0095708
122809 0.081525 0.0095708
9546 0.081521 0.0095708
7314 0.081520 0.0095708
5663 0.081516 0.0095708
90933 0.081516 0.0095708
374650 0.081508 0.0095708
65260 0.081504 0.0095708
3801 0.081502 0.0095708
7110 0.081501 0.0095708
10422 0.081500 0.0095708
3912 0.081485 0.0095708
1406 0.081485 0.0095708
54708 0.081485 0.0095708
6878 0.081485 0.0095708
7515 0.081477 0.0095708
1785 0.081472 0.0095708
2017 0.081471 0.0095708
3476 0.081459 0.0095708
637 0.081457 0.0095708
10299 0.081455 0.0095708
5001 0.081447 0.0095708
80328 0.081446 0.0095708
23043 0.081442 0.0095708
26524 0.081432 0.0095708
64219 0.081421 0.0095708
5178 0.081414 0.0095708
25988 0.081402 0.0095708
10914 0.081396 0.0095708
6749 0.081389 0.0095708
84678 0.081386 0.0095708
11179 0.081385 0.0095708
100861412 0.081382 0.0095708
25788 0.081382 0.0095708
7040 0.081378 0.0095708
79797 0.081378 0.0095708
54764 0.081374 0.0095708
11030 0.081374 0.0095708
10768 0.081362 0.0095708
8887 0.081357 0.0095708
27246 0.081352 0.0095708
54472 0.081352 0.0095708
7048 0.081350 0.0095708
10952 0.081327 0.0095708
54971 0.081323 0.0095708
984 0.081313 0.0095708
7375 0.081311 0.0095708
22794 0.081308 0.0095708
28984 0.081307 0.0095708
7529 0.081301 0.0095708
22853 0.081300 0.0095708
4763 0.081299 0.0095708
6915 0.081295 0.0095708
10254 0.081289 0.0095708
55361 0.081286 0.0095708
55658 0.081286 0.0095708
6493 0.081281 0.0095708
8161 0.081281 0.0095708
26145 0.081274 0.0095708
10188 0.081270 0.0095708
5165 0.081252 0.0095708
5684 0.081250 0.0095708
23641 0.081249 0.0095708
5007 0.081243 0.0095708
5879 0.081240 0.0095708
494470 0.081234 0.0095708
139562 0.081233 0.0095708
5788 0.081231 0.0095708
6655 0.081230 0.0095708
57159 0.081228 0.0095708
22907 0.081223 0.0095708
55578 0.081221 0.0095708
11169 0.081216 0.0095708
126119 0.081209 0.0095708
3297 0.081208 0.0095708
5575 0.081202 0.0095708
57178 0.081200 0.0095708
10291 0.081199 0.0095708
11345 0.081191 0.0095708
5903 0.081190 0.0095708
4733 0.081189 0.0095708
64837 0.081181 0.0095708
54165 0.081175 0.0095708
116449 0.081175 0.0095708
4540 0.081168 0.0095708
5496 0.081167 0.0095708
81603 0.081163 0.0095708
5584 0.081153 0.0095708
11339 0.081148 0.0095708
8900 0.081142 0.0095708
898 0.081138 0.0095708
5532 0.081135 0.0095708
152926 0.081134 0.0095708
51593 0.081133 0.0095708
28964 0.081128 0.0095708
4771 0.081127 0.0095708
432 0.081121 0.0095708
2321 0.081121 0.0095708
4188 0.081115 0.0095708
8535 0.081111 0.0095708
8027 0.081097 0.0095708
51343 0.081091 0.0095708
1058 0.081079 0.0095708
5588 0.081074 0.0095708
2318 0.081067 0.0095708
79444 0.081067 0.0095708
29979 0.081067 0.0095708
54815 0.081061 0.0095708
273 0.081059 0.0095708
998 0.081059 0.0095708
11338 0.081054 0.0095708
4914 0.081049 0.0095708
57085 0.081043 0.0095708
116496 0.081036 0.0095708
5536 0.081032 0.0095708
6853 0.081032 0.0095708
3338 0.081024 0.0095708
1195 0.081010 0.0095708
57473 0.081008 0.0095708
9110 0.081007 0.0095708
26153 0.081000 0.0095708
54894 0.080998 0.0095708
5702 0.080992 0.0095708
25763 0.080985 0.0095708
2553 0.080977 0.0095708
8621 0.080974 0.0095708
23294 0.080972 0.0095708
254048 0.080966 0.0095708
3300 0.080959 0.0095708
93487 0.080959 0.0095708
84188 0.080959 0.0095708
3221 0.080949 0.0095708
84172 0.080947 0.0095708
6449 0.080946 0.0095708
23186 0.080943 0.0095708
201254 0.080937 0.0095708
124056 0.080934 0.0095708
3728 0.080934 0.0095708
55432 0.080930 0.0095708
1400 0.080921 0.0095708
6640 0.080919 0.0095708
9513 0.080919 0.0095708
8462 0.080917 0.0095708
9808 0.080904 0.0095708
30836 0.080902 0.0095708
64759 0.080897 0.0095708
5923 0.080894 0.0095708
64283 0.080892 0.0095708
64844 0.080891 0.0095708
91404 0.080887 0.0095708
6294 0.080885 0.0095708
9699 0.080876 0.0095708
85363 0.080875 0.0095708
29089 0.080871 0.0095708
5682 0.080868 0.0095708
3799 0.080857 0.0095708
7277 0.080847 0.0095708
2647 0.080826 0.0095708
1173 0.080823 0.0095708
84445 0.080819 0.0095708
4173 0.080816 0.0095708
51729 0.080809 0.0095708
79594 0.080805 0.0095708
4110 0.080801 0.0095708
2982 0.080799 0.0095708
27338 0.080795 0.0095708
26148 0.080793 0.0095708
3798 0.080793 0.0095708
9921 0.080788 0.0095708
152137 0.080788 0.0095708
79864 0.080783 0.0095708
168391 0.080783 0.0095708
49 0.080783 0.0095708
5320 0.080776 0.0095708
8932 0.080770 0.0095708
10481 0.080757 0.0095708
1540 0.080733 0.0095708
578 0.080731 0.0095708
9079 0.080727 0.0095708
162 0.080722 0.0095708
134218 0.080716 0.0095708
7320 0.080714 0.0095708
10769 0.080708 0.0095708
10540 0.080696 0.0095708
7532 0.080693 0.0095708
29948 0.080689 0.0095708
1397 0.080687 0.0095708
9319 0.080679 0.0095708
10211 0.080677 0.0095708
10579 0.080675 0.0095708
148581 0.080674 0.0095708
55275 0.080666 0.0095708
58533 0.080662 0.0095708
8976 0.080647 0.0095708
5775 0.080641 0.0095708
57187 0.080639 0.0095708
64319 0.080637 0.0095708
55182 0.080631 0.0095708
583 0.080627 0.0095708
200728 0.080622 0.0095708
51295 0.080616 0.0095708
1213 0.080614 0.0095708
154 0.080612 0.0095708
5127 0.080612 0.0095708
8654 0.080607 0.0095708
55352 0.080602 0.0095708
9205 0.080600 0.0095708
1840 0.080599 0.0095708
9666 0.080597 0.0095708
7518 0.080595 0.0095708
5829 0.080588 0.0095708
5570 0.080582 0.0095708
51061 0.080582 0.0095708
200845 0.080575 0.0095708
5997 0.080566 0.0095708
9557 0.080560 0.0095708
64129 0.080555 0.0095708
6696 0.080555 0.0095708
7564 0.080545 0.0095708
6093 0.080544 0.0095708
10611 0.080543 0.0095708
2177 0.080543 0.0095708
7936 0.080542 0.0095708
120 0.080541 0.0095708
51631 0.080537 0.0095708
3480 0.080523 0.0095708
5567 0.080521 0.0095708
826 0.080517 0.0095708
375260 0.080514 0.0095708
267 0.080512 0.0095708
96626 0.080507 0.0095708
100288695 0.080507 0.0095708
170626 0.080506 0.0095708
85457 0.080497 0.0095708
10197 0.080488 0.0095708
5052 0.080487 0.0095708
26003 0.080476 0.0095708
208 0.080468 0.0095708
220164 0.080465 0.0095708
25758 0.080457 0.0095708
8665 0.080453 0.0095708
2512 0.080439 0.0095708
8315 0.080438 0.0095708
6943 0.080437 0.0095708
51728 0.080437 0.0095708
6738 0.080436 0.0095708
7965 0.080433 0.0095708
167465 0.080426 0.0095708
103 0.080411 0.0095708
84962 0.080409 0.0095708
3581 0.080403 0.0095708
9555 0.080403 0.0095708
8558 0.080400 0.0095708
7168 0.080398 0.0095708
84709 0.080398 0.0095708
116840 0.080396 0.0095708
81565 0.080382 0.0095708
23072 0.080380 0.0095708
22983 0.080377 0.0095708
51106 0.080368 0.0095708
9488 0.080368 0.0095708
29083 0.080368 0.0095708
220001 0.080368 0.0095708
5782 0.080365 0.0095708
25803 0.080362 0.0095708
9260 0.080362 0.0095708
6513 0.080359 0.0095708
9001 0.080353 0.0095708
7029 0.080353 0.0095708
284252 0.080353 0.0095708
5607 0.080353 0.0095708
9610 0.080350 0.0095708
7328 0.080347 0.0095708
84002 0.080341 0.0095708
8453 0.080334 0.0095708
10207 0.080329 0.0095708
10617 0.080325 0.0095708
4066 0.080323 0.0095708
4035 0.080323 0.0095708
6311 0.080322 0.0095708
3239 0.080316 0.0095708
11193 0.080313 0.0095708
9044 0.080312 0.0095708
2237 0.080309 0.0095708
27101 0.080308 0.0095708
283629 0.080307 0.0095708
8888 0.080304 0.0095708
64127 0.080304 0.0095708
65018 0.080301 0.0095708
9094 0.080300 0.0095708
9833 0.080297 0.0095708
10298 0.080296 0.0095708
4008 0.080292 0.0095708
359845 0.080279 0.0095708
2824 0.080274 0.0095708
7980 0.080274 0.0095708
54935 0.080269 0.0095708
7257 0.080264 0.0095708
79676 0.080260 0.0095708
55257 0.080259 0.0095708
9690 0.080258 0.0095708
3337 0.080254 0.0095708
154214 0.080254 0.0095708
56957 0.080253 0.0095708
126637 0.080248 0.0095708
7249 0.080244 0.0095708
7389 0.080233 0.0095708
1942 0.080231 0.0095708
51763 0.080227 0.0095708
59349 0.080225 0.0095708
26118 0.080223 0.0095708
4627 0.080220 0.0095708
3572 0.080213 0.0095708
4678 0.080206 0.0095708
78987 0.080206 0.0095708
1600 0.080205 0.0095708
9266 0.080198 0.0095708
29903 0.080191 0.0095708
57466 0.080189 0.0095708
27185 0.080188 0.0095708
1950 0.080187 0.0095708
369 0.080175 0.0095708
57599 0.080164 0.0095708
582 0.080163 0.0095708
23035 0.080160 0.0095708
6689 0.080160 0.0095708
23358 0.080155 0.0095708
55689 0.080152 0.0095708
3996 0.080147 0.0095708
55914 0.080144 0.0095708
84727 0.080134 0.0095708
7398 0.080134 0.0095708
2537 0.080133 0.0095708
840 0.080124 0.0095708
30818 0.080116 0.0095708
7001 0.080113 0.0095708
55872 0.080111 0.0095708
8723 0.080111 0.0095708
100289635 0.080103 0.0095708
820 0.080103 0.0095708
9172 0.080102 0.0095708
163033 0.080102 0.0095708
3105 0.080089 0.0095708
84223 0.080085 0.0095708
10043 0.080081 0.0095708
6777 0.080077 0.0095708
64396 0.080074 0.0095708
1496 0.080073 0.0095708
23542 0.080069 0.0095708
10241 0.080064 0.0095708
7030 0.080057 0.0095708
23621 0.080056 0.0095708
7812 0.080056 0.0095708
875 0.080051 0.0095708
102724560 0.080051 0.0095708
6120 0.080050 0.0095708
29102 0.080035 0.0095708
2746 0.080023 0.0095708
1639 0.080015 0.0095708
1778 0.080014 0.0095708
811 0.080013 0.0095708
22827 0.080008 0.0095708
9796 0.080007 0.0095708
23371 0.080005 0.0095708
4690 0.079996 0.01131
284058 0.079993 0.01131
56901 0.079989 0.01131
23348 0.079973 0.01131
246777 0.079972 0.01131
5806 0.079972 0.01131
126321 0.079972 0.01131
51348 0.079972 0.01131
29942 0.079972 0.01131
84666 0.079972 0.01131
163175 0.079972 0.01131
83953 0.079972 0.01131
91975 0.079972 0.01131
6038 0.079972 0.01131
57404 0.079972 0.01131
84515 0.079972 0.01131
347292 0.079972 0.01131
2567 0.079972 0.01131
339123 0.079972 0.01131
3638 0.079972 0.01131
344658 0.079972 0.01131
114801 0.079972 0.01131
55592 0.079972 0.01131
135138 0.079972 0.01131
135114 0.079972 0.01131
9629 0.079972 0.01131
93979 0.079972 0.01131
79192 0.079972 0.01131
1804 0.079972 0.01131
10863 0.079972 0.01131
118611 0.079972 0.01131
585 0.079962 0.01131
4175 0.079960 0.01131
3312 0.079948 0.01131
51608 0.079942 0.01131
55212 0.079939 0.01131
54978 0.079938 0.01131
11128 0.079938 0.01131
80321 0.079934 0.01131
118424 0.079918 0.01131
125115 0.079907 0.01131
11004 0.079906 0.01131
22882 0.079906 0.01131
3305 0.079902 0.01131
5054 0.079895 0.01131
333 0.079893 0.01131
55002 0.079891 0.01131
64182 0.079876 0.01131
9659 0.079876 0.01131
653513 0.079876 0.01131
6596 0.079872 0.01131
8678 0.079872 0.01131
5074 0.079866 0.01131
147339 0.079866 0.01131
168374 0.079857 0.01131
60490 0.079853 0.01131
685 0.079851 0.01131
8874 0.079845 0.01131
6457 0.079842 0.01131
10916 0.079841 0.01131
7448 0.079838 0.01131
5524 0.079838 0.01131
2444 0.079836 0.01131
23424 0.079835 0.01131
3674 0.079825 0.01131
2629 0.079821 0.01131
3738 0.079819 0.01131
387 0.079818 0.01131
54821 0.079817 0.01131
1465 0.079815 0.01131
81569 0.079806 0.01131
10801 0.079799 0.01131
1838 0.079793 0.01131
23557 0.079785 0.01131
100124700 0.079781 0.01131
102724428 0.079777 0.01131
150094 0.079777 0.01131
174 0.079774 0.01131
6643 0.079774 0.01131
23420 0.079770 0.01131
7571 0.079765 0.01131
27252 0.079758 0.01131
139212 0.079755 0.01131
23466 0.079748 0.01131
10055 0.079747 0.01131
79760 0.079746 0.01131
11100 0.079746 0.01131
266812 0.079746 0.01131
7644 0.079741 0.01131
373 0.079739 0.01131
54836 0.079735 0.01131
5157 0.079733 0.01131
7681 0.079728 0.01131
10301 0.079725 0.01131
327 0.079723 0.01131
374 0.079720 0.01131
57479 0.079719 0.01131
10458 0.079719 0.01131
7984 0.079717 0.01131
90627 0.079716 0.01131
6456 0.079711 0.01131
1080 0.079708 0.01131
2669 0.079708 0.01131
2332 0.079706 0.01131
50855 0.079704 0.01131
54521 0.079703 0.01131
5905 0.079701 0.01131
10810 0.079691 0.01131
5537 0.079683 0.01131
291 0.079681 0.01131
2263 0.079681 0.01131
246329 0.079668 0.01131
1141 0.079660 0.01131
7365 0.079656 0.01131
55362 0.079656 0.01131
9967 0.079654 0.01131
10094 0.079654 0.01131
27250 0.079653 0.01131
26088 0.079646 0.01131
9988 0.079645 0.01131
177 0.079641 0.01131
23295 0.079641 0.01131
1072 0.079639 0.01131
65988 0.079639 0.01131
23032 0.079636 0.01131
339287 0.079633 0.01131
23090 0.079627 0.01131
6795 0.079626 0.01131
2962 0.079621 0.01131
64855 0.079611 0.01131
23224 0.079610 0.01131
51442 0.079599 0.01131
10473 0.079598 0.01131
3303 0.079595 0.01131
3304 0.079595 0.01131
6873 0.079590 0.01131
5927 0.079587 0.01131
60401 0.079584 0.01131
8575 0.079584 0.01131
22898 0.079581 0.01131
1123 0.079577 0.01131
54941 0.079577 0.01131
389856 0.079574 0.01131
83903 0.079568 0.01131
8500 0.079559 0.01131
9788 0.079549 0.01131
11319 0.079548 0.01131
23558 0.079536 0.01131
23135 0.079536 0.01131
11218 0.079532 0.01131
9343 0.079529 0.01131
338872 0.079527 0.01131
84321 0.079524 0.01131
3694 0.079521 0.01131
1063 0.079520 0.01131
55502 0.079517 0.01131
5427 0.079517 0.01131
2896 0.079508 0.01131
