#Id Score P-value
5468 1.000000 0.0
85441 0.712040 7.62e-05
247 0.629147 7.62e-05
2134 0.608979 7.62e-05
221895 0.533996 7.62e-05
26137 0.518372 7.62e-05
4488 0.341426 0.0001528
4929 0.330052 0.0001528
9326 0.329028 0.0001528
9603 0.324236 0.0001528
9214 0.320222 0.0001528
8031 0.313802 0.0002223
2168 0.310810 0.0002223
7141 0.310264 0.0002223
6857 0.310060 0.0002223
26287 0.309778 0.0002981
84885 0.304146 0.0002981
6257 0.300939 0.0002981
79842 0.290962 0.0002981
10002 0.290393 0.0002981
23764 0.288900 0.0002981
9925 0.284299 0.0002981
190 0.280603 0.0002981
113179 0.279854 0.0002981
84838 0.263238 0.0002981
7975 0.257648 0.0002981
4582 0.255118 0.0002981
225689 0.251503 0.0002981
195814 0.249095 0.0002981
9325 0.247804 0.0002981
10891 0.243951 0.0002981
115950 0.242954 0.0002981
9314 0.233193 0.0002981
8648 0.229534 0.0002981
60468 0.228150 0.0002981
2063 0.225615 0.0002981
92002 0.224396 0.0002981
221037 0.221327 0.0002981
8431 0.219808 0.0002981
51701 0.217983 0.0002981
4135 0.215221 0.0002981
3492 0.213583 0.0002981
10902 0.213171 0.0002981
51102 0.212944 0.0002981
8204 0.212285 0.0002981
284312 0.211214 0.0002981
688 0.209150 0.0004445
64324 0.208364 0.0004445
23019 0.204123 0.0004445
80032 0.204054 0.0004445
9612 0.204027 0.0004445
23054 0.201784 0.0004445
221504 0.200717 0.0004445
253980 0.199789 0.0004445
3159 0.199355 0.0004445
3832 0.198281 0.0004445
10499 0.196899 0.0004445
113201 0.195788 0.0004445
79812 0.195788 0.0004445
8202 0.195408 0.0004445
6256 0.193710 0.0004445
5469 0.191706 0.0004445
4793 0.190865 0.0004445
57409 0.190455 0.0004445
29109 0.189636 0.0005187
23426 0.187514 0.0005187
2308 0.187431 0.0005187
5495 0.187152 0.0005187
8721 0.187048 0.0005187
50805 0.185970 0.0005187
3235 0.185567 0.0005187
55809 0.183501 0.0005187
9611 0.182299 0.0005187
91137 0.178829 0.0007334
100528030 0.178146 0.0007334
8693 0.178146 0.0007334
6604 0.177965 0.0007334
51201 0.177655 0.0007334
3164 0.176489 0.0007334
3171 0.174798 0.0007334
6840 0.173799 0.0007334
7181 0.172874 0.0007334
547 0.172842 0.0007334
7702 0.172221 0.0007334
8841 0.171239 0.0007334
10048 0.170755 0.0007334
2018 0.170408 0.0007334
117154 0.169710 0.0007334
5929 0.169491 0.0007334
5128 0.169392 0.0007334
1071 0.169273 0.0007334
8554 0.167992 0.0007334
2648 0.167621 0.0007334
1020 0.167373 0.0007334
1387 0.166936 0.0007334
5371 0.166334 0.0007334
5629 0.165885 0.0007334
10957 0.165766 0.0007334
9935 0.165620 0.0007334
10987 0.165585 0.0007334
8805 0.165455 0.0007334
3725 0.165208 0.0007334
9070 0.164806 0.0007334
871 0.161578 0.0007334
5578 0.161284 0.0007334
857 0.161139 0.0007334
5970 0.160867 0.0007334
2033 0.160760 0.0007334
3664 0.160422 0.0007334
56751 0.160387 0.0007334
3551 0.160258 0.0007334
11091 0.159110 0.0008059
8543 0.159089 0.0008059
29982 0.158820 0.0008059
2180 0.158503 0.0008059
5604 0.157677 0.0008059
6258 0.157624 0.0008059
4734 0.157000 0.0008059
5017 0.156559 0.0008059
6772 0.156183 0.0008059
81 0.155494 0.0008059
342945 0.153427 0.0008059
55629 0.153244 0.0008059
7329 0.151941 0.0008059
7874 0.151834 0.0008059
571 0.151644 0.0008059
727764 0.151448 0.0008059
5915 0.151394 0.0008059
10524 0.151287 0.0008059
55262 0.151228 0.0008059
11331 0.150879 0.0008059
780851 0.150349 0.0008059
7791 0.150172 0.0008059
57472 0.149811 0.0008763
3064 0.148923 0.0008763
126382 0.148157 0.0008763
55154 0.147572 0.0008763
4097 0.145405 0.0008763
3170 0.145375 0.0008763
55806 0.145172 0.0008763
1956 0.144898 0.0008763
4306 0.144542 0.0008763
7316 0.143847 0.0008763
4779 0.143448 0.0008763
6421 0.143355 0.0008763
81857 0.142898 0.0008763
3196 0.140564 0.0008763
79722 0.138339 0.0010206
57057 0.138339 0.0010206
84684 0.138339 0.0010206
90 0.137603 0.0010206
23598 0.137301 0.0010206
932 0.137161 0.0010206
9723 0.137121 0.0010206
10062 0.137072 0.0010206
430 0.136687 0.0010206
284358 0.136363 0.0010206
7089 0.136290 0.0010206
54929 0.135983 0.0010206
4848 0.134965 0.0010206
283248 0.134770 0.0010206
6039 0.134770 0.0010206
55509 0.134649 0.0010206
124152 0.134628 0.0010206
9337 0.134475 0.0010206
64699 0.133925 0.0010206
130557 0.133880 0.0010206
5881 0.133778 0.0010206
7068 0.133601 0.0010206
246175 0.133583 0.0010206
9847 0.132940 0.0010206
9970 0.132304 0.0010206
3172 0.132188 0.0010206
5916 0.130590 0.0010206
2649 0.130255 0.0010206
7182 0.129801 0.0012409
10011 0.129757 0.0012409
6957 0.129521 0.0012409
1996 0.129177 0.0012409
7025 0.129060 0.0012409
775 0.128894 0.0012409
5083 0.128822 0.0012409
7080 0.128772 0.0012409
7101 0.128608 0.0012409
4487 0.128193 0.0012409
3131 0.127913 0.0012409
3225 0.127740 0.0012409
340719 0.127718 0.0012409
29893 0.127378 0.0012409
8856 0.127170 0.0012409
5465 0.127125 0.0012409
171023 0.127015 0.0012409
51008 0.126993 0.0012409
6955 0.126729 0.0012409
9407 0.126636 0.0012409
2494 0.126627 0.0012409
2710 0.126242 0.0012409
11036 0.126034 0.0012409
9924 0.125953 0.0012409
159296 0.125088 0.0012409
5914 0.124688 0.0012409
4603 0.124542 0.0012409
7752 0.124190 0.0012409
252884 0.123907 0.0012409
1044 0.123506 0.0012409
2019 0.123375 0.0012409
201501 0.123050 0.0012409
6722 0.122964 0.0012409
6662 0.122694 0.0012409
7026 0.122329 0.0012409
5467 0.121982 0.0012409
84547 0.121515 0.0012409
3206 0.121504 0.0012409
10103 0.121394 0.0012409
6402 0.120668 0.0012409
5316 0.120509 0.0012409
6759 0.120322 0.0012409
548313 0.120322 0.0012409
4780 0.120246 0.0012409
64091 0.120157 0.0012409
7544 0.119881 0.0015311
1051 0.119869 0.0015311
4094 0.119593 0.0015311
602 0.119406 0.0015311
26873 0.119116 0.0015311
4783 0.119017 0.0015311
5568 0.118908 0.0015311
1380 0.118735 0.0015311
4878 0.118532 0.0015311
26959 0.118477 0.0015311
57109 0.118234 0.0015311
2516 0.118022 0.0015311
153443 0.117761 0.0015311
387103 0.117617 0.0015311
284014 0.117617 0.0015311
7421 0.117056 0.0015311
26240 0.117054 0.0015311
79447 0.116921 0.0015311
4542 0.116724 0.0015311
3150 0.116722 0.0015311
6758 0.116611 0.0015311
5130 0.116466 0.0015311
4205 0.116458 0.0015311
2625 0.116449 0.0015311
8092 0.116308 0.0015311
3169 0.116192 0.0015311
7067 0.116174 0.0015311
1628 0.116073 0.0015311
29883 0.116050 0.0015311
3174 0.115860 0.0015311
9125 0.115856 0.0015311
1649 0.115762 0.0015311
2847 0.115698 0.0015311
51303 0.115537 0.0015311
399909 0.115354 0.0015311
28976 0.115338 0.0015311
7404 0.115295 0.0015311
687 0.115263 0.0015311
4047 0.115054 0.0015311
150000 0.115054 0.0015311
338322 0.114866 0.0015311
54925 0.114725 0.0015311
63946 0.114677 0.0015311
1644 0.114251 0.0015311
25904 0.113879 0.0015311
10538 0.113677 0.0015311
1763 0.113634 0.0015311
79726 0.113634 0.0015311
57047 0.113634 0.0015311
2354 0.113634 0.0015311
317772 0.113634 0.0015311
3699 0.113634 0.0015311
54988 0.113634 0.0015311
163732 0.113634 0.0015311
5991 0.113547 0.0015311
10865 0.113397 0.0015311
158399 0.113311 0.0015311
51084 0.113224 0.0015311
7216 0.113171 0.0015311
2917 0.113008 0.0015311
93649 0.112955 0.0015311
116071 0.112872 0.0015311
2078 0.112864 0.0015311
6096 0.112802 0.0015311
6095 0.112798 0.0015311
6278 0.112747 0.0015311
7376 0.112671 0.0015311
79369 0.112626 0.0015311
30061 0.112626 0.0015311
3458 0.112596 0.0015311
7849 0.112547 0.0015311
10379 0.112382 0.0015311
53335 0.112354 0.0015311
2101 0.112308 0.0015311
30012 0.112266 0.0015311
1018 0.112118 0.0015311
7832 0.112089 0.0015311
4778 0.111900 0.0015311
4849 0.111816 0.0015311
1054 0.111597 0.0015311
9318 0.111453 0.0015311
54516 0.111431 0.0015311
143384 0.111064 0.0015311
5458 0.111064 0.0015311
6736 0.110684 0.0015311
133522 0.110630 0.0015311
79364 0.110476 0.0015311
10370 0.110383 0.0015311
2908 0.110371 0.0015311
7392 0.110262 0.0015311
6414 0.110213 0.0015311
4990 0.110152 0.0015311
2104 0.109779 0.0026264
9575 0.109766 0.0026264
389833 0.109733 0.0026264
143279 0.109611 0.0026264
9937 0.109611 0.0026264
8013 0.109119 0.0026264
8638 0.109083 0.0026264
10973 0.109069 0.0026264
3010 0.109064 0.0026264
283643 0.108993 0.0026264
64288 0.108993 0.0026264
4602 0.108949 0.0026264
8647 0.108726 0.0026264
1050 0.108610 0.0026264
5740 0.108579 0.0026264
23369 0.108575 0.0026264
4862 0.108541 0.0026264
9324 0.108459 0.0026264
953 0.108400 0.0026264
9572 0.108289 0.0026264
79370 0.108193 0.0026264
9971 0.108059 0.0026264
196 0.108018 0.0026264
440515 0.107825 0.0026264
2626 0.107818 0.0026264
4664 0.107758 0.0026264
55628 0.107729 0.0026264
23129 0.107687 0.0026264
1514 0.107679 0.0026264
5308 0.107628 0.0026264
64839 0.107593 0.0026264
10773 0.107264 0.0026264
1053 0.107260 0.0026264
23161 0.107174 0.0026264
64210 0.107160 0.0026264
100289290 0.107155 0.0026264
4142 0.107155 0.0026264
28577 0.107155 0.0026264
9 0.107155 0.0026264
719 0.107155 0.0026264
11174 0.107155 0.0026264
2309 0.107147 0.0026264
2918 0.107072 0.0026264
81606 0.107036 0.0026264
467 0.106432 0.0026264
4255 0.106350 0.0026264
8668 0.106273 0.0026264
3007 0.106260 0.0026264
8877 0.106086 0.0026264
8463 0.106042 0.0026264
91 0.106013 0.0026264
55663 0.105942 0.0026264
9282 0.105860 0.0026264
23461 0.105630 0.0026264
7403 0.105582 0.0026264
374649 0.105394 0.0026264
25865 0.105341 0.0026264
286827 0.105330 0.0026264
1038 0.105306 0.0026264
5241 0.105040 0.0026264
7136 0.105025 0.0026264
2100 0.105002 0.0026264
51147 0.104959 0.0026264
30827 0.104939 0.0026264
6920 0.104859 0.0026264
6667 0.104808 0.0026264
1993 0.104752 0.0026264
6714 0.104619 0.0026264
715 0.104611 0.0026264
3727 0.104610 0.0026264
9862 0.104413 0.0026264
10788 0.104376 0.0026264
3227 0.104317 0.0026264
10221 0.104266 0.0026264
3075 0.104081 0.0026264
6720 0.104043 0.0026264
2353 0.103971 0.0026264
367 0.103933 0.0026264
23338 0.103905 0.0026264
468 0.103898 0.0026264
5705 0.103849 0.0026264
1958 0.103712 0.0026264
2114 0.103640 0.0026264
3726 0.103567 0.0026264
8085 0.103518 0.0026264
923 0.103492 0.0026264
6910 0.103457 0.0026264
94137 0.103456 0.0026264
353299 0.103456 0.0026264
360030 0.103456 0.0026264
6650 0.103456 0.0026264
56676 0.103446 0.0026264
8850 0.103295 0.0026264
2099 0.103228 0.0026264
8061 0.103161 0.0026264
219541 0.103133 0.0026264
22908 0.103129 0.0026264
6674 0.103102 0.0026264
604 0.103089 0.0026264
5618 0.103073 0.0026264
9441 0.103064 0.0026264
6688 0.103062 0.0026264
7142 0.103037 0.0026264
51621 0.103031 0.0026264
7629 0.102975 0.0026264
4197 0.102903 0.0026264
2113 0.102856 0.0026264
1386 0.102855 0.0026264
55160 0.102840 0.0026264
54556 0.102791 0.0026264
54934 0.102770 0.0026264
8405 0.102656 0.0026264
29915 0.102586 0.0026264
57690 0.102508 0.0026264
1033 0.102486 0.0026264
10346 0.102447 0.0026264
10001 0.102385 0.0026264
51341 0.102198 0.0026264
10110 0.102183 0.0026264
8521 0.102142 0.0026264
10014 0.102113 0.0026264
2122 0.102078 0.0026264
58499 0.101963 0.0026264
8110 0.101915 0.0026264
4192 0.101862 0.0026264
6097 0.101838 0.0026264
91612 0.101804 0.0026264
10025 0.101653 0.0026264
79918 0.101631 0.0026264
784 0.101630 0.0026264
1280 0.101628 0.0026264
2296 0.101511 0.0026264
83758 0.101341 0.0026264
27287 0.101277 0.0026264
23532 0.101255 0.0026264
8295 0.101247 0.0026264
6773 0.100933 0.0026264
57822 0.100910 0.0026264
7227 0.100905 0.0026264
1499 0.100858 0.0026264
10365 0.100832 0.0026264
3362 0.100811 0.0026264
3065 0.100782 0.0026264
5451 0.100741 0.0026264
9332 0.100699 0.0026264
368 0.100684 0.0026264
2899 0.100652 0.0026264
2268 0.100541 0.0026264
416 0.100522 0.0026264
7066 0.100502 0.0026264
400569 0.100476 0.0026264
11177 0.100386 0.0026264
6262 0.100367 0.0026264
9670 0.100295 0.0026264
10763 0.100253 0.0026264
55636 0.100248 0.0026264
51523 0.100231 0.0026264
58487 0.100136 0.0026264
10587 0.100120 0.0026264
6908 0.100103 0.0026264
5207 0.100091 0.0026264
85415 0.100090 0.0026264
51250 0.100060 0.0026264
7031 0.099980 0.0089836
84105 0.099908 0.0089836
29947 0.099883 0.0089836
51586 0.099841 0.0089836
9968 0.099809 0.0089836
3217 0.099723 0.0089836
2752 0.099705 0.0089836
6597 0.099611 0.0089836
3091 0.099595 0.0089836
51282 0.099586 0.0089836
23133 0.099571 0.0089836
405 0.099517 0.0089836
4208 0.099452 0.0089836
63925 0.099384 0.0089836
2734 0.099377 0.0089836
7494 0.099271 0.0089836
4791 0.099269 0.0089836
60489 0.099267 0.0089836
3229 0.099256 0.0089836
2186 0.099193 0.0089836
406 0.099181 0.0089836
255967 0.099139 0.0089836
5598 0.099119 0.0089836
4209 0.099088 0.0089836
56413 0.099075 0.0089836
3202 0.099072 0.0089836
80852 0.099027 0.0089836
6338 0.099025 0.0089836
54514 0.098984 0.0089836
6035 0.098970 0.0089836
6047 0.098951 0.0089836
9969 0.098927 0.0089836
7586 0.098756 0.0089836
1875 0.098722 0.0089836
80854 0.098637 0.0089836
2056 0.098626 0.0089836
94274 0.098587 0.0089836
8819 0.098477 0.0089836
10335 0.098443 0.0089836
202658 0.098443 0.0089836
6996 0.098434 0.0089836
6882 0.098415 0.0089836
3459 0.098393 0.0089836
4790 0.098347 0.0089836
5594 0.098346 0.0089836
3291 0.098342 0.0089836
6617 0.098291 0.0089836
8289 0.098286 0.0089836
4772 0.098275 0.0089836
10401 0.098257 0.0089836
6340 0.098173 0.0089836
7291 0.098168 0.0089836
10474 0.098163 0.0089836
54797 0.098162 0.0089836
55588 0.098129 0.0089836
3373 0.098125 0.0089836
1385 0.098121 0.0089836
3090 0.098105 0.0089836
1746 0.098052 0.0089836
28512 0.098046 0.0089836
284723 0.098001 0.0089836
26154 0.098001 0.0089836
5079 0.097991 0.0089836
6594 0.097989 0.0089836
6517 0.097970 0.0089836
58508 0.097918 0.0089836
84074 0.097877 0.0089836
4760 0.097776 0.0089836
9439 0.097776 0.0089836
1022 0.097774 0.0089836
7341 0.097772 0.0089836
1032 0.097762 0.0089836
3054 0.097749 0.0089836
7157 0.097718 0.0089836
57680 0.097701 0.0089836
79365 0.097682 0.0089836
2928 0.097665 0.0089836
5338 0.097663 0.0089836
3066 0.097647 0.0089836
7528 0.097644 0.0089836
51176 0.097640 0.0089836
113763 0.097613 0.0089836
5971 0.097609 0.0089836
7709 0.097608 0.0089836
112939 0.097596 0.0089836
84224 0.097570 0.0089836
57491 0.097440 0.0089836
6492 0.097440 0.0089836
1576 0.097429 0.0089836
1845 0.097382 0.0089836
2034 0.097311 0.0089836
1147 0.097242 0.0089836
7158 0.097207 0.0089836
9274 0.097181 0.0089836
57763 0.097173 0.0089836
1024 0.097111 0.0089836
8216 0.097078 0.0089836
4088 0.097035 0.0089836
26595 0.097030 0.0089836
605 0.097015 0.0089836
3151 0.096974 0.0089836
3562 0.096925 0.0089836
7621 0.096871 0.0089836
84525 0.096861 0.0089836
4211 0.096841 0.0089836
9219 0.096804 0.0089836
10498 0.096790 0.0089836
2892 0.096763 0.0089836
9463 0.096722 0.0089836
868 0.096681 0.0089836
4776 0.096680 0.0089836
9443 0.096678 0.0089836
6942 0.096670 0.0089836
10661 0.096616 0.0089836
29993 0.096603 0.0089836
1616 0.096593 0.0089836
1464 0.096578 0.0089836
57786 0.096561 0.0089836
57471 0.096541 0.0089836
94015 0.096541 0.0089836
139067 0.096541 0.0089836
221002 0.096541 0.0089836
325 0.096539 0.0089836
79400 0.096535 0.0089836
128553 0.096535 0.0089836
25950 0.096535 0.0089836
83478 0.096534 0.0089836
55193 0.096467 0.0089836
79977 0.096446 0.0089836
84307 0.096429 0.0089836
6304 0.096398 0.0089836
136227 0.096338 0.0089836
23585 0.096185 0.0089836
6879 0.096184 0.0089836
54765 0.096167 0.0089836
3897 0.096139 0.0089836
6907 0.096095 0.0089836
112950 0.096082 0.0089836
9682 0.096052 0.0089836
3516 0.096046 0.0089836
783 0.095992 0.0089836
5810 0.095956 0.0089836
9412 0.095949 0.0089836
2355 0.095937 0.0089836
3005 0.095929 0.0089836
125050 0.095889 0.0089836
2709 0.095845 0.0089836
79004 0.095840 0.0089836
133746 0.095835 0.0089836
835 0.095832 0.0089836
4297 0.095805 0.0089836
7994 0.095798 0.0089836
127294 0.095782 0.0089836
57496 0.095767 0.0089836
2874 0.095747 0.0089836
3364 0.095745 0.0089836
2580 0.095727 0.0089836
1326 0.095703 0.0089836
5743 0.095697 0.0089836
2672 0.095694 0.0089836
28996 0.095633 0.0089836
23411 0.095631 0.0089836
3659 0.095614 0.0089836
10295 0.095606 0.0089836
10766 0.095601 0.0089836
10782 0.095579 0.0089836
4968 0.095569 0.0089836
4762 0.095568 0.0089836
6497 0.095531 0.0089836
79155 0.095521 0.0089836
6595 0.095443 0.0089836
6883 0.095435 0.0089836
55092 0.095408 0.0089836
8455 0.095362 0.0089836
8533 0.095208 0.0089836
2313 0.095197 0.0089836
1909 0.095195 0.0089836
8517 0.095183 0.0089836
54880 0.095099 0.0089836
6721 0.095091 0.0089836
1869 0.095070 0.0089836
4087 0.095014 0.0089836
6049 0.094988 0.0089836
904 0.094942 0.0089836
23613 0.094933 0.0089836
2735 0.094910 0.0089836
7750 0.094839 0.0089836
3578 0.094810 0.0089836
23741 0.094788 0.0089836
2624 0.094774 0.0089836
10920 0.094753 0.0089836
55888 0.094745 0.0089836
6599 0.094732 0.0089836
84057 0.094706 0.0089836
860 0.094685 0.0089836
9757 0.094683 0.0089836
6598 0.094678 0.0089836
26063 0.094658 0.0089836
5595 0.094646 0.0089836
6239 0.094630 0.0089836
8290 0.094605 0.0089836
2932 0.094577 0.0089836
25999 0.094490 0.0089836
9421 0.094481 0.0089836
387893 0.094466 0.0089836
5580 0.094429 0.0089836
5925 0.094323 0.0089836
399694 0.094322 0.0089836
84661 0.094313 0.0089836
4221 0.094309 0.0089836
4286 0.094308 0.0089836
4773 0.094300 0.0089836
2891 0.094273 0.0089836
64708 0.094270 0.0089836
207 0.094231 0.0089836
84528 0.094220 0.0089836
8507 0.094160 0.0089836
2115 0.094156 0.0089836
27330 0.094118 0.0089836
6603 0.094109 0.0089836
23030 0.094066 0.0089836
86 0.094041 0.0089836
168400 0.094029 0.0089836
5295 0.094013 0.0089836
661 0.093996 0.0089836
6337 0.093978 0.0089836
1021 0.093936 0.0089836
2873 0.093898 0.0089836
3660 0.093878 0.0089836
55728 0.093831 0.0089836
4654 0.093822 0.0089836
51588 0.093785 0.0089836
3705 0.093780 0.0089836
57492 0.093745 0.0089836
6602 0.093700 0.0089836
7088 0.093671 0.0089836
2737 0.093633 0.0089836
11107 0.093615 0.0089836
5587 0.093594 0.0089836
162989 0.093588 0.0089836
9464 0.093584 0.0089836
10042 0.093551 0.0089836
326 0.093504 0.0089836
23476 0.093482 0.0089836
6498 0.093472 0.0089836
23607 0.093471 0.0089836
861 0.093465 0.0089836
5599 0.093446 0.0089836
5460 0.093441 0.0089836
1102 0.093436 0.0089836
5602 0.093413 0.0089836
6929 0.093380 0.0089836
51599 0.093374 0.0089836
5600 0.093364 0.0089836
5454 0.093359 0.0089836
83746 0.093358 0.0089836
1017 0.093336 0.0089836
4204 0.093312 0.0089836
3683 0.093305 0.0089836
4134 0.093250 0.0089836
9739 0.093248 0.0089836
64397 0.093246 0.0089836
7572 0.093241 0.0089836
8091 0.093219 0.0089836
3276 0.093217 0.0089836
9759 0.093184 0.0089836
23543 0.093177 0.0089836
51246 0.093146 0.0089836
3687 0.093143 0.0089836
10270 0.093138 0.0089836
57106 0.093137 0.0089836
6872 0.093125 0.0089836
22809 0.093114 0.0089836
23660 0.093114 0.0089836
2646 0.093046 0.0089836
4089 0.093006 0.0089836
10771 0.092999 0.0089836
5325 0.092973 0.0089836
26013 0.092951 0.0089836
7757 0.092950 0.0089836
23014 0.092943 0.0089836
4605 0.092924 0.0089836
2671 0.092878 0.0089836
3661 0.092864 0.0089836
672 0.092852 0.0089836
9477 0.092849 0.0089836
22938 0.092826 0.0089836
51684 0.092821 0.0089836
7464 0.092812 0.0089836
5874 0.092809 0.0089836
9994 0.092807 0.0089836
4212 0.092804 0.0089836
554313 0.092784 0.0089836
8359 0.092784 0.0089836
8370 0.092784 0.0089836
8294 0.092784 0.0089836
8361 0.092784 0.0089836
8360 0.092784 0.0089836
8363 0.092784 0.0089836
8362 0.092784 0.0089836
8365 0.092784 0.0089836
8364 0.092784 0.0089836
8367 0.092784 0.0089836
8366 0.092784 0.0089836
8368 0.092784 0.0089836
121504 0.092784 0.0089836
10811 0.092782 0.0089836
7775 0.092768 0.0089836
5883 0.092745 0.0089836
7704 0.092714 0.0089836
83737 0.092670 0.0089836
85409 0.092657 0.0089836
2834 0.092624 0.0089836
1786 0.092621 0.0089836
713 0.092616 0.0089836
51082 0.092610 0.0089836
23067 0.092598 0.0089836
2118 0.092597 0.0089836
5579 0.092596 0.0089836
1894 0.092581 0.0089836
5450 0.092563 0.0089836
114884 0.092552 0.0089836
5947 0.092552 0.0089836
9541 0.092532 0.0089836
22926 0.092522 0.0089836
139324 0.092516 0.0089836
5134 0.092512 0.0089836
9194 0.092492 0.0089836
91768 0.092477 0.0089836
10314 0.092440 0.0089836
389941 0.092440 0.0089836
9978 0.092427 0.0089836
2016 0.092413 0.0089836
4609 0.092401 0.0089836
4092 0.092396 0.0089836
10456 0.092301 0.0089836
3486 0.092297 0.0089836
9440 0.092243 0.0089836
3563 0.092186 0.0089836
26009 0.092180 0.0089836
9252 0.092172 0.0089836
983 0.092169 0.0089836
966 0.092155 0.0089836
7027 0.092151 0.0089836
8464 0.092140 0.0089836
60685 0.092123 0.0089836
5090 0.092119 0.0089836
1019 0.092101 0.0089836
4792 0.092098 0.0089836
639 0.092074 0.0089836
253724 0.092074 0.0089836
26993 0.092018 0.0089836
3938 0.092016 0.0089836
761 0.092016 0.0089836
1482 0.092016 0.0089836
5430 0.092011 0.0089836
1871 0.092009 0.0089836
8497 0.091997 0.0089836
7391 0.091996 0.0089836
23132 0.091986 0.0089836
142 0.091960 0.0089836
846 0.091936 0.0089836
10616 0.091911 0.0089836
2627 0.091894 0.0089836
23269 0.091891 0.0089836
79184 0.091879 0.0089836
50813 0.091876 0.0089836
5934 0.091870 0.0089836
9975 0.091865 0.0089836
80095 0.091851 0.0089836
3209 0.091836 0.0089836
25842 0.091832 0.0089836
9063 0.091830 0.0089836
6881 0.091807 0.0089836
22933 0.091803 0.0089836
6284 0.091796 0.0089836
10214 0.091787 0.0089836
9185 0.091770 0.0089836
25942 0.091753 0.0089836
22899 0.091687 0.0089836
6601 0.091661 0.0089836
23471 0.091653 0.0089836
56033 0.091638 0.0089836
51564 0.091574 0.0089836
7161 0.091555 0.0089836
9322 0.091541 0.0089836
122953 0.091537 0.0089836
8913 0.091533 0.0089836
8358 0.091511 0.0089836
8350 0.091511 0.0089836
8351 0.091511 0.0089836
8352 0.091511 0.0089836
8353 0.091511 0.0089836
8354 0.091511 0.0089836
8355 0.091511 0.0089836
8356 0.091511 0.0089836
8357 0.091511 0.0089836
8968 0.091511 0.0089836
55662 0.091509 0.0089836
2305 0.091489 0.0089836
29950 0.091444 0.0089836
27242 0.091436 0.0089836
168433 0.091399 0.0089836
8349 0.091363 0.0089836
81620 0.091353 0.0089836
29072 0.091347 0.0089836
7290 0.091342 0.0089836
1108 0.091327 0.0089836
3009 0.091307 0.0089836
7153 0.091279 0.0089836
8189 0.091273 0.0089836
9149 0.091267 0.0089836
10620 0.091265 0.0089836
1995 0.091252 0.0089836
4345 0.091242 0.0089836
2893 0.091221 0.0089836
3024 0.091191 0.0089836
8242 0.091187 0.0089836
60529 0.091171 0.0089836
338323 0.091148 0.0089836
57692 0.091139 0.0089836
128312 0.091139 0.0089836
10196 0.091133 0.0089836
3280 0.091126 0.0089836
4086 0.091125 0.0089836
8528 0.091100 0.0089836
6886 0.091082 0.0089836
6613 0.091060 0.0089836
2965 0.091044 0.0089836
892 0.091042 0.0089836
449003 0.091018 0.0089836
126961 0.091018 0.0089836
333932 0.091018 0.0089836
653604 0.091018 0.0089836
57658 0.091005 0.0089836
4193 0.091003 0.0089836
55869 0.090999 0.0089836
23097 0.090997 0.0089836
10155 0.090984 0.0089836
3006 0.090932 0.0089836
274 0.090896 0.0089836
5609 0.090885 0.0089836
1052 0.090857 0.0089836
23522 0.090814 0.0089836
1459 0.090797 0.0089836
9275 0.090792 0.0089836
2701 0.090749 0.0089836
5179 0.090749 0.0089836
2120 0.090743 0.0089836
4915 0.090719 0.0089836
8928 0.090709 0.0089836
54069 0.090687 0.0089836
83987 0.090678 0.0089836
56341 0.090667 0.0089836
1002 0.090667 0.0089836
3932 0.090652 0.0089836
10075 0.090650 0.0089836
6310 0.090632 0.0089836
2004 0.090628 0.0089836
4149 0.090626 0.0089836
23028 0.090614 0.0089836
23528 0.090595 0.0089836
2495 0.090567 0.0089836
793 0.090538 0.0089836
51720 0.090535 0.0089836
51185 0.090519 0.0089836
1432 0.090510 0.0089836
1390 0.090508 0.0089836
1460 0.090485 0.0089836
26284 0.090481 0.0089836
5928 0.090479 0.0089836
7023 0.090466 0.0089836
5591 0.090464 0.0089836
51138 0.090424 0.0089836
10691 0.090408 0.0089836
6880 0.090406 0.0089836
1025 0.090401 0.0089836
81608 0.090386 0.0089836
6774 0.090383 0.0089836
1438 0.090369 0.0089836
1388 0.090357 0.0089836
80760 0.090349 0.0089836
2130 0.090345 0.0089836
3320 0.090321 0.0089836
10847 0.090310 0.0089836
55072 0.090304 0.0089836
5931 0.090299 0.0089836
10600 0.090286 0.0089836
8737 0.090279 0.0089836
4850 0.090278 0.0089836
9794 0.090269 0.0089836
1107 0.090252 0.0089836
6900 0.090247 0.0089836
80345 0.090241 0.0089836
6233 0.090228 0.0089836
4154 0.090205 0.0089836
51111 0.090195 0.0089836
5119 0.090183 0.0089836
56938 0.090169 0.0089836
3182 0.090169 0.0089836
140628 0.090159 0.0089836
6416 0.090151 0.0089836
9641 0.090139 0.0089836
9320 0.090135 0.0089836
5978 0.090128 0.0089836
3689 0.090117 0.0089836
5592 0.090097 0.0089836
9330 0.090079 0.0089836
5494 0.090053 0.0089836
10114 0.089966 0.0095708
5583 0.089964 0.0095708
23064 0.089944 0.0095708
2002 0.089943 0.0095708
6778 0.089942 0.0095708
11183 0.089933 0.0095708
9913 0.089914 0.0095708
54904 0.089911 0.0095708
25924 0.089907 0.0095708
196528 0.089905 0.0095708
4599 0.089880 0.0095708
6837 0.089880 0.0095708
51592 0.089838 0.0095708
2623 0.089833 0.0095708
57507 0.089816 0.0095708
8717 0.089800 0.0095708
4509 0.089796 0.0095708
9726 0.089786 0.0095708
25 0.089783 0.0095708
26147 0.089725 0.0095708
1876 0.089661 0.0095708
1789 0.089629 0.0095708
1525 0.089629 0.0095708
8312 0.089619 0.0095708
29128 0.089618 0.0095708
595 0.089610 0.0095708
10013 0.089600 0.0095708
57634 0.089590 0.0095708
3663 0.089579 0.0095708
7041 0.089557 0.0095708
152559 0.089546 0.0095708
79813 0.089540 0.0095708
23414 0.089536 0.0095708
11077 0.089524 0.0095708
5590 0.089514 0.0095708
55571 0.089506 0.0095708
4794 0.089498 0.0095708
1027 0.089493 0.0095708
57684 0.089455 0.0095708
1457 0.089453 0.0095708
8467 0.089450 0.0095708
54994 0.089446 0.0095708
79718 0.089415 0.0095708
9442 0.089396 0.0095708
4289 0.089369 0.0095708
473 0.089350 0.0095708
3195 0.089335 0.0095708
6605 0.089319 0.0095708
577 0.089309 0.0095708
204851 0.089309 0.0095708
1843 0.089301 0.0095708
7289 0.089290 0.0095708
55083 0.089267 0.0095708
4999 0.089261 0.0095708
64332 0.089251 0.0095708
88 0.089244 0.0095708
8454 0.089239 0.0095708
4851 0.089237 0.0095708
23060 0.089235 0.0095708
29122 0.089224 0.0095708
4131 0.089207 0.0095708
1647 0.089180 0.0095708
23205 0.089160 0.0095708
2863 0.089160 0.0095708
93109 0.089160 0.0095708
10919 0.089151 0.0095708
858 0.089140 0.0095708
8607 0.089135 0.0095708
9656 0.089131 0.0095708
4586 0.089127 0.0095708
29028 0.089125 0.0095708
4988 0.089109 0.0095708
152789 0.089099 0.0095708
6615 0.089072 0.0095708
10892 0.089063 0.0095708
4152 0.089049 0.0095708
9839 0.089040 0.0095708
3949 0.089028 0.0095708
79695 0.089025 0.0095708
8626 0.089024 0.0095708
81858 0.089010 0.0095708
10454 0.089001 0.0095708
28955 0.088971 0.0095708
3324 0.088947 0.0095708
3670 0.088946 0.0095708
1454 0.088944 0.0095708
23492 0.088936 0.0095708
51780 0.088870 0.0095708
6236 0.088865 0.0095708
51316 0.088862 0.0095708
4059 0.088858 0.0095708
1610 0.088839 0.0095708
53615 0.088838 0.0095708
7138 0.088836 0.0095708
8945 0.088831 0.0095708
8660 0.088821 0.0095708
2931 0.088819 0.0095708
6478 0.088816 0.0095708
668 0.088809 0.0095708
151636 0.088808 0.0095708
23650 0.088763 0.0095708
55734 0.088734 0.0095708
4155 0.088718 0.0095708
26130 0.088715 0.0095708
23493 0.088705 0.0095708
8581 0.088698 0.0095708
84289 0.088692 0.0095708
5977 0.088689 0.0095708
80149 0.088687 0.0095708
23421 0.088651 0.0095708
6877 0.088644 0.0095708
6531 0.088643 0.0095708
87 0.088642 0.0095708
8436 0.088637 0.0095708
5896 0.088631 0.0095708
57610 0.088627 0.0095708
29117 0.088626 0.0095708
79753 0.088621 0.0095708
3008 0.088618 0.0095708
6776 0.088607 0.0095708
135458 0.088599 0.0095708
2274 0.088596 0.0095708
64919 0.088566 0.0095708
83931 0.088562 0.0095708
4613 0.088560 0.0095708
6198 0.088548 0.0095708
9047 0.088543 0.0095708
56850 0.088536 0.0095708
10451 0.088533 0.0095708
1747 0.088533 0.0095708
10974 0.088531 0.0095708
11009 0.088526 0.0095708
23051 0.088495 0.0095708
23327 0.088493 0.0095708
102800317 0.088481 0.0095708
1026 0.088457 0.0095708
1997 0.088455 0.0095708
6935 0.088447 0.0095708
9817 0.088432 0.0095708
10614 0.088430 0.0095708
249 0.088426 0.0095708
5433 0.088406 0.0095708
23118 0.088400 0.0095708
328 0.088392 0.0095708
23635 0.088385 0.0095708
8338 0.088375 0.0095708
80023 0.088373 0.0095708
1788 0.088372 0.0095708
2885 0.088367 0.0095708
51003 0.088342 0.0095708
7468 0.088306 0.0095708
10138 0.088299 0.0095708
9031 0.088291 0.0095708
6885 0.088290 0.0095708
10106 0.088287 0.0095708
5104 0.088287 0.0095708
29894 0.088285 0.0095708
3838 0.088282 0.0095708
55975 0.088271 0.0095708
55363 0.088270 0.0095708
284366 0.088259 0.0095708
5698 0.088255 0.0095708
5933 0.088248 0.0095708
6045 0.088232 0.0095708
6003 0.088230 0.0095708
11143 0.088226 0.0095708
51157 0.088161 0.0095708
2273 0.088154 0.0095708
22976 0.088132 0.0095708
7020 0.088119 0.0095708
546 0.088101 0.0095708
4296 0.088097 0.0095708
10044 0.088089 0.0095708
2005 0.088084 0.0095708
5106 0.088083 0.0095708
8570 0.088073 0.0095708
5581 0.088068 0.0095708
19 0.088022 0.0095708
27253 0.088017 0.0095708
10849 0.088006 0.0095708
7150 0.087999 0.0095708
6299 0.087956 0.0095708
10000 0.087949 0.0095708
171017 0.087940 0.0095708
115426 0.087933 0.0095708
7343 0.087930 0.0095708
157638 0.087903 0.0095708
818 0.087892 0.0095708
53981 0.087891 0.0095708
26038 0.087874 0.0095708
10419 0.087854 0.0095708
84164 0.087839 0.0095708
7139 0.087823 0.0095708
4303 0.087816 0.0095708
8445 0.087810 0.0095708
7186 0.087777 0.0095708
28992 0.087756 0.0095708
23429 0.087753 0.0095708
2272 0.087750 0.0095708
60 0.087735 0.0095708
84433 0.087727 0.0095708
50514 0.087720 0.0095708
409 0.087677 0.0095708
9902 0.087667 0.0095708
8491 0.087655 0.0095708
64092 0.087643 0.0095708
65094 0.087623 0.0095708
5071 0.087607 0.0095708
10457 0.087604 0.0095708
65268 0.087592 0.0095708
2123 0.087580 0.0095708
7556 0.087567 0.0095708
1439 0.087556 0.0095708
4439 0.087544 0.0095708
391257 0.087544 0.0095708
6608 0.087524 0.0095708
4217 0.087514 0.0095708
5080 0.087496 0.0095708
3697 0.087489 0.0095708
1642 0.087481 0.0095708
51126 0.087473 0.0095708
26205 0.087472 0.0095708
5431 0.087469 0.0095708
3385 0.087459 0.0095708
9646 0.087459 0.0095708
339487 0.087450 0.0095708
10743 0.087441 0.0095708
50943 0.087426 0.0095708
2915 0.087404 0.0095708
51574 0.087393 0.0095708
6015 0.087371 0.0095708
57162 0.087369 0.0095708
10238 0.087366 0.0095708
3741 0.087357 0.0095708
79084 0.087348 0.0095708
4846 0.087347 0.0095708
7589 0.087347 0.0095708
26168 0.087343 0.0095708
3175 0.087340 0.0095708
10542 0.087333 0.0095708
1479 0.087324 0.0095708
580 0.087323 0.0095708
10664 0.087322 0.0095708
6874 0.087312 0.0095708
55534 0.087308 0.0095708
6618 0.087296 0.0095708
123169 0.087295 0.0095708
9306 0.087260 0.0095708
2547 0.087242 0.0095708
55723 0.087237 0.0095708
9025 0.087230 0.0095708
26036 0.087222 0.0095708
6196 0.087222 0.0095708
8569 0.087199 0.0095708
7074 0.087197 0.0095708
7443 0.087195 0.0095708
3651 0.087187 0.0095708
26234 0.087180 0.0095708
139818 0.087179 0.0095708
9938 0.087179 0.0095708
10980 0.087173 0.0095708
5058 0.087172 0.0095708
51129 0.087162 0.0095708
23013 0.087143 0.0095708
7337 0.087135 0.0095708
5585 0.087129 0.0095708
6909 0.087123 0.0095708
6659 0.087118 0.0095708
11124 0.087116 0.0095708
6477 0.087105 0.0095708
22989 0.087094 0.0095708
8553 0.087087 0.0095708
902 0.087082 0.0095708
7251 0.087075 0.0095708
407 0.087071 0.0095708
7126 0.087052 0.0095708
64240 0.087048 0.0095708
4869 0.087047 0.0095708
8416 0.087047 0.0095708
10912 0.087027 0.0095708
55339 0.087026 0.0095708
84186 0.087013 0.0095708
653361 0.087009 0.0095708
5434 0.087004 0.0095708
6670 0.086998 0.0095708
10738 0.086977 0.0095708
408 0.086974 0.0095708
11059 0.086973 0.0095708
7132 0.086968 0.0095708
5164 0.086966 0.0095708
1029 0.086965 0.0095708
2316 0.086964 0.0095708
3146 0.086964 0.0095708
79027 0.086946 0.0095708
23162 0.086938 0.0095708
30834 0.086935 0.0095708
5566 0.086924 0.0095708
785 0.086910 0.0095708
10019 0.086906 0.0095708
4539 0.086901 0.0095708
27122 0.086880 0.0095708
5347 0.086872 0.0095708
10273 0.086864 0.0095708
4137 0.086857 0.0095708
7534 0.086853 0.0095708
7530 0.086853 0.0095708
10336 0.086842 0.0095708
5328 0.086821 0.0095708
84823 0.086809 0.0095708
5498 0.086807 0.0095708
55620 0.086801 0.0095708
896 0.086789 0.0095708
9014 0.086789 0.0095708
169270 0.086786 0.0095708
7363 0.086786 0.0095708
282679 0.086786 0.0095708
4528 0.086770 0.0095708
4093 0.086762 0.0095708
23499 0.086759 0.0095708
29843 0.086755 0.0095708
7517 0.086750 0.0095708
7409 0.086741 0.0095708
6790 0.086734 0.0095708
2861 0.086710 0.0095708
9644 0.086707 0.0095708
57593 0.086691 0.0095708
23175 0.086691 0.0095708
55294 0.086624 0.0095708
284618 0.086618 0.0095708
9869 0.086616 0.0095708
7913 0.086611 0.0095708
126669 0.086608 0.0095708
23468 0.086598 0.0095708
5321 0.086590 0.0095708
5921 0.086580 0.0095708
8479 0.086575 0.0095708
116461 0.086555 0.0095708
10127 0.086553 0.0095708
10413 0.086542 0.0095708
404093 0.086536 0.0095708
255488 0.086533 0.0095708
10066 0.086519 0.0095708
26508 0.086516 0.0095708
9191 0.086512 0.0095708
4215 0.086506 0.0095708
8503 0.086484 0.0095708
339448 0.086473 0.0095708
816 0.086472 0.0095708
8148 0.086471 0.0095708
9020 0.086461 0.0095708
92552 0.086458 0.0095708
4214 0.086455 0.0095708
57649 0.086449 0.0095708
4335 0.086448 0.0095708
10657 0.086446 0.0095708
842 0.086441 0.0095708
10210 0.086435 0.0095708
10521 0.086434 0.0095708
50618 0.086419 0.0095708
57326 0.086398 0.0095708
5087 0.086392 0.0095708
55729 0.086388 0.0095708
56254 0.086384 0.0095708
2872 0.086372 0.0095708
5501 0.086366 0.0095708
55143 0.086359 0.0095708
3835 0.086348 0.0095708
7189 0.086338 0.0095708
2150 0.086327 0.0095708
330 0.086285 0.0095708
6663 0.086284 0.0095708
23264 0.086263 0.0095708
9590 0.086262 0.0095708
5437 0.086256 0.0095708
8404 0.086230 0.0095708
2335 0.086224 0.0095708
1193 0.086215 0.0095708
6934 0.086205 0.0095708
3021 0.086204 0.0095708
3020 0.086204 0.0095708
55617 0.086199 0.0095708
5608 0.086199 0.0095708
84787 0.086178 0.0095708
5081 0.086178 0.0095708
286204 0.086178 0.0095708
117584 0.086172 0.0095708
84246 0.086171 0.0095708
3068 0.086168 0.0095708
1487 0.086162 0.0095708
64241 0.086141 0.0095708
3357 0.086127 0.0095708
643535 0.086125 0.0095708
79729 0.086125 0.0095708
