#Id Score P-value
1586 1.000000 0.0
6794 0.975099 0.0
5563 0.950677 0.0
3667 0.931401 0.0
6517 0.902645 0.0
5327 0.878875 0.0
3952 0.877363 0.0
6580 0.857424 0.0
5274 0.842053 0.0
1036 0.523565 0.0002191
91151 0.370136 0.0007257
23017 0.362024 0.0007257
384 0.362024 0.0007257
54861 0.362024 0.0007257
126526 0.339737 0.0010888
153443 0.266601 0.0016765
56034 0.264494 0.0016765
114790 0.261083 0.0016765
728294 0.259372 0.0018296
56033 0.257445 0.0018296
57026 0.252112 0.0018296
4536 0.251880 0.0018296
347240 0.248284 0.0022522
514 0.244722 0.0022522
84268 0.235286 0.0023924
92335 0.225390 0.003036
4485 0.213713 0.0034683
2147 0.206574 0.0039797
79142 0.204010 0.0039797
4139 0.203836 0.0039797
55437 0.192668 0.0054227
102724428 0.191255 0.0054227
150094 0.191255 0.0054227
5650 0.187879 0.0087669
9407 0.187035 0.0087669
51094 0.185261 0.0087669
11180 0.183001 0.0087669
29122 0.182459 0.0087669
6482 0.180852 0.0087669
4892 0.180282 0.0087669
8555 0.179852 0.0160628
25803 0.179682 0.0160628
4338 0.178705 0.0160628
1539 0.174605 0.0160628
57402 0.172987 0.0160628
7743 0.172634 0.0160628
27076 0.171997 0.0160628
27248 0.171186 0.0160628
23424 0.168623 0.0214392
84307 0.167525 0.0214392
23221 0.165999 0.0214392
22869 0.165965 0.0214392
10 0.165706 0.0214392
6768 0.165682 0.0214392
10076 0.165675 0.0214392
8789 0.165443 0.0214392
22843 0.165281 0.0214392
51531 0.163137 0.0214392
55014 0.162446 0.0214392
7069 0.161678 0.0214392
7111 0.161604 0.0214392
25970 0.160778 0.0214392
229 0.160168 0.0214392
2118 0.159033 0.024554
23513 0.158031 0.024554
5054 0.157454 0.024554
3486 0.155779 0.024554
6198 0.155219 0.024554
283971 0.154655 0.024554
3480 0.154313 0.024554
55773 0.152488 0.024554
5268 0.150792 0.024554
2203 0.150552 0.024554
5921 0.150395 0.024554
51176 0.149983 0.0302119
7867 0.149913 0.0302119
7507 0.149307 0.0302119
2011 0.148505 0.0302119
54828 0.148318 0.0302119
57820 0.148072 0.0302119
5604 0.147457 0.0302119
5564 0.147309 0.0302119
23646 0.146833 0.0302119
10382 0.146721 0.0302119
3265 0.146696 0.0302119
56288 0.146552 0.0302119
5516 0.146125 0.0302119
51719 0.145882 0.0302119
54187 0.145634 0.0302119
57787 0.145385 0.0302119
5795 0.144582 0.0302119
10541 0.143973 0.0302119
1508 0.143776 0.0302119
1408 0.143105 0.0302119
2064 0.141642 0.0302119
999 0.141134 0.0302119
79155 0.141121 0.0302119
2888 0.140871 0.0302119
256646 0.140764 0.0302119
58529 0.140689 0.0302119
808 0.140679 0.0302119
805 0.140679 0.0302119
284252 0.140659 0.0302119
5571 0.140625 0.0302119
801 0.140581 0.0302119
5728 0.140531 0.0302119
1073 0.140031 0.0302119
8428 0.139845 0.0386787
7957 0.139070 0.0386787
57521 0.138997 0.0386787
6944 0.138981 0.0386787
382 0.138918 0.0386787
5562 0.138888 0.0386787
2735 0.138848 0.0386787
1917 0.138741 0.0386787
7706 0.138017 0.0386787
10513 0.137889 0.0386787
10007 0.137754 0.0386787
222546 0.137480 0.0386787
9113 0.137327 0.0386787
7064 0.136883 0.0386787
207 0.136385 0.0386787
9100 0.136194 0.0386787
3164 0.135413 0.0386787
57594 0.135147 0.0386787
8660 0.135119 0.0386787
8412 0.135031 0.0386787
57326 0.135021 0.0386787
10891 0.134886 0.0386787
22919 0.134855 0.0386787
10801 0.134839 0.0386787
9266 0.134740 0.0386787
11200 0.134652 0.0386787
25843 0.134498 0.0386787
3033 0.134400 0.0386787
79618 0.134047 0.0386787
7251 0.134044 0.0386787
7846 0.133967 0.0386787
51343 0.133467 0.0386787
324 0.133056 0.0386787
4914 0.132743 0.0386787
81628 0.132352 0.0386787
7534 0.132209 0.0386787
7530 0.132209 0.0386787
780 0.132196 0.0386787
23411 0.131932 0.0386787
84456 0.131535 0.0386787
3643 0.131527 0.0386787
5565 0.131478 0.0386787
11059 0.131428 0.0386787
127557 0.131200 0.0386787
653121 0.131200 0.0386787
6293 0.130873 0.0386787
388677 0.130820 0.0386787
100996717 0.130820 0.0386787
100996763 0.130820 0.0386787
5336 0.130777 0.0386787
3716 0.130718 0.0386787
54550 0.130595 0.0386787
2353 0.130572 0.0386787
7322 0.130544 0.0386787
10146 0.130483 0.0386787
3717 0.130259 0.0386787
7020 0.129778 0.0624994
6925 0.129676 0.0624994
3881 0.129560 0.0624994
10152 0.129497 0.0624994
4841 0.129410 0.0624994
3801 0.129139 0.0624994
386682 0.129117 0.0624994
11030 0.129105 0.0624994
7329 0.128741 0.0624994
7205 0.128661 0.0624994
166 0.128653 0.0624994
83878 0.128328 0.0624994
5295 0.128063 0.0624994
22938 0.128003 0.0624994
5781 0.127985 0.0624994
672 0.127845 0.0624994
7965 0.127804 0.0624994
887 0.127637 0.0624994
5296 0.127144 0.0624994
5717 0.126770 0.0624994
3326 0.126364 0.0624994
5770 0.125437 0.0624994
8503 0.124505 0.0624994
5747 0.124485 0.0624994
57162 0.124097 0.0624994
8650 0.123463 0.0624994
2475 0.123258 0.0624994
5580 0.122730 0.0624994
26260 0.122290 0.0624994
1956 0.121398 0.0624994
55023 0.120755 0.0624994
5599 0.120740 0.0624994
7531 0.120389 0.0624994
2885 0.120085 0.0624994
57127 0.119379 0.1088986
3066 0.115370 0.1088986
3053 0.114990 0.1088986
3953 0.114461 0.1088986
1616 0.113727 0.1088986
3101 0.110262 0.1088986
9856 0.109075 0.2161773
83401 0.107260 0.2161773
2702 0.104269 0.2161773
9214 0.104080 0.2161773
279 0.100542 0.2161773
8577 0.097047 0.4214519
100526694 0.097047 0.4214519
2867 0.094828 0.4214519
7940 0.094709 0.4214519
3293 0.093989 0.4214519
80328 0.093772 0.4214519
23314 0.093714 0.4214519
84909 0.093134 0.4214519
3223 0.090864 0.4214519
886 0.090344 0.4214519
3146 0.090032 0.4214519
150962 0.089855 0.6598027
158427 0.089708 0.6598027
148014 0.089029 0.6598027
400745 0.089029 0.6598027
1185 0.089029 0.6598027
118430 0.089029 0.6598027
29956 0.089012 0.6598027
23401 0.087927 0.6598027
6424 0.087834 0.6598027
26269 0.087685 0.6598027
3811 0.086600 0.6598027
2667 0.086600 0.6598027
570 0.086245 0.6598027
3479 0.085753 0.6598027
54741 0.085581 0.6598027
54897 0.085512 0.6598027
5535 0.085486 0.6598027
23387 0.085224 0.6598027
9687 0.085129 0.6598027
91283 0.084981 0.6598027
6423 0.084748 0.6598027
25818 0.084647 0.6598027
3993 0.084442 0.6598027
885 0.084310 0.6598027
23550 0.084273 0.6598027
84254 0.084144 0.6598027
51335 0.083986 0.6598027
3822 0.083710 0.6598027
79695 0.083633 0.6598027
51196 0.083261 0.6598027
56660 0.083218 0.6598027
26035 0.083018 0.6598027
7464 0.082911 0.6598027
1515 0.082618 0.6598027
94240 0.082418 0.6598027
2938 0.082343 0.6598027
266747 0.082337 0.6598027
23179 0.082337 0.6598027
3598 0.082225 0.6598027
3235 0.082088 0.6598027
966 0.082030 0.6598027
284366 0.081889 0.6598027
4360 0.081545 0.6598027
10603 0.081525 0.6598027
27122 0.081418 0.6598027
157638 0.081012 0.6598027
200958 0.080707 0.6598027
126374 0.080628 0.6598027
96459 0.080489 0.6598027
9077 0.080308 0.6598027
10942 0.080286 0.6598027
54942 0.080162 0.6598027
92304 0.080057 0.6598027
9783 0.079979 0.8602892
388753 0.079317 0.8602892
5670 0.079229 0.8602892
55714 0.079229 0.8602892
58486 0.079229 0.8602892
10952 0.079127 0.8602892
9902 0.079007 0.8602892
80760 0.078997 0.8602892
4241 0.078780 0.8602892
414899 0.078644 0.8602892
2312 0.078567 0.8602892
8938 0.078451 0.8602892
55363 0.078434 0.8602892
7040 0.078339 0.8602892
432395 0.078282 0.8602892
25984 0.078282 0.8602892
720 0.078282 0.8602892
84085 0.078282 0.8602892
721 0.078282 0.8602892
100293534 0.078282 0.8602892
64236 0.078273 0.8602892
201163 0.078269 0.8602892
9530 0.078174 0.8602892
55859 0.078168 0.8602892
11006 0.077905 0.8602892
89858 0.077905 0.8602892
115653 0.077905 0.8602892
3804 0.077905 0.8602892
100132285 0.077905 0.8602892
84174 0.077754 0.8602892
4795 0.077678 0.8602892
11009 0.077437 0.8602892
7056 0.077381 0.8602892
79899 0.077226 0.8602892
81788 0.077181 0.8602892
4046 0.077112 0.8602892
8651 0.077020 0.8602892
25759 0.076992 0.8602892
54206 0.076848 0.8602892
2322 0.076742 0.8602892
2119 0.076733 0.8602892
1012 0.076670 0.8602892
10116 0.076643 0.8602892
203523 0.076403 0.8602892
7579 0.076403 0.8602892
27030 0.076329 0.8602892
7010 0.076046 0.8602892
8036 0.075995 0.8602892
29893 0.075908 0.8602892
2219 0.075897 0.8602892
8483 0.075897 0.8602892
1001 0.075722 0.8602892
4987 0.075685 0.8602892
1474 0.075644 0.8602892
2057 0.075361 0.8602892
5791 0.075248 0.8602892
91608 0.075042 0.8602892
3484 0.074809 0.8602892
2176 0.074761 0.8602892
51422 0.074671 0.8602892
5368 0.074642 0.8602892
10395 0.074596 0.8602892
5128 0.074557 0.8602892
3802 0.074555 0.8602892
7006 0.074549 0.8602892
9180 0.074507 0.8602892
10870 0.074499 0.8602892
6539 0.074395 0.8602892
4163 0.074230 0.8602892
26034 0.074126 0.8602892
130340 0.074082 0.8602892
222826 0.074069 0.8602892
64411 0.074069 0.8602892
64902 0.073954 0.8602892
50863 0.073954 0.8602892
3560 0.073859 0.8602892
660 0.073846 0.8602892
5787 0.073813 0.8602892
7294 0.073771 0.8602892
238 0.073638 0.8602892
6004 0.073566 0.8602892
3458 0.073529 0.8602892
84951 0.073455 0.8602892
5157 0.073442 0.8602892
221527 0.073366 0.8602892
200186 0.073328 0.8602892
4233 0.073243 0.8602892
79109 0.073130 0.8602892
4915 0.073034 0.8602892
10451 0.073029 0.8602892
699 0.072951 0.8602892
92305 0.072932 0.8602892
10457 0.072770 0.8602892
8404 0.072721 0.8602892
5793 0.072645 0.8602892
197342 0.072606 0.8602892
64427 0.072606 0.8602892
84264 0.072606 0.8602892
338596 0.072606 0.8602892
117159 0.072521 0.8602892
643535 0.072440 0.8602892
79729 0.072440 0.8602892
131566 0.072440 0.8602892
152189 0.072440 0.8602892
23007 0.072440 0.8602892
1299 0.072440 0.8602892
2549 0.072403 0.8602892
155465 0.072399 0.8602892
10019 0.072345 0.8602892
10307 0.072251 0.8602892
2264 0.072229 0.8602892
7097 0.072210 0.8602892
2697 0.072193 0.8602892
399694 0.072122 0.8602892
6098 0.072118 0.8602892
205147 0.072105 0.8602892
6352 0.072083 0.8602892
1796 0.071979 0.8602892
2013 0.071958 0.8602892
60676 0.071895 0.8602892
7305 0.071875 0.8602892
5800 0.071829 0.8602892
8313 0.071718 0.8602892
8493 0.071651 0.8602892
8613 0.071644 0.8602892
5159 0.071599 0.8602892
4893 0.071436 0.8602892
3909 0.071417 0.8602892
55777 0.071377 0.8602892
685 0.071345 0.8602892
10653 0.071256 0.8602892
1154 0.071218 0.8602892
51209 0.071205 0.8602892
10045 0.071190 0.8602892
4595 0.071122 0.8602892
8835 0.071096 0.8602892
220164 0.071076 0.8602892
3815 0.071076 0.8602892
5788 0.071066 0.8602892
4052 0.071061 0.8602892
4486 0.071014 0.8602892
192683 0.070991 0.8602892
6503 0.070974 0.8602892
2185 0.070946 0.8602892
140597 0.070915 0.8602892
5653 0.070834 0.8602892
2887 0.070812 0.8602892
22937 0.070774 0.8602892
657 0.070740 0.8602892
23207 0.070665 0.8602892
3682 0.070643 0.8602892
640 0.070549 0.8602892
1268 0.070503 0.8602892
3459 0.070474 0.8602892
53358 0.070450 0.8602892
5290 0.070437 0.8602892
23556 0.070421 0.8602892
7517 0.070413 0.8602892
55620 0.070400 0.8602892
2321 0.070381 0.8602892
2263 0.070350 0.8602892
53632 0.070331 0.8602892
29760 0.070297 0.8602892
9846 0.070292 0.8602892
4145 0.070279 0.8602892
2919 0.070276 0.8602892
23231 0.070268 0.8602892
3702 0.070197 0.8602892
135 0.070152 0.8602892
64759 0.070142 0.8602892
1445 0.070118 0.8602892
26191 0.070097 0.8602892
57504 0.070094 0.8602892
4953 0.070070 0.8602892
344148 0.070067 0.8602892
55 0.070056 0.8602892
5866 0.070054 0.8602892
3490 0.070039 0.8602892
7275 0.069961 0.9578151
5156 0.069878 0.9578151
89795 0.069868 0.9578151
7253 0.069837 0.9578151
7145 0.069800 0.9578151
5797 0.069790 0.9578151
2065 0.069765 0.9578151
4496 0.069751 0.9578151
5796 0.069745 0.9578151
5076 0.069724 0.9578151
9821 0.069692 0.9578151
79078 0.069655 0.9578151
3783 0.069604 0.9578151
9509 0.069585 0.9578151
253260 0.069576 0.9578151
7048 0.069537 0.9578151
4086 0.069529 0.9578151
64223 0.069490 0.9578151
387535 0.069485 0.9578151
23303 0.069471 0.9578151
5662 0.069454 0.9578151
5475 0.069443 0.9578151
401152 0.069443 0.9578151
5470 0.069443 0.9578151
3786 0.069443 0.9578151
2914 0.069443 0.9578151
116449 0.069421 0.9578151
11093 0.069371 0.9578151
5803 0.069341 0.9578151
80146 0.069336 0.9578151
8435 0.069336 0.9578151
117145 0.069336 0.9578151
695 0.069299 0.9578151
4916 0.069209 0.9578151
2268 0.069170 0.9578151
6464 0.069169 0.9578151
51557 0.069161 0.9578151
5328 0.069155 0.9578151
6714 0.069043 0.9578151
4089 0.069040 0.9578151
91768 0.069011 0.9578151
79085 0.069009 0.9578151
84335 0.068989 0.9578151
3084 0.068962 0.9578151
6790 0.068958 0.9578151
2260 0.068912 0.9578151
7075 0.068875 0.9578151
558 0.068869 0.9578151
55715 0.068859 0.9578151
5335 0.068852 0.9578151
26057 0.068840 0.9578151
8038 0.068835 0.9578151
27040 0.068832 0.9578151
5189 0.068832 0.9578151
4058 0.068831 0.9578151
81029 0.068793 0.9578151
29906 0.068793 0.9578151
257144 0.068793 0.9578151
414927 0.068793 0.9578151
147746 0.068793 0.9578151
151647 0.068793 0.9578151
255631 0.068793 0.9578151
220686 0.068793 0.9578151
9356 0.068793 0.9578151
221458 0.068793 0.9578151
375133 0.068793 0.9578151
55608 0.068793 0.9578151
3708 0.068779 0.9578151
1398 0.068725 0.9578151
867 0.068692 0.9578151
6452 0.068639 0.9578151
6654 0.068620 0.9578151
7490 0.068614 0.9578151
55851 0.068589 0.9578151
1630 0.068562 0.9578151
145226 0.068548 0.9578151
2596 0.068524 0.9578151
80762 0.068510 0.9578151
9949 0.068497 0.9578151
2308 0.068493 0.9578151
5777 0.068476 0.9578151
2047 0.068451 0.9578151
1495 0.068436 0.9578151
5782 0.068422 0.9578151
10044 0.068404 0.9578151
10818 0.068390 0.9578151
6850 0.068389 0.9578151
117157 0.068387 0.9578151
11167 0.068331 0.9578151
8471 0.068326 0.9578151
143187 0.068300 0.9578151
79970 0.068291 0.9578151
56899 0.068257 0.9578151
26469 0.068245 0.9578151
23365 0.068226 0.9578151
10297 0.068193 0.9578151
3642 0.068168 0.9578151
1500 0.068161 0.9578151
65988 0.068140 0.9578151
9306 0.068107 0.9578151
668 0.068106 0.9578151
1399 0.068060 0.9578151
144100 0.068016 0.9578151
57464 0.068013 0.9578151
7031 0.068001 0.9578151
6521 0.067987 0.9578151
23086 0.067953 0.9578151
2690 0.067937 0.9578151
1436 0.067906 0.9578151
5612 0.067901 0.9578151
3932 0.067881 0.9578151
59067 0.067867 0.9578151
10544 0.067840 0.9578151
9021 0.067834 0.9578151
23125 0.067833 0.9578151
5753 0.067807 0.9578151
6900 0.067805 0.9578151
673 0.067775 0.9578151
6776 0.067772 0.9578151
51206 0.067730 0.9578151
7157 0.067708 0.9578151
386618 0.067701 0.9578151
3791 0.067699 0.9578151
1041 0.067689 0.9578151
857 0.067688 0.9578151
196383 0.067686 0.9578151
29995 0.067679 0.9578151
1003 0.067679 0.9578151
3161 0.067675 0.9578151
22794 0.067654 0.9578151
4690 0.067651 0.9578151
9047 0.067644 0.9578151
26502 0.067642 0.9578151
51181 0.067607 0.9578151
206358 0.067583 0.9578151
2852 0.067583 0.9578151
7125 0.067575 0.9578151
79949 0.067563 0.9578151
26167 0.067563 0.9578151
154810 0.067562 0.9578151
1499 0.067561 0.9578151
4651 0.067505 0.9578151
79728 0.067500 0.9578151
347862 0.067472 0.9578151
159162 0.067455 0.9578151
51204 0.067454 0.9578151
3055 0.067452 0.9578151
165 0.067446 0.9578151
90843 0.067446 0.9578151
1337 0.067446 0.9578151
54453 0.067445 0.9578151
84547 0.067430 0.9578151
10810 0.067418 0.9578151
11311 0.067411 0.9578151
29948 0.067402 0.9578151
367 0.067397 0.9578151
56479 0.067341 0.9578151
84709 0.067309 0.9578151
6504 0.067309 0.9578151
4067 0.067307 0.9578151
5136 0.067284 0.9578151
84687 0.067268 0.9578151
8408 0.067256 0.9578151
50807 0.067245 0.9578151
9091 0.067209 0.9578151
595 0.067208 0.9578151
5774 0.067184 0.9578151
7409 0.067157 0.9578151
27 0.067151 0.9578151
3572 0.067146 0.9578151
4803 0.067126 0.9578151
2746 0.067094 0.9578151
55888 0.067092 0.9578151
4853 0.067089 0.9578151
1634 0.067080 0.9578151
5291 0.067068 0.9578151
1046 0.067039 0.9578151
2241 0.067038 0.9578151
522 0.067026 0.9578151
1029 0.067002 0.9578151
3785 0.066964 0.9578151
63978 0.066953 0.9578151
84941 0.066902 0.9578151
57536 0.066892 0.9578151
23396 0.066890 0.9578151
3082 0.066888 0.9578151
841 0.066861 0.9578151
6272 0.066820 0.9578151
128239 0.066806 0.9578151
2005 0.066778 0.9578151
11186 0.066766 0.9578151
11197 0.066758 0.9578151
112936 0.066746 0.9578151
92241 0.066742 0.9578151
64802 0.066709 0.9578151
5521 0.066685 0.9578151
5361 0.066682 0.9578151
10817 0.066678 0.9578151
2886 0.066656 0.9578151
1833 0.066642 0.9578151
133383 0.066642 0.9578151
2258 0.066632 0.9578151
2033 0.066629 0.9578151
130 0.066612 0.9578151
9610 0.066607 0.9578151
7535 0.066579 0.9578151
23294 0.066571 0.9578151
5170 0.066560 0.9578151
284004 0.066546 0.9578151
5784 0.066537 0.9578151
27286 0.066535 0.9578151
3845 0.066508 0.9578151
10489 0.066508 0.9578151
4734 0.066506 0.9578151
1606 0.066497 0.9578151
55607 0.066496 0.9578151
83593 0.066478 0.9578151
84440 0.066462 0.9578151
4703 0.066458 0.9578151
24140 0.066430 0.9578151
51686 0.066424 0.9578151
57530 0.066418 0.9578151
30818 0.066417 0.9578151
940 0.066413 0.9578151
55294 0.066402 0.9578151
5745 0.066386 0.9578151
51292 0.066377 0.9578151
25 0.066377 0.9578151
100101267 0.066370 0.9578151
2066 0.066366 0.9578151
2768 0.066351 0.9578151
8502 0.066340 0.9578151
4582 0.066332 0.9578151
23035 0.066316 0.9578151
7003 0.066303 0.9578151
9402 0.066301 0.9578151
137392 0.066289 0.9578151
10672 0.066267 0.9578151
79650 0.066255 0.9578151
4137 0.066253 0.9578151
8536 0.066251 0.9578151
116448 0.066246 0.9578151
1579 0.066226 0.9578151
5979 0.066220 0.9578151
5293 0.066213 0.9578151
57551 0.066211 0.9578151
1435 0.066187 0.9578151
9546 0.066167 0.9578151
4752 0.066122 0.9578151
4047 0.066072 0.9578151
150000 0.066072 0.9578151
2159 0.066069 0.9578151
2904 0.066019 0.9578151
80262 0.066016 0.9578151
2130 0.066015 0.9578151
8074 0.066009 0.9578151
2255 0.066009 0.9578151
2254 0.066009 0.9578151
2251 0.066009 0.9578151
8822 0.066009 0.9578151
79872 0.065996 0.9578151
160140 0.065993 0.9578151
3561 0.065976 0.9578151
7039 0.065968 0.9578151
7316 0.065949 0.9578151
6774 0.065948 0.9578151
3846 0.065947 0.9578151
4900 0.065902 0.9578151
100289635 0.065893 0.9578151
820 0.065893 0.9578151
23558 0.065885 0.9578151
6233 0.065878 0.9578151
80895 0.065872 0.9578151
222008 0.065867 0.9578151
55006 0.065863 0.9578151
5603 0.065860 0.9578151
114 0.065860 0.9578151
79710 0.065854 0.9578151
8915 0.065840 0.9578151
6655 0.065836 0.9578151
55502 0.065831 0.9578151
5894 0.065831 0.9578151
5004 0.065828 0.9578151
122809 0.065819 0.9578151
2100 0.065810 0.9578151
2932 0.065802 0.9578151
201254 0.065779 0.9578151
1999 0.065779 0.9578151
8314 0.065774 0.9578151
116362 0.065774 0.9578151
151525 0.065772 0.9578151
84236 0.065772 0.9578151
222171 0.065772 0.9578151
5638 0.065772 0.9578151
7005 0.065763 0.9578151
493861 0.065757 0.9578151
26233 0.065732 0.9578151
4756 0.065700 0.9578151
6416 0.065685 0.9578151
5594 0.065680 0.9578151
10188 0.065661 0.9578151
2534 0.065654 0.9578151
4292 0.065652 0.9578151
4609 0.065633 0.9578151
23180 0.065613 0.9578151
4068 0.065608 0.9578151
1024 0.065602 0.9578151
3784 0.065589 0.9578151
1978 0.065569 0.9578151
4087 0.065569 0.9578151
51741 0.065566 0.9578151
51157 0.065554 0.9578151
125115 0.065537 0.9578151
5526 0.065522 0.9578151
5920 0.065520 0.9578151
7454 0.065509 0.9578151
388585 0.065484 0.9578151
79587 0.065484 0.9578151
259 0.065483 0.9578151
54754 0.065480 0.9578151
148170 0.065474 0.9578151
3206 0.065469 0.9578151
79870 0.065445 0.9578151
100861412 0.065412 0.9578151
25788 0.065412 0.9578151
107984056 0.065407 0.9578151
5395 0.065407 0.9578151
3697 0.065406 0.9578151
152559 0.065403 0.9578151
575 0.065402 0.9578151
84270 0.065398 0.9578151
84707 0.065392 0.9578151
23235 0.065389 0.9578151
64762 0.065367 0.9578151
7186 0.065363 0.9578151
10058 0.065351 0.9578151
25780 0.065344 0.9578151
4250 0.065339 0.9578151
3725 0.065339 0.9578151
814 0.065335 0.9578151
995 0.065303 0.9578151
63897 0.065299 0.9578151
55300 0.065283 0.9578151
25855 0.065265 0.9578151
4088 0.065249 0.9578151
5595 0.065236 0.9578151
27128 0.065233 0.9578151
5863 0.065206 0.9578151
493 0.065154 0.9578151
9564 0.065150 0.9578151
22859 0.065142 0.9578151
5829 0.065135 0.9578151
55632 0.065135 0.9578151
23252 0.065134 0.9578151
323 0.065132 0.9578151
9479 0.065129 0.9578151
1460 0.065128 0.9578151
50855 0.065125 0.9578151
8440 0.065120 0.9578151
5499 0.065116 0.9578151
256309 0.065114 0.9578151
9743 0.065097 0.9578151
6497 0.065083 0.9578151
57520 0.065080 0.9578151
55914 0.065069 0.9578151
6329 0.065068 0.9578151
1800 0.065068 0.9578151
55002 0.065066 0.9578151
6772 0.065065 0.9578151
22836 0.065064 0.9578151
1855 0.065063 0.9578151
7046 0.065062 0.9578151
1326 0.065059 0.9578151
2801 0.065037 0.9578151
4193 0.065037 0.9578151
1813 0.065028 0.9578151
5987 0.065014 0.9578151
3937 0.065011 0.9578151
818 0.064977 0.9578151
7098 0.064977 0.9578151
4905 0.064968 0.9578151
2913 0.064942 0.9578151
28984 0.064940 0.9578151
55243 0.064936 0.9578151
2060 0.064929 0.9578151
1038 0.064928 0.9578151
7529 0.064909 0.9578151
10381 0.064909 0.9578151
56413 0.064900 0.9578151
7525 0.064899 0.9578151
27173 0.064863 0.9578151
79930 0.064857 0.9578151
644 0.064853 0.9578151
1850 0.064842 0.9578151
1947 0.064818 0.9578151
84057 0.064814 0.9578151
5925 0.064803 0.9578151
5165 0.064796 0.9578151
3315 0.064790 0.9578151
843 0.064780 0.9578151
1054 0.064773 0.9578151
309 0.064771 0.9578151
7533 0.064765 0.9578151
10439 0.064755 0.9578151
1123 0.064755 0.9578151
8444 0.064752 0.9578151
84960 0.064752 0.9578151
2591 0.064743 0.9578151
9744 0.064735 0.9578151
3551 0.064726 0.9578151
23239 0.064709 0.9578151
669 0.064702 0.9578151
64430 0.064701 0.9578151
10588 0.064697 0.9578151
340371 0.064697 0.9578151
5105 0.064690 0.9578151
6615 0.064689 0.9578151
133015 0.064687 0.9578151
1387 0.064685 0.9578151
2824 0.064684 0.9578151
6777 0.064676 0.9578151
64798 0.064673 0.9578151
23371 0.064660 0.9578151
1741 0.064659 0.9578151
7161 0.064653 0.9578151
1454 0.064639 0.9578151
11135 0.064624 0.9578151
63826 0.064622 0.9578151
59286 0.064621 0.9578151
8945 0.064597 0.9578151
80975 0.064586 0.9578151
79906 0.064586 0.9578151
728378 0.064586 0.9578151
1031 0.064583 0.9578151
65266 0.064575 0.9578151
102800317 0.064575 0.9578151
6733 0.064574 0.9578151
5494 0.064560 0.9578151
3689 0.064558 0.9578151
8857 0.064552 0.9578151
408 0.064547 0.9578151
5966 0.064546 0.9578151
4284 0.064542 0.9578151
441273 0.064539 0.9578151
51701 0.064537 0.9578151
2444 0.064536 0.9578151
1944 0.064535 0.9578151
409 0.064528 0.9578151
153090 0.064522 0.9578151
322 0.064512 0.9578151
9595 0.064512 0.9578151
4188 0.064512 0.9578151
572 0.064483 0.9578151
4085 0.064478 0.9578151
152503 0.064471 0.9578151
23028 0.064471 0.9578151
815 0.064468 0.9578151
3838 0.064450 0.9578151
5515 0.064427 0.9578151
57020 0.064418 0.9578151
5163 0.064418 0.9578151
2099 0.064404 0.9578151
613 0.064404 0.9578151
8874 0.064399 0.9578151
868 0.064382 0.9578151
25980 0.064379 0.9578151
84708 0.064363 0.9578151
8560 0.064361 0.9578151
5359 0.064358 0.9578151
114609 0.064355 0.9578151
23129 0.064340 0.9578151
260425 0.064335 0.9578151
6331 0.064325 0.9578151
23384 0.064321 0.9578151
2242 0.064319 0.9578151
3224 0.064317 0.9578151
7589 0.064314 0.9578151
5338 0.064312 0.9578151
5300 0.064305 0.9578151
10971 0.064304 0.9578151
5970 0.064304 0.9578151
7341 0.064297 0.9578151
1915 0.064295 0.9578151
26060 0.064285 0.9578151
8131 0.064282 0.9578151
55357 0.064274 0.9578151
84952 0.064269 0.9578151
7159 0.064261 0.9578151
389690 0.064253 0.9578151
4084 0.064241 0.9578151
1027 0.064237 0.9578151
5587 0.064231 0.9578151
5923 0.064229 0.9578151
91544 0.064228 0.9578151
51421 0.064225 0.9578151
79680 0.064221 0.9578151
54764 0.064217 0.9578151
64397 0.064216 0.9578151
4009 0.064210 0.9578151
9261 0.064202 0.9578151
23461 0.064190 0.9578151
10657 0.064189 0.9578151
149371 0.064182 0.9578151
200728 0.064182 0.9578151
6752 0.064181 0.9578151
5207 0.064180 0.9578151
83737 0.064178 0.9578151
64866 0.064176 0.9578151
11184 0.064174 0.9578151
4538 0.064171 0.9578151
5175 0.064169 0.9578151
5771 0.064165 0.9578151
22882 0.064162 0.9578151
1457 0.064155 0.9578151
3635 0.064144 0.9578151
140459 0.064139 0.9578151
3938 0.064136 0.9578151
761 0.064136 0.9578151
1147 0.064126 0.9578151
84445 0.064126 0.9578151
112714 0.064125 0.9578151
1739 0.064119 0.9578151
115677 0.064092 0.9578151
6461 0.064090 0.9578151
386681 0.064089 0.9578151
3481 0.064088 0.9578151
8554 0.064085 0.9578151
23281 0.064084 0.9578151
5724 0.064080 0.9578151
51286 0.064074 0.9578151
9146 0.064071 0.9578151
89 0.064060 0.9578151
7249 0.064057 0.9578151
3781 0.064047 0.9578151
993 0.064045 0.9578151
3300 0.064041 0.9578151
7137 0.064037 0.9578151
1605 0.064032 0.9578151
28999 0.064031 0.9578151
2335 0.064025 0.9578151
3630 0.064025 0.9578151
513 0.064024 0.9578151
10755 0.064017 0.9578151
57176 0.064007 0.9578151
3700 0.063999 0.9578151
4117 0.063994 0.9578151
1026 0.063990 0.9578151
79738 0.063984 0.9578151
246330 0.063983 0.9578151
154796 0.063982 0.9578151
5730 0.063978 0.9578151
55844 0.063977 0.9578151
4216 0.063974 0.9578151
1969 0.063973 0.9578151
79000 0.063966 0.9578151
10524 0.063962 0.9578151
26524 0.063958 0.9578151
521 0.063954 0.9578151
3320 0.063950 0.9578151
2244 0.063946 0.9578151
282974 0.063945 0.9578151
22858 0.063942 0.9578151
8470 0.063933 0.9578151
2034 0.063932 0.9578151
836 0.063929 0.9578151
56957 0.063914 0.9578151
1879 0.063907 0.9578151
57159 0.063904 0.9578151
121053 0.063902 0.9578151
51078 0.063900 0.9578151
3338 0.063898 0.9578151
1432 0.063897 0.9578151
356 0.063878 0.9578151
3065 0.063872 0.9578151
26003 0.063869 0.9578151
5581 0.063865 0.9578151
983 0.063860 0.9578151
79864 0.063854 0.9578151
6446 0.063851 0.9578151
25898 0.063847 0.9578151
94005 0.063843 0.9578151
23327 0.063836 0.9578151
775 0.063834 0.9578151
6386 0.063830 0.9578151
6199 0.063826 0.9578151
10273 0.063826 0.9578151
5597 0.063824 0.9578151
7132 0.063817 0.9578151
64943 0.063814 0.9578151
170685 0.063813 0.9578151
7189 0.063812 0.9578151
5601 0.063812 0.9578151
55757 0.063802 0.9578151
5888 0.063799 0.9578151
10391 0.063796 0.9578151
85409 0.063794 0.9578151
5294 0.063790 0.9578151
220082 0.063783 0.9578151
8878 0.063775 0.9578151
6901 0.063761 0.9578151
4843 0.063760 0.9578151
283212 0.063752 0.9578151
51765 0.063750 0.9578151
80125 0.063737 0.9578151
472 0.063727 0.9578151
2162 0.063726 0.9578151
5371 0.063720 0.9578151
7185 0.063719 0.9578151
9623 0.063715 0.9578151
4436 0.063709 0.9578151
8853 0.063705 0.9578151
5331 0.063704 0.9578151
55816 0.063700 0.9578151
55802 0.063691 0.9578151
23162 0.063688 0.9578151
1386 0.063684 0.9578151
2889 0.063683 0.9578151
84795 0.063683 0.9578151
51058 0.063679 0.9578151
7390 0.063678 0.9578151
414060 0.063670 0.9578151
121278 0.063670 0.9578151
729873 0.063670 0.9578151
84218 0.063670 0.9578151
101060321 0.063670 0.9578151
5406 0.063670 0.9578151
50649 0.063667 0.9578151
101930241 0.063667 0.9578151
5329 0.063664 0.9578151
6659 0.063660 0.9578151
386675 0.063659 0.9578151
9784 0.063656 0.9578151
4155 0.063650 0.9578151
101059953 0.063646 0.9578151
101059938 0.063646 0.9578151
9099 0.063640 0.9578151
83452 0.063631 0.9578151
351 0.063610 0.9578151
10298 0.063609 0.9578151
10324 0.063608 0.9578151
3685 0.063603 0.9578151
3775 0.063602 0.9578151
9732 0.063600 0.9578151
57697 0.063599 0.9578151
65125 0.063597 0.9578151
6667 0.063593 0.9578151
9612 0.063589 0.9578151
60 0.063588 0.9578151
51474 0.063581 0.9578151
8031 0.063576 0.9578151
6310 0.063575 0.9578151
9891 0.063573 0.9578151
4215 0.063572 0.9578151
54922 0.063569 0.9578151
84433 0.063561 0.9578151
4217 0.063560 0.9578151
6905 0.063553 0.9578151
51542 0.063551 0.9578151
55503 0.063545 0.9578151
5354 0.063542 0.9578151
317762 0.063540 0.9578151
10628 0.063539 0.9578151
10413 0.063538 0.9578151
5584 0.063529 0.9578151
4223 0.063528 0.9578151
9727 0.063526 0.9578151
5898 0.063521 0.9578151
5590 0.063520 0.9578151
7273 0.063519 0.9578151
6773 0.063514 0.9578151
114907 0.063513 0.9578151
81 0.063503 0.9578151
1028 0.063500 0.9578151
386676 0.063477 0.9578151
386678 0.063477 0.9578151
26088 0.063471 0.9578151
998 0.063470 0.9578151
26272 0.063468 0.9578151
23031 0.063461 0.9578151
378465 0.063455 0.9578151
163 0.063453 0.9578151
6337 0.063451 0.9578151
4851 0.063449 0.9578151
9931 0.063443 0.9578151
2920 0.063442 0.9578151
2597 0.063441 0.9578151
79033 0.063439 0.9578151
3728 0.063438 0.9578151
8517 0.063436 0.9578151
2623 0.063428 0.9578151
162 0.063422 0.9578151
87 0.063422 0.9578151
6256 0.063419 0.9578151
5213 0.063419 0.9578151
9367 0.063415 0.9578151
285971 0.063412 0.9578151
6502 0.063412 0.9578151
246184 0.063405 0.9578151
6414 0.063401 0.9578151
8626 0.063401 0.9578151
5347 0.063389 0.9578151
51282 0.063389 0.9578151
10522 0.063385 0.9578151
9589 0.063382 0.9578151
9223 0.063374 0.9578151
5315 0.063374 0.9578151
5900 0.063370 0.9578151
4650 0.063366 0.9578151
2274 0.063364 0.9578151
6988 0.063361 0.9578151
1017 0.063359 0.9578151
2004 0.063355 0.9578151
197 0.063353 0.9578151
6867 0.063353 0.9578151
27347 0.063348 0.9578151
5783 0.063340 0.9578151
51778 0.063338 0.9578151
2730 0.063335 0.9578151
22806 0.063332 0.9578151
57732 0.063330 0.9578151
8431 0.063329 0.9578151
84955 0.063317 0.9578151
7428 0.063316 0.9578151
5155 0.063314 0.9578151
81792 0.063311 0.9578151
8029 0.063306 0.9578151
4301 0.063300 0.9578151
54149 0.063298 0.9578151
10987 0.063298 0.9578151
79839 0.063298 0.9578151
26249 0.063293 0.9578151
10750 0.063289 0.9578151
56893 0.063287 0.9578151
7410 0.063287 0.9578151
1407 0.063283 0.9578151
5507 0.063281 0.9578151
23647 0.063277 0.9578151
10278 0.063275 0.9578151
3726 0.063274 0.9578151
10746 0.063273 0.9578151
10466 0.063273 0.9578151
10048 0.063272 0.9578151
23542 0.063271 0.9578151
51564 0.063270 0.9578151
5187 0.063269 0.9578151
130026 0.063266 0.9578151
9138 0.063252 0.9578151
29109 0.063244 0.9578151
5509 0.063234 0.9578151
5340 0.063233 0.9578151
5932 0.063228 0.9578151
25930 0.063223 0.9578151
2934 0.063222 0.9578151
10841 0.063220 0.9578151
117178 0.063218 0.9578151
7532 0.063211 0.9578151
23166 0.063207 0.9578151
54507 0.063206 0.9578151
378884 0.063203 0.9578151
27130 0.063195 0.9578151
10253 0.063193 0.9578151
57554 0.063192 0.9578151
5582 0.063186 0.9578151
250 0.063185 0.9578151
9093 0.063184 0.9578151
10771 0.063180 0.9578151
369 0.063178 0.9578151
10551 0.063178 0.9578151
4792 0.063176 0.9578151
8725 0.063175 0.9578151
6885 0.063168 0.9578151
25830 0.063154 0.9578151
116496 0.063152 0.9578151
26224 0.063152 0.9578151
4005 0.063150 0.9578151
10202 0.063149 0.9578151
10100 0.063148 0.9578151
57154 0.063146 0.9578151
4683 0.063145 0.9578151
8553 0.063143 0.9578151
9611 0.063142 0.9578151
1264 0.063142 0.9578151
373 0.063140 0.9578151
25937 0.063138 0.9578151
255758 0.063137 0.9578151
4214 0.063136 0.9578151
3064 0.063133 0.9578151
6732 0.063114 0.9578151
80319 0.063109 0.9578151
1793 0.063109 0.9578151
8647 0.063107 0.9578151
2042 0.063105 0.9578151
25758 0.063102 0.9578151
7449 0.063098 0.9578151
8548 0.063088 0.9578151
83755 0.063081 0.9578151
5308 0.063079 0.9578151
5525 0.063078 0.9578151
23433 0.063077 0.9578151
137492 0.063070 0.9578151
50619 0.063069 0.9578151
3190 0.063067 0.9578151
9134 0.063067 0.9578151
2309 0.063058 0.9578151
1912 0.063058 0.9578151
2931 0.063051 0.9578151
85376 0.063049 0.9578151
2908 0.063048 0.9578151
406 0.063043 0.9578151
11097 0.063041 0.9578151
8864 0.063039 0.9578151
5243 0.063035 0.9578151
5879 0.063034 0.9578151
7874 0.063034 0.9578151
2815 0.063034 0.9578151
1845 0.063034 0.9578151
5319 0.063026 0.9578151
51588 0.063018 0.9578151
84970 0.063017 0.9578151
378708 0.063016 0.9578151
100526739 0.063016 0.9578151
7321 0.063015 0.9578151
55626 0.063013 0.9578151
23390 0.063008 0.9578151
3309 0.063001 0.9578151
1441 0.062999 0.9578151
2810 0.062992 0.9578151
1950 0.062989 0.9578151
440915 0.062985 0.9578151
5684 0.062984 0.9578151
3091 0.062984 0.9578151
701 0.062979 0.9578151
23624 0.062979 0.9578151
996 0.062979 0.9578151
118471 0.062978 0.9578151
5591 0.062976 0.9578151
80117 0.062965 0.9578151
3665 0.062961 0.9578151
355 0.062961 0.9578151
29990 0.062959 0.9578151
51096 0.062956 0.9578151
64121 0.062949 0.9578151
994 0.062946 0.9578151
79980 0.062945 0.9578151
5468 0.062943 0.9578151
3778 0.062942 0.9578151
5578 0.062939 0.9578151
2023 0.062937 0.9578151
1020 0.062936 0.9578151
10241 0.062935 0.9578151
368 0.062935 0.9578151
5529 0.062931 0.9578151
1429 0.062930 0.9578151
8434 0.062925 0.9578151
860 0.062923 0.9578151
6453 0.062922 0.9578151
5566 0.062914 0.9578151
6789 0.062912 0.9578151
4629 0.062910 0.9578151
3866 0.062905 0.9578151
9513 0.062904 0.9578151
4615 0.062898 0.9578151
85291 0.062894 0.9578151
50514 0.062894 0.9578151
8976 0.062892 0.9578151
54760 0.062892 0.9578151
596 0.062889 0.9578151
8543 0.062887 0.9578151
177 0.062886 0.9578151
6358 0.062879 0.9578151
23163 0.062877 0.9578151
2113 0.062875 0.9578151
51499 0.062872 0.9578151
5999 0.062870 0.9578151
1068 0.062867 0.9578151
283899 0.062846 0.9578151
8831 0.062845 0.9578151
22877 0.062839 0.9578151
6657 0.062838 0.9578151
811 0.062837 0.9578151
118788 0.062837 0.9578151
7514 0.062833 0.9578151
5600 0.062828 0.9578151
4739 0.062827 0.9578151
659 0.062826 0.9578151
145508 0.062825 0.9578151
58512 0.062825 0.9578151
219333 0.062820 0.9578151
10254 0.062820 0.9578151
5794 0.062819 0.9578151
991 0.062814 0.9578151
5579 0.062812 0.9578151
51231 0.062806 0.9578151
10325 0.062801 0.9578151
714 0.062801 0.9578151
9647 0.062796 0.9578151
50488 0.062795 0.9578151
9965 0.062781 0.9578151
22920 0.062778 0.9578151
386680 0.062777 0.9578151
85358 0.062773 0.9578151
10560 0.062770 0.9578151
29979 0.062769 0.9578151
7029 0.062767 0.9578151
10983 0.062763 0.9578151
9260 0.062762 0.9578151
54542 0.062760 0.9578151
55611 0.062759 0.9578151
23071 0.062750 0.9578151
23181 0.062746 0.9578151
4303 0.062743 0.9578151
155382 0.062739 0.9578151
2059 0.062737 0.9578151
3875 0.062734 0.9578151
7984 0.062733 0.9578151
6197 0.062731 0.9578151
6605 0.062730 0.9578151
26271 0.062729 0.9578151
1000 0.062728 0.9578151
30011 0.062723 0.9578151
9675 0.062720 0.9578151
5910 0.062719 0.9578151
2002 0.062716 0.9578151
3756 0.062714 0.9578151
83899 0.062709 0.9578151
88 0.062708 0.9578151
1107 0.062694 0.9578151
59342 0.062693 0.9578151
79365 0.062690 0.9578151
83897 0.062688 0.9578151
5598 0.062685 0.9578151
6334 0.062682 0.9578151
8495 0.062676 0.9578151
117581 0.062675 0.9578151
6840 0.062675 0.9578151
4763 0.062672 0.9578151
85302 0.062669 0.9578151
9079 0.062662 0.9578151
2615 0.062661 0.9578151
7375 0.062659 0.9578151
64112 0.062656 0.9578151
283 0.062652 0.9578151
4000 0.062651 0.9578151
56940 0.062649 0.9578151
4778 0.062647 0.9578151
5899 0.062642 0.9578151
80351 0.062626 0.9578151
9063 0.062623 0.9578151
30008 0.062617 0.9578151
10013 0.062617 0.9578151
90060 0.062615 0.9578151
7022 0.062612 0.9578151
6543 0.062612 0.9578151
29882 0.062609 0.9578151
78995 0.062609 0.9578151
2547 0.062609 0.9578151
9463 0.062604 0.9578151
10193 0.062604 0.9578151
284001 0.062603 0.9578151
9368 0.062602 0.9578151
7431 0.062602 0.9578151
4793 0.062600 0.9578151
23054 0.062598 0.9578151
4194 0.062597 0.9578151
1180 0.062590 0.9578151
8065 0.062590 0.9578151
89870 0.062582 0.9578151
5682 0.062580 0.9578151
287015 0.062578 0.9578151
4118 0.062578 0.9578151
84304 0.062574 0.9578151
8646 0.062573 0.9578151
9088 0.062569 0.9578151
1869 0.062567 0.9578151
5593 0.062565 0.9578151
6996 0.062561 0.9578151
9101 0.062560 0.9578151
1742 0.062558 0.9578151
9863 0.062556 0.9578151
2275 0.062555 0.9578151
9575 0.062555 0.9578151
3198 0.062551 0.9578151
9817 0.062551 0.9578151
1994 0.062549 0.9578151
8312 0.062547 0.9578151
4846 0.062546 0.9578151
100132979 0.062537 0.9578151
55663 0.062527 0.9578151
5609 0.062526 0.9578151
121268 0.062522 0.9578151
54971 0.062521 0.9578151
6854 0.062518 0.9578151
9961 0.062514 0.9578151
6853 0.062512 0.9578151
6613 0.062511 0.9578151
9719 0.062510 0.9578151
64398 0.062510 0.9578151
1019 0.062509 0.9578151
23118 0.062506 0.9578151
23623 0.062504 0.9578151
2261 0.062503 0.9578151
8763 0.062498 0.9578151
2896 0.062494 0.9578151
374 0.062490 0.9578151
7337 0.062486 0.9578151
10015 0.062480 0.9578151
3280 0.062478 0.9578151
11330 0.062478 0.9578151
5914 0.062474 0.9578151
4771 0.062466 0.9578151
1452 0.062462 0.9578151
274 0.062458 0.9578151
51372 0.062458 0.9578151
4946 0.062455 0.9578151
102724770 0.062453 0.9578151
8214 0.062453 0.9578151
8678 0.062453 0.9578151
80196 0.062451 0.9578151
79836 0.062449 0.9578151
4437 0.062446 0.9578151
10437 0.062446 0.9578151
65220 0.062445 0.9578151
9894 0.062445 0.9578151
53616 0.062442 0.9578151
55211 0.062437 0.9578151
100652766 0.062435 0.9578151
667 0.062435 0.9578151
89797 0.062433 0.9578151
11086 0.062430 0.9578151
3984 0.062429 0.9578151
5425 0.062428 0.9578151
834 0.062426 0.9578151
22924 0.062426 0.9578151
9618 0.062420 0.9578151
545 0.062413 0.9578151
738 0.062412 0.9578151
23762 0.062409 0.9578151
9852 0.062408 0.9578151
9098 0.062406 0.9578151
1953 0.062405 0.9578151
51341 0.062403 0.9578151
201798 0.062403 0.9578151
1612 0.062403 0.9578151
11043 0.062395 0.9578151
1746 0.062395 0.9578151
404665 0.062390 0.9578151
8411 0.062385 0.9578151
5536 0.062384 0.9578151
8567 0.062384 0.9578151
3727 0.062383 0.9578151
10691 0.062381 0.9578151
92714 0.062380 0.9578151
3183 0.062380 0.9578151
51380 0.062380 0.9578151
7704 0.062376 0.9578151
3577 0.062369 0.9578151
89780 0.062367 0.9578151
537 0.062366 0.9578151
331 0.062362 0.9578151
1278 0.062359 0.9578151
7334 0.062353 0.9578151
29079 0.062352 0.9578151
11337 0.062349 0.9578151
92344 0.062347 0.9578151
23208 0.062346 0.9578151
7917 0.062346 0.9578151
55704 0.062343 0.9578151
55580 0.062343 0.9578151
27033 0.062343 0.9578151
8697 0.062342 0.9578151
60491 0.062340 0.9578151
5147 0.062338 0.9578151
10539 0.062335 0.9578151
10979 0.062335 0.9578151
1856 0.062333 0.9578151
81889 0.062332 0.9578151
6195 0.062326 0.9578151
6009 0.062320 0.9578151
11011 0.062319 0.9578151
7414 0.062319 0.9578151
467 0.062318 0.9578151
140460 0.062311 0.9578151
334 0.062311 0.9578151
5520 0.062311 0.9578151
1453 0.062310 0.9578151
4772 0.062307 0.9578151
3096 0.062305 0.9578151
7013 0.062304 0.9578151
2355 0.062304 0.9578151
7295 0.062303 0.9578151
79720 0.062295 0.9578151
11183 0.062291 0.9578151
431707 0.062289 0.9578151
79800 0.062286 0.9578151
5524 0.062286 0.9578151
7311 0.062280 0.9578151
55160 0.062280 0.9578151
226 0.062278 0.9578151
9156 0.062278 0.9578151
64170 0.062278 0.9578151
91703 0.062277 0.9578151
84460 0.062276 0.9578151
64182 0.062275 0.9578151
4212 0.062275 0.9578151
9659 0.062275 0.9578151
653513 0.062275 0.9578151
9942 0.062272 0.9578151
54476 0.062272 0.9578151
4790 0.062270 0.9578151
64750 0.062269 0.9578151
123722 0.062268 0.9578151
1649 0.062266 0.9578151
7804 0.062266 0.9578151
5817 0.062266 0.9578151
64860 0.062264 0.9578151
10075 0.062261 0.9578151
4826 0.062260 0.9578151
4646 0.062257 0.9578151
945 0.062256 0.9578151
7083 0.062255 0.9578151
1822 0.062253 0.9578151
11007 0.062252 0.9578151
5306 0.062252 0.9578151
6478 0.062247 0.9578151
4082 0.062247 0.9578151
64926 0.062235 0.9578151
23108 0.062235 0.9578151
55778 0.062235 0.9578151
4033 0.062235 0.9578151
55872 0.062234 0.9578151
8856 0.062233 0.9578151
4092 0.062231 0.9578151
29966 0.062229 0.9578151
2621 0.062229 0.9578151
9189 0.062226 0.9578151
4509 0.062226 0.9578151
57104 0.062224 0.9578151
1021 0.062221 0.9578151
8851 0.062219 0.9578151
9978 0.062219 0.9578151
10768 0.062217 0.9578151
170082 0.062216 0.9578151
155368 0.062216 0.9578151
1613 0.062214 0.9578151
773 0.062213 0.9578151
1459 0.062211 0.9578151
29945 0.062208 0.9578151
580 0.062208 0.9578151
3304 0.062205 0.9578151
3303 0.062205 0.9578151
3710 0.062201 0.9578151
1487 0.062198 0.9578151
2316 0.062198 0.9578151
8648 0.062197 0.9578151
374403 0.062197 0.9578151
57664 0.062195 0.9578151
8826 0.062191 0.9578151
7018 0.062185 0.9578151
390 0.062180 0.9578151
7123 0.062174 0.9578151
3856 0.062173 0.9578151
26058 0.062173 0.9578151
84619 0.062170 0.9578151
1039 0.062167 0.9578151
7074 0.062160 0.9578151
5071 0.062158 0.9578151
29986 0.062158 0.9578151
10454 0.062158 0.9578151
3172 0.062158 0.9578151
2624 0.062156 0.9578151
51529 0.062155 0.9578151
10957 0.062154 0.9578151
5500 0.062153 0.9578151
10458 0.062152 0.9578151
10529 0.062152 0.9578151
6014 0.062151 0.9578151
285753 0.062150 0.9578151
7389 0.062146 0.9578151
1155 0.062143 0.9578151
4638 0.062142 0.9578151
65987 0.062139 0.9578151
5585 0.062139 0.9578151
10865 0.062139 0.9578151
7041 0.062134 0.9578151
117144 0.062132 0.9578151
598 0.062127 0.9578151
79571 0.062121 0.9578151
1072 0.062120 0.9578151
51604 0.062116 0.9578151
22981 0.062116 0.9578151
128977 0.062113 0.9578151
25959 0.062112 0.9578151
817 0.062111 0.9578151
84219 0.062110 0.9578151
114824 0.062110 0.9578151
1780 0.062110 0.9578151
89970 0.062109 0.9578151
3312 0.062107 0.9578151
55422 0.062105 0.9578151
2956 0.062104 0.9578151
23528 0.062104 0.9578151
7128 0.062100 0.9578151
55165 0.062095 0.9578151
1163 0.062087 0.9578151
3329 0.062082 0.9578151
53822 0.062079 0.9578151
171546 0.062076 0.9578151
4035 0.062072 0.9578151
339044 0.062071 0.9578151
7718 0.062068 0.9578151
4090 0.062068 0.9578151
7456 0.062064 0.9578151
641 0.062062 0.9578151
839 0.062060 0.9578151
8576 0.062059 0.9578151
71 0.062057 0.9578151
5950 0.062056 0.9578151
2903 0.062052 0.9578151
921 0.062050 0.9578151
3688 0.062049 0.9578151
8061 0.062049 0.9578151
6769 0.062047 0.9578151
386677 0.062043 0.9578151
7291 0.062043 0.9578151
5605 0.062039 0.9578151
6477 0.062038 0.9578151
10142 0.062038 0.9578151
4599 0.062036 0.9578151
22841 0.062036 0.9578151
51222 0.062036 0.9578151
890 0.062033 0.9578151
2122 0.062032 0.9578151
10399 0.062030 0.9578151
2017 0.062029 0.9578151
140258 0.062029 0.9578151
9859 0.062028 0.9578151
9874 0.062028 0.9578151
27185 0.062025 0.9578151
100506658 0.062022 0.9578151
4950 0.062022 0.9578151
6427 0.062020 0.9578151
310 0.062019 0.9578151
5886 0.062019 0.9578151
11154 0.062011 0.9578151
27342 0.062009 0.9578151
3184 0.062005 0.9578151
6711 0.062004 0.9578151
7430 0.062004 0.9578151
1937 0.062003 0.9578151
10318 0.062000 0.9578151
6622 0.061997 0.9578151
6500 0.061997 0.9578151
8766 0.061996 0.9578151
387 0.061995 0.9578151
655 0.061992 0.9578151
55072 0.061990 0.9578151
350 0.061990 0.9578151
55093 0.061988 0.9578151
3860 0.061987 0.9578151
80347 0.061987 0.9578151
51043 0.061986 0.9578151
388324 0.061986 0.9578151
2950 0.061982 0.9578151
154 0.061980 0.9578151
4197 0.061977 0.9578151
56204 0.061974 0.9578151
5430 0.061972 0.9578151
51307 0.061968 0.9578151
23090 0.061965 0.9578151
2192 0.061964 0.9578151
826 0.061964 0.9578151
6693 0.061959 0.9578151
101929889 0.061959 0.9578151
10320 0.061956 0.9578151
57670 0.061954 0.9578151
171483 0.061952 0.9578151
5528 0.061951 0.9578151
6091 0.061948 0.9578151
10597 0.061945 0.9578151
4751 0.061945 0.9578151
3693 0.061943 0.9578151
24144 0.061938 0.9578151
1385 0.061938 0.9578151
54904 0.061937 0.9578151
8673 0.061935 0.9578151
954 0.061934 0.9578151
8900 0.061933 0.9578151
8452 0.061933 0.9578151
64333 0.061930 0.9578151
163033 0.061928 0.9578151
6696 0.061927 0.9578151
339366 0.061925 0.9578151
10401 0.061923 0.9578151
6117 0.061922 0.9578151
85280 0.061921 0.9578151
11339 0.061919 0.9578151
5518 0.061915 0.9578151
6374 0.061914 0.9578151
645455 0.061914 0.9578151
688 0.061914 0.9578151
25847 0.061911 0.9578151
7178 0.061910 0.9578151
121549 0.061905 0.9578151
10787 0.061905 0.9578151
1871 0.061901 0.9578151
1759 0.061900 0.9578151
6093 0.061900 0.9578151
81565 0.061899 0.9578151
5934 0.061896 0.9578151
2982 0.061895 0.9578151
326625 0.061892 0.9578151
119504 0.061891 0.9578151
4294 0.061885 0.9578151
8681 0.061885 0.9578151
3014 0.061885 0.9578151
100137049 0.061885 0.9578151
7277 0.061884 0.9578151
120892 0.061882 0.9578151
892 0.061882 0.9578151
1785 0.061881 0.9578151
23580 0.061880 0.9578151
7323 0.061880 0.9578151
5586 0.061878 0.9578151
10980 0.061877 0.9578151
4830 0.061877 0.9578151
10389 0.061876 0.9578151
9075 0.061875 0.9578151
3880 0.061873 0.9578151
2969 0.061868 0.9578151
7421 0.061866 0.9578151
26278 0.061864 0.9578151
675 0.061864 0.9578151
56998 0.061863 0.9578151
7415 0.061861 0.9578151
5287 0.061860 0.9578151
84281 0.061855 0.9578151
84832 0.061850 0.9578151
122961 0.061848 0.9578151
1050 0.061847 0.9578151
3150 0.061844 0.9578151
1601 0.061843 0.9578151
7750 0.061842 0.9578151
8204 0.061841 0.9578151
29127 0.061836 0.9578151
25913 0.061836 0.9578151
9470 0.061835 0.9578151
9551 0.061834 0.9578151
8687 0.061832 0.9578151
2224 0.061831 0.9578151
6938 0.061822 0.9578151
51061 0.061817 0.9578151
6767 0.061814 0.9578151
8850 0.061811 0.9578151
9915 0.061808 0.9578151
55729 0.061807 0.9578151
90933 0.061801 0.9578151
10417 0.061800 0.9578151
493753 0.061800 0.9578151
10460 0.061800 0.9578151
23641 0.061796 0.9578151
51271 0.061793 0.9578151
5267 0.061791 0.9578151
9447 0.061791 0.9578151
4107 0.061791 0.9578151
4004 0.061790 0.9578151
8612 0.061789 0.9578151
125488 0.061785 0.9578151
1447 0.061781 0.9578151
1111 0.061780 0.9578151
7301 0.061779 0.9578151
6597 0.061779 0.9578151
6720 0.061778 0.9578151
22954 0.061776 0.9578151
823 0.061773 0.9578151
22890 0.061773 0.9578151
5527 0.061771 0.9578151
8881 0.061769 0.9578151
9474 0.061768 0.9578151
9232 0.061768 0.9578151
10963 0.061767 0.9578151
2812 0.061766 0.9578151
8745 0.061766 0.9578151
63898 0.061765 0.9578151
58157 0.061765 0.9578151
9586 0.061763 0.9578151
54910 0.061754 0.9578151
1843 0.061753 0.9578151
835 0.061750 0.9578151
6788 0.061748 0.9578151
11276 0.061748 0.9578151
101060399 0.061747 0.9578151
56911 0.061746 0.9578151
2175 0.061745 0.9578151
7572 0.061744 0.9578151
6097 0.061742 0.9578151
3429 0.061741 0.9578151
1306 0.061741 0.9578151
8839 0.061741 0.9578151
83982 0.061741 0.9578151
26994 0.061740 0.9578151
7021 0.061740 0.9578151
1270 0.061739 0.9578151
51562 0.061735 0.9578151
3097 0.061733 0.9578151
9133 0.061732 0.9578151
339834 0.061731 0.9578151
1600 0.061729 0.9578151
56952 0.061728 0.9578151
5111 0.061728 0.9578151
3195 0.061727 0.9578151
7248 0.061727 0.9578151
5052 0.061726 0.9578151
8358 0.061725 0.9578151
8350 0.061725 0.9578151
8351 0.061725 0.9578151
8352 0.061725 0.9578151
8353 0.061725 0.9578151
8354 0.061725 0.9578151
8355 0.061725 0.9578151
8356 0.061725 0.9578151
8357 0.061725 0.9578151
8968 0.061725 0.9578151
23043 0.061725 0.9578151
204851 0.061722 0.9578151
4635 0.061722 0.9578151
6120 0.061721 0.9578151
4800 0.061719 0.9578151
3927 0.061716 0.9578151
55735 0.061716 0.9578151
9414 0.061715 0.9578151
84676 0.061715 0.9578151
54793 0.061714 0.9578151
3337 0.061712 0.9578151
468 0.061709 0.9578151
8675 0.061709 0.9578151
51185 0.061707 0.9578151
330 0.061707 0.9578151
91523 0.061703 0.9578151
84892 0.061703 0.9578151
78999 0.061703 0.9578151
4759 0.061703 0.9578151
2166 0.061703 0.9578151
337960 0.061703 0.9578151
4306 0.061703 0.9578151
93343 0.061701 0.9578151
9319 0.061701 0.9578151
6196 0.061700 0.9578151
7094 0.061695 0.9578151
6934 0.061693 0.9578151
8202 0.061693 0.9578151
7391 0.061691 0.9578151
51053 0.061690 0.9578151
5710 0.061688 0.9578151
5125 0.061687 0.9578151
1191 0.061685 0.9578151
358 0.061677 0.9578151
445 0.061676 0.9578151
11171 0.061675 0.9578151
10570 0.061673 0.9578151
23607 0.061672 0.9578151
83990 0.061669 0.9578151
338785 0.061669 0.9578151
147687 0.061669 0.9578151
6943 0.061668 0.9578151
7372 0.061666 0.9578151
10904 0.061660 0.9578151
353132 0.061658 0.9578151
9839 0.061655 0.9578151
79172 0.061653 0.9578151
2253 0.061648 0.9578151
31 0.061646 0.9578151
84727 0.061645 0.9578151
54058 0.061644 0.9578151
2067 0.061644 0.9578151
9810 0.061643 0.9578151
212 0.061642 0.9578151
547 0.061642 0.9578151
55929 0.061642 0.9578151
100996750 0.061640 0.9578151
29924 0.061638 0.9578151
6449 0.061636 0.9578151
79803 0.061633 0.9578151
92912 0.061633 0.9578151
83896 0.061631 0.9578151
604 0.061631 0.9578151
9531 0.061630 0.9578151
388818 0.061624 0.9578151
51305 0.061623 0.9578151
5519 0.061623 0.9578151
60598 0.061623 0.9578151
548593 0.061623 0.9578151
79008 0.061623 0.9578151
118812 0.061622 0.9578151
55845 0.061616 0.9578151
10521 0.061610 0.9578151
10738 0.061608 0.9578151
27246 0.061608 0.9578151
80321 0.061605 0.9578151
85359 0.061604 0.9578151
8676 0.061604 0.9578151
6462 0.061603 0.9578151
240 0.061602 0.9578151
149483 0.061601 0.9578151
1173 0.061600 0.9578151
158297 0.061599 0.9578151
83442 0.061596 0.9578151
51429 0.061596 0.9578151
5465 0.061592 0.9578151
54955 0.061590 0.9578151
6929 0.061588 0.9578151
8837 0.061587 0.9578151
3313 0.061587 0.9578151
1080 0.061586 0.9578151
2010 0.061584 0.9578151
1271 0.061584 0.9578151
2811 0.061583 0.9578151
142 0.061581 0.9578151
54926 0.061581 0.9578151
64581 0.061580 0.9578151
6602 0.061579 0.9578151
54535 0.061577 0.9578151
3151 0.061572 0.9578151
80726 0.061572 0.9578151
8795 0.061572 0.9578151
997 0.061569 0.9578151
4110 0.061568 0.9578151
64682 0.061567 0.9578151
10636 0.061567 0.9578151
80325 0.061565 0.9578151
92 0.061564 0.9578151
2168 0.061561 0.9578151
9318 0.061559 0.9578151
1846 0.061559 0.9578151
9111 0.061557 0.9578151
55239 0.061554 0.9578151
7052 0.061549 0.9578151
55004 0.061547 0.9578151
3858 0.061546 0.9578151
9778 0.061545 0.9578151
84984 0.061543 0.9578151
2146 0.061541 0.9578151
328 0.061535 0.9578151
3485 0.061533 0.9578151
9802 0.061532 0.9578151
10982 0.061532 0.9578151
84080 0.061531 0.9578151
5905 0.061531 0.9578151
4654 0.061529 0.9578151
571 0.061526 0.9578151
25942 0.061525 0.9578151
1786 0.061525 0.9578151
3777 0.061522 0.9578151
80022 0.061522 0.9578151
25839 0.061521 0.9578151
858 0.061519 0.9578151
1277 0.061512 0.9578151
8161 0.061511 0.9578151
79065 0.061505 0.9578151
5930 0.061501 0.9578151
8607 0.061499 0.9578151
23405 0.061497 0.9578151
4665 0.061496 0.9578151
51129 0.061495 0.9578151
816 0.061494 0.9578151
7068 0.061491 0.9578151
55183 0.061490 0.9578151
396 0.061486 0.9578151
64857 0.061486 0.9578151
9994 0.061486 0.9578151
4791 0.061485 0.9578151
54778 0.061484 0.9578151
3093 0.061483 0.9578151
378108 0.061483 0.9578151
3005 0.061482 0.9578151
149473 0.061481 0.9578151
4478 0.061479 0.9578151
1511 0.061479 0.9578151
10758 0.061479 0.9578151
1062 0.061478 0.9578151
2563 0.061478 0.9578151
10252 0.061477 0.9578151
9750 0.061476 0.9578151
25945 0.061476 0.9578151
9741 0.061468 0.9578151
57580 0.061468 0.9578151
51225 0.061468 0.9578151
6737 0.061466 0.9578151
466 0.061465 0.9578151
10615 0.061464 0.9578151
3308 0.061463 0.9578151
100132476 0.061463 0.9578151
2512 0.061461 0.9578151
5152 0.061460 0.9578151
4148 0.061459 0.9578151
114932 0.061459 0.9578151
22926 0.061456 0.9578151
51364 0.061454 0.9578151
64777 0.061453 0.9578151
1263 0.061453 0.9578151
2288 0.061453 0.9578151
132320 0.061450 0.9578151
4253 0.061448 0.9578151
7786 0.061444 0.9578151
114327 0.061436 0.9578151
5241 0.061435 0.9578151
7317 0.061435 0.9578151
10393 0.061434 0.9578151
54438 0.061432 0.9578151
54474 0.061431 0.9578151
8533 0.061430 0.9578151
7528 0.061430 0.9578151
5892 0.061425 0.9578151
5325 0.061422 0.9578151
79842 0.061421 0.9578151
79020 0.061419 0.9578151
23262 0.061417 0.9578151
1641 0.061416 0.9578151
4208 0.061414 0.9578151
1152 0.061413 0.9578151
8293 0.061413 0.9578151
728492 0.061413 0.9578151
56617 0.061413 0.9578151
200261 0.061412 0.9578151
581 0.061412 0.9578151
50618 0.061412 0.9578151
84959 0.061409 0.9578151
2495 0.061408 0.9578151
156 0.061404 0.9578151
51465 0.061404 0.9578151
55758 0.061402 0.9578151
10425 0.061400 0.9578151
79656 0.061398 0.9578151
391257 0.061396 0.9578151
6839 0.061395 0.9578151
11202 0.061392 0.9578151
6598 0.061388 0.9578151
440023 0.061385 0.9578151
22934 0.061383 0.9578151
389799 0.061383 0.9578151
115106 0.061383 0.9578151
11315 0.061380 0.9578151
79180 0.061376 0.9578151
64135 0.061376 0.9578151
84163 0.061376 0.9578151
6498 0.061375 0.9578151
1639 0.061375 0.9578151
6689 0.061370 0.9578151
27343 0.061368 0.9578151
5819 0.061368 0.9578151
128077 0.061363 0.9578151
3075 0.061362 0.9578151
84164 0.061362 0.9578151
5511 0.061359 0.9578151
120 0.061359 0.9578151
8841 0.061358 0.9578151
10365 0.061358 0.9578151
23243 0.061354 0.9578151
10933 0.061353 0.9578151
9112 0.061353 0.9578151
6606 0.061343 0.9578151
6607 0.061343 0.9578151
80149 0.061342 0.9578151
5478 0.061342 0.9578151
51433 0.061341 0.9578151
5108 0.061340 0.9578151
4862 0.061339 0.9578151
765 0.061338 0.9578151
116835 0.061338 0.9578151
79583 0.061338 0.9578151
7376 0.061338 0.9578151
55048 0.061338 0.9578151
163154 0.061337 0.9578151
5062 0.061337 0.9578151
93426 0.061334 0.9578151
60343 0.061333 0.9578151
200894 0.061332 0.9578151
5501 0.061332 0.9578151
83659 0.061330 0.9578151
7153 0.061329 0.9578151
7267 0.061326 0.9578151
23368 0.061325 0.9578151
8737 0.061323 0.9578151
63967 0.061321 0.9578151
6317 0.061320 0.9578151
140462 0.061320 0.9578151
440 0.061318 0.9578151
27034 0.061315 0.9578151
57862 0.061314 0.9578151
1540 0.061313 0.9578151
7276 0.061313 0.9578151
8481 0.061310 0.9578151
55198 0.061307 0.9578151
51085 0.061299 0.9578151
705 0.061299 0.9578151
602 0.061298 0.9578151
2494 0.061297 0.9578151
140612 0.061296 0.9578151
10014 0.061296 0.9578151
6691 0.061290 0.9578151
191 0.061287 0.9578151
129303 0.061287 0.9578151
3611 0.061282 0.9578151
7067 0.061281 0.9578151
4869 0.061279 0.9578151
373509 0.061279 0.9578151
2103 0.061279 0.9578151
54540 0.061275 0.9578151
3281 0.061274 0.9578151
23005 0.061274 0.9578151
583 0.061274 0.9578151
6712 0.061273 0.9578151
9672 0.061271 0.9578151
1025 0.061271 0.9578151
140606 0.061270 0.9578151
284418 0.061270 0.9578151
23034 0.061268 0.9578151
10023 0.061266 0.9578151
7167 0.061263 0.9578151
6945 0.061262 0.9578151
55658 0.061262 0.9578151
8861 0.061261 0.9578151
10616 0.061261 0.9578151
2670 0.061259 0.9578151
7142 0.061255 0.9578151
9657 0.061254 0.9578151
5607 0.061254 0.9578151
92822 0.061253 0.9578151
54 0.061249 0.9578151
5705 0.061247 0.9578151
3805 0.061244 0.9578151
9094 0.061243 0.9578151
5997 0.061242 0.9578151
329 0.061242 0.9578151
5093 0.061241 0.9578151
11346 0.061237 0.9578151
7345 0.061236 0.9578151
56923 0.061232 0.9578151
2184 0.061231 0.9578151
90678 0.061230 0.9578151
171023 0.061230 0.9578151
8907 0.061229 0.9578151
51306 0.061229 0.9578151
9328 0.061224 0.9578151
653240 0.061224 0.9578151
891 0.061220 0.9578151
23148 0.061217 0.9578151
5445 0.061217 0.9578151
154865 0.061216 0.9578151
23499 0.061215 0.9578151
64129 0.061214 0.9578151
64753 0.061213 0.9578151
23770 0.061212 0.9578151
353323 0.061210 0.9578151
51684 0.061209 0.9578151
9601 0.061205 0.9578151
7398 0.061205 0.9578151
2550 0.061203 0.9578151
84536 0.061203 0.9578151
84105 0.061201 0.9578151
9229 0.061200 0.9578151
8772 0.061200 0.9578151
4691 0.061199 0.9578151
2898 0.061199 0.9578151
23557 0.061199 0.9578151
10538 0.061198 0.9578151
9958 0.061198 0.9578151
59349 0.061194 0.9578151
5990 0.061194 0.9578151
10922 0.061194 0.9578151
27229 0.061188 0.9578151
64326 0.061188 0.9578151
4130 0.061188 0.9578151
23764 0.061186 0.9578151
8409 0.061184 0.9578151
6612 0.061184 0.9578151
64395 0.061179 0.9578151
79022 0.061178 0.9578151
501 0.061177 0.9578151
10197 0.061172 0.9578151
10210 0.061171 0.9578151
3516 0.061167 0.9578151
7283 0.061165 0.9578151
57088 0.061162 0.9578151
80705 0.061160 0.9578151
3192 0.061159 0.9578151
51545 0.061158 0.9578151
3852 0.061156 0.9578151
3705 0.061155 0.9578151
11140 0.061154 0.9578151
4660 0.061153 0.9578151
5933 0.061150 0.9578151
80270 0.061150 0.9578151
2872 0.061150 0.9578151
4804 0.061147 0.9578151
55664 0.061144 0.9578151
115426 0.061144 0.9578151
5013 0.061142 0.9578151
51005 0.061142 0.9578151
9943 0.061141 0.9578151
7879 0.061138 0.9578151
3069 0.061137 0.9578151
990 0.061137 0.9578151
7314 0.061136 0.9578151
39 0.061135 0.9578151
9929 0.061132 0.9578151
7916 0.061128 0.9578151
6045 0.061126 0.9578151
7184 0.061124 0.9578151
153769 0.061124 0.9578151
9869 0.061122 0.9578151
58524 0.061122 0.9578151
3872 0.061121 0.9578151
9975 0.061120 0.9578151
84766 0.061120 0.9578151
29968 0.061119 0.9578151
27156 0.061117 0.9578151
2280 0.061116 0.9578151
6993 0.061115 0.9578151
8544 0.061111 0.9578151
84914 0.061108 0.9578151
348174 0.061107 0.9578151
140885 0.061107 0.9578151
1295 0.061105 0.9578151
8349 0.061104 0.9578151
10567 0.061103 0.9578151
338321 0.061103 0.9578151
55835 0.061102 0.9578151
57562 0.061102 0.9578151
10989 0.061102 0.9578151
51213 0.061101 0.9578151
27429 0.061100 0.9578151
9883 0.061099 0.9578151
1195 0.061094 0.9578151
8462 0.061094 0.9578151
3884 0.061094 0.9578151
293 0.061092 0.9578151
6721 0.061092 0.9578151
55791 0.061090 0.9578151
7352 0.061089 0.9578151
3945 0.061089 0.9578151
7082 0.061088 0.9578151
54468 0.061084 0.9578151
55291 0.061083 0.9578151
6118 0.061083 0.9578151
3276 0.061083 0.9578151
11213 0.061082 0.9578151
9473 0.061081 0.9578151
9919 0.061075 0.9578151
8887 0.061074 0.9578151
147525 0.061072 0.9578151
2318 0.061072 0.9578151
23288 0.061071 0.9578151
4184 0.061071 0.9578151
10667 0.061068 0.9578151
53371 0.061068 0.9578151
151056 0.061066 0.9578151
9131 0.061065 0.9578151
4672 0.061065 0.9578151
5311 0.061061 0.9578151
6457 0.061060 0.9578151
8328 0.061059 0.9578151
1213 0.061058 0.9578151
10207 0.061058 0.9578151
27018 0.061055 0.9578151
1400 0.061053 0.9578151
4291 0.061051 0.9578151
150684 0.061051 0.9578151
5079 0.061050 0.9578151
10018 0.061050 0.9578151
9404 0.061048 0.9578151
1870 0.061048 0.9578151
6303 0.061048 0.9578151
7168 0.061047 0.9578151
57532 0.061047 0.9578151
1130 0.061045 0.9578151
401541 0.061044 0.9578151
6744 0.061041 0.9578151
23475 0.061040 0.9578151
5127 0.061040 0.9578151
81631 0.061038 0.9578151
28951 0.061037 0.9578151
2036 0.061032 0.9578151
23473 0.061032 0.9578151
4286 0.061032 0.9578151
50848 0.061031 0.9578151
26297 0.061029 0.9578151
79869 0.061029 0.9578151
1488 0.061029 0.9578151
3836 0.061029 0.9578151
340359 0.061027 0.9578151
54726 0.061026 0.9578151
2272 0.061025 0.9578151
2672 0.061025 0.9578151
8339 0.061023 0.9578151
8344 0.061023 0.9578151
3017 0.061023 0.9578151
1674 0.061023 0.9578151
8343 0.061023 0.9578151
8347 0.061023 0.9578151
8346 0.061023 0.9578151
637 0.061022 0.9578151
7086 0.061022 0.9578151
11155 0.061019 0.9578151
1642 0.061018 0.9578151
53615 0.061017 0.9578151
79047 0.061016 0.9578151
6456 0.061015 0.9578151
6421 0.061013 0.9578151
284058 0.061013 0.9578151
3040 0.061012 0.9578151
3039 0.061012 0.9578151
5139 0.061011 0.9578151
55558 0.061010 0.9578151
6647 0.061007 0.9578151
79594 0.061001 0.9578151
79400 0.060998 0.9578151
128553 0.060998 0.9578151
1977 0.060998 0.9578151
25950 0.060998 0.9578151
51015 0.060998 0.9578151
56159 0.060996 0.9578151
6722 0.060996 0.9578151
146664 0.060995 0.9578151
51631 0.060993 0.9578151
5992 0.060989 0.9578151
83639 0.060987 0.9578151
728411 0.060987 0.9578151
2 0.060987 0.9578151
9797 0.060987 0.9578151
93492 0.060987 0.9578151
54816 0.060987 0.9578151
54875 0.060987 0.9578151
283471 0.060987 0.9578151
222698 0.060987 0.9578151
160492 0.060987 0.9578151
54532 0.060985 0.9578151
1392 0.060982 0.9578151
3386 0.060981 0.9578151
2516 0.060981 0.9578151
22864 0.060981 0.9578151
5887 0.060980 0.9578151
55212 0.060979 0.9578151
2104 0.060976 0.9578151
79005 0.060975 0.9578151
100534012 0.060975 0.9578151
2046 0.060975 0.9578151
1949 0.060975 0.9578151
10874 0.060974 0.9578151
57473 0.060972 0.9578151
5034 0.060971 0.9578151
10783 0.060971 0.9578151
8986 0.060970 0.9578151
126626 0.060970 0.9578151
573 0.060969 0.9578151
7324 0.060967 0.9578151
64781 0.060967 0.9578151
6846 0.060965 0.9578151
9770 0.060964 0.9578151
824 0.060964 0.9578151
91694 0.060963 0.9578151
5859 0.060962 0.9578151
65018 0.060962 0.9578151
8405 0.060961 0.9578151
112399 0.060959 0.9578151
114971 0.060959 0.9578151
51255 0.060956 0.9578151
3670 0.060956 0.9578151
79843 0.060954 0.9578151
6829 0.060954 0.9578151
1983 0.060954 0.9578151
128821 0.060952 0.9578151
1164 0.060952 0.9578151
4094 0.060952 0.9578151
1610 0.060951 0.9578151
10617 0.060951 0.9578151
1857 0.060947 0.9578151
8871 0.060947 0.9578151
3024 0.060946 0.9578151
10403 0.060946 0.9578151
3400 0.060945 0.9578151
51138 0.060944 0.9578151
7138 0.060944 0.9578151
10206 0.060943 0.9578151
150483 0.060943 0.9578151
84140 0.060941 0.9578151
374454 0.060941 0.9578151
2805 0.060940 0.9578151
10459 0.060939 0.9578151
3178 0.060939 0.9578151
6455 0.060937 0.9578151
84271 0.060937 0.9578151
10163 0.060937 0.9578151
64098 0.060937 0.9578151
7114 0.060936 0.9578151
196477 0.060932 0.9578151
3297 0.060931 0.9578151
23001 0.060930 0.9578151
4205 0.060930 0.9578151
5129 0.060926 0.9578151
11035 0.060926 0.9578151
79931 0.060926 0.9578151
301 0.060925 0.9578151
56658 0.060923 0.9578151
81603 0.060923 0.9578151
7332 0.060923 0.9578151
27434 0.060922 0.9578151
900 0.060921 0.9578151
7216 0.060920 0.9578151
5764 0.060919 0.9578151
124 0.060918 0.9578151
6887 0.060917 0.9578151
112802 0.060915 0.9578151
7791 0.060913 0.9578151
4012 0.060912 0.9578151
8239 0.060911 0.9578151
6992 0.060911 0.9578151
629 0.060910 0.9578151
79165 0.060910 0.9578151
1840 0.060909 0.9578151
200081 0.060906 0.9578151
285679 0.060905 0.9578151
10856 0.060902 0.9578151
7001 0.060900 0.9578151
5245 0.060897 0.9578151
8825 0.060893 0.9578151
29110 0.060889 0.9578151
1991 0.060888 0.9578151
7088 0.060887 0.9578151
29116 0.060886 0.9578151
399947 0.060886 0.9578151
85369 0.060885 0.9578151
2271 0.060884 0.9578151
9049 0.060883 0.9578151
51807 0.060883 0.9578151
1962 0.060883 0.9578151
23568 0.060882 0.9578151
55739 0.060881 0.9578151
9464 0.060879 0.9578151
25828 0.060879 0.9578151
81567 0.060878 0.9578151
26528 0.060878 0.9578151
2313 0.060878 0.9578151
203054 0.060878 0.9578151
57662 0.060877 0.9578151
203068 0.060877 0.9578151
10486 0.060875 0.9578151
26121 0.060874 0.9578151
55885 0.060874 0.9578151
26574 0.060873 0.9578151
26275 0.060872 0.9578151
4659 0.060871 0.9578151
5495 0.060870 0.9578151
57634 0.060869 0.9578151
57459 0.060869 0.9578151
85013 0.060868 0.9578151
23650 0.060865 0.9578151
7620 0.060865 0.9578151
60626 0.060864 0.9578151
392 0.060862 0.9578151
2317 0.060861 0.9578151
55233 0.060861 0.9578151
7681 0.060860 0.9578151
2553 0.060858 0.9578151
2115 0.060856 0.9578151
51596 0.060852 0.9578151
92597 0.060852 0.9578151
79616 0.060846 0.9578151
1655 0.060844 0.9578151
7280 0.060843 0.9578151
55120 0.060842 0.9578151
10606 0.060842 0.9578151
3911 0.060841 0.9578151
51160 0.060841 0.9578151
55633 0.060841 0.9578151
64241 0.060840 0.9578151
10174 0.060835 0.9578151
29108 0.060834 0.9578151
3895 0.060834 0.9578151
55660 0.060831 0.9578151
9256 0.060830 0.9578151
115817 0.060828 0.9578151
29761 0.060825 0.9578151
54556 0.060823 0.9578151
978 0.060822 0.9578151
8658 0.060819 0.9578151
6895 0.060818 0.9578151
2177 0.060817 0.9578151
26511 0.060815 0.9578151
10370 0.060814 0.9578151
10499 0.060814 0.9578151
1102 0.060814 0.9578151
23636 0.060813 0.9578151
6096 0.060811 0.9578151
81629 0.060811 0.9578151
5292 0.060811 0.9578151
57556 0.060811 0.9578151
54461 0.060810 0.9578151
55823 0.060808 0.9578151
80764 0.060808 0.9578151
28996 0.060807 0.9578151
11345 0.060807 0.9578151
8518 0.060807 0.9578151
54386 0.060806 0.9578151
1894 0.060805 0.9578151
7399 0.060803 0.9578151
9184 0.060802 0.9578151
2937 0.060801 0.9578151
1196 0.060800 0.9578151
84294 0.060800 0.9578151
10024 0.060800 0.9578151
11244 0.060799 0.9578151
7408 0.060799 0.9578151
170954 0.060798 0.9578151
2189 0.060797 0.9578151
118424 0.060797 0.9578151
58191 0.060797 0.9578151
23199 0.060796 0.9578151
4627 0.060794 0.9578151
51434 0.060793 0.9578151
81854 0.060792 0.9578151
1627 0.060792 0.9578151
8674 0.060792 0.9578151
3558 0.060792 0.9578151
5154 0.060789 0.9578151
146760 0.060788 0.9578151
8760 0.060785 0.9578151
84081 0.060782 0.9578151
9759 0.060781 0.9578151
5733 0.060781 0.9578151
4281 0.060780 0.9578151
65268 0.060779 0.9578151
7494 0.060779 0.9578151
51608 0.060777 0.9578151
10540 0.060775 0.9578151
78990 0.060775 0.9578151
3654 0.060775 0.9578151
284185 0.060774 0.9578151
84058 0.060774 0.9578151
6051 0.060774 0.9578151
51259 0.060774 0.9578151
142937 0.060774 0.9578151
26138 0.060774 0.9578151
155066 0.060774 0.9578151
1406 0.060771 0.9578151
353145 0.060768 0.9578151
27232 0.060766 0.9578151
23586 0.060766 0.9578151
6709 0.060764 0.9578151
2669 0.060764 0.9578151
6811 0.060762 0.9578151
9025 0.060762 0.9578151
80817 0.060761 0.9578151
285381 0.060760 0.9578151
10055 0.060760 0.9578151
5218 0.060759 0.9578151
1470 0.060758 0.9578151
9500 0.060756 0.9578151
988 0.060756 0.9578151
27161 0.060756 0.9578151
90627 0.060755 0.9578151
55145 0.060754 0.9578151
54101 0.060751 0.9578151
10268 0.060751 0.9578151
8290 0.060749 0.9578151
353144 0.060749 0.9578151
10928 0.060748 0.9578151
51031 0.060746 0.9578151
4236 0.060746 0.9578151
3889 0.060746 0.9578151
1676 0.060745 0.9578151
3741 0.060744 0.9578151
9948 0.060743 0.9578151
84069 0.060741 0.9578151
29028 0.060740 0.9578151
286887 0.060740 0.9578151
26038 0.060740 0.9578151
137209 0.060738 0.9578151
55349 0.060737 0.9578151
15 0.060737 0.9578151
7150 0.060737 0.9578151
353141 0.060736 0.9578151
112942 0.060735 0.9578151
7351 0.060735 0.9578151
9970 0.060732 0.9578151
3298 0.060732 0.9578151
63027 0.060730 0.9578151
283152 0.060726 0.9578151
23310 0.060724 0.9578151
27330 0.060724 0.9578151
55011 0.060723 0.9578151
55249 0.060721 0.9578151
8796 0.060721 0.9578151
154313 0.060719 0.9578151
399687 0.060717 0.9578151
85440 0.060716 0.9578151
92129 0.060714 0.9578151
9590 0.060713 0.9578151
3476 0.060711 0.9578151
1455 0.060709 0.9578151
861 0.060708 0.9578151
9911 0.060708 0.9578151
55347 0.060707 0.9578151
25932 0.060703 0.9578151
11034 0.060703 0.9578151
25796 0.060703 0.9578151
84142 0.060703 0.9578151
23522 0.060703 0.9578151
9873 0.060701 0.9578151
7148 0.060700 0.9578151
57085 0.060699 0.9578151
5702 0.060699 0.9578151
9467 0.060697 0.9578151
170261 0.060695 0.9578151
386684 0.060695 0.9578151
9588 0.060694 0.9578151
8994 0.060689 0.9578151
196472 0.060686 0.9578151
84528 0.060685 0.9578151
5621 0.060683 0.9578151
248 0.060682 0.9578151
57396 0.060682 0.9578151
5090 0.060681 0.9578151
51567 0.060681 0.9578151
56254 0.060679 0.9578151
56243 0.060679 0.9578151
27338 0.060679 0.9578151
8539 0.060677 0.9578151
2305 0.060676 0.9578151
1794 0.060676 0.9578151
126070 0.060674 0.9578151
23191 0.060674 0.9578151
710 0.060673 0.9578151
90410 0.060672 0.9578151
65265 0.060669 0.9578151
55337 0.060668 0.9578151
10611 0.060667 0.9578151
337963 0.060667 0.9578151
6801 0.060664 0.9578151
7106 0.060659 0.9578151
6636 0.060659 0.9578151
140290 0.060657 0.9578151
64773 0.060657 0.9578151
55264 0.060657 0.9578151
2281 0.060657 0.9578151
3002 0.060655 0.9578151
7678 0.060654 0.9578151
137196 0.060654 0.9578151
29797 0.060653 0.9578151
79446 0.060652 0.9578151
125144 0.060652 0.9578151
6919 0.060651 0.9578151
10126 0.060650 0.9578151
10114 0.060650 0.9578151
4776 0.060649 0.9578151
10398 0.060648 0.9578151
390535 0.060648 0.9578151
23613 0.060648 0.9578151
7170 0.060645 0.9578151
3090 0.060645 0.9578151
2778 0.060644 0.9578151
471 0.060642 0.9578151
84872 0.060641 0.9578151
7187 0.060640 0.9578151
585 0.060640 0.9578151
7140 0.060637 0.9578151
9721 0.060637 0.9578151
9738 0.060634 0.9578151
4591 0.060634 0.9578151
9818 0.060634 0.9578151
9140 0.060633 0.9578151
29935 0.060633 0.9578151
440193 0.060629 0.9578151
9342 0.060628 0.9578151
79027 0.060627 0.9578151
7054 0.060627 0.9578151
325 0.060626 0.9578151
10360 0.060625 0.9578151
582 0.060625 0.9578151
9656 0.060624 0.9578151
1522 0.060624 0.9578151
5980 0.060623 0.9578151
862 0.060622 0.9578151
55917 0.060619 0.9578151
1523 0.060618 0.9578151
255877 0.060616 0.9578151
55022 0.060616 0.9578151
54108 0.060615 0.9578151
57761 0.060613 0.9578151
1892 0.060613 0.9578151
84675 0.060611 0.9578151
4154 0.060610 0.9578151
79632 0.060609 0.9578151
3336 0.060609 0.9578151
56676 0.060608 0.9578151
128178 0.060607 0.9578151
58500 0.060607 0.9578151
54902 0.060604 0.9578151
55957 0.060603 0.9578151
3417 0.060603 0.9578151
53335 0.060602 0.9578151
3853 0.060602 0.9578151
3399 0.060601 0.9578151
5510 0.060600 0.9578151
57142 0.060600 0.9578151
4176 0.060600 0.9578151
