3667 34 0.000000e+00
6580 2 0.000000e+00
3952 3 0.000000e+00
1586 15 0.000000e+00
6794 89 0.000000e+00
6517 5 0.000000e+00
5327 6 0.000000e+00
5563 53 0.000000e+00
6794 2 0.000000e+00
7329 2 6.249940e-02
6198 2 2.455400e-02
2064 2 3.021190e-02
3480 2 2.455400e-02
388677 1 3.867870e-02
4841 1 6.249940e-02
5054 1 2.455400e-02
29122 1 8.766900e-03
10382 1 3.021190e-02
10513 1 3.867870e-02
5268 1 2.455400e-02
3953 1 1.088986e-01
57787 1 3.021190e-02
8503 1 6.249940e-02
2885 1 6.249940e-02
2888 1 3.021190e-02
23017 1 7.257000e-04
7965 1 6.249940e-02
1586 1 0.000000e+00
5650 1 8.766900e-03
23221 1 2.143920e-02
3643 1 3.867870e-02
100996717 1 3.867870e-02
3066 1 1.088986e-01
57402 1 1.606280e-02
5599 1 6.249940e-02
11200 1 3.867870e-02
23411 1 3.867870e-02
6293 1 3.867870e-02
1917 1 3.867870e-02
5781 1 6.249940e-02
23513 1 2.455400e-02
1408 1 3.021190e-02
5571 1 3.021190e-02
3265 1 3.021190e-02
51343 1 3.867870e-02
7743 1 1.606280e-02
9113 1 3.867870e-02
22938 1 6.249940e-02
2011 1 3.021190e-02
57026 1 1.829600e-03
6925 1 6.249940e-02
126526 1 1.088800e-03
56033 1 1.829600e-03
56034 1 1.676500e-03
22919 1 3.867870e-02
6944 1 3.867870e-02
166 1 6.249940e-02
7867 1 3.021190e-02
102724428 1 5.422700e-03
7322 1 3.867870e-02
7069 1 2.143920e-02
7064 1 3.867870e-02
5274 1 0.000000e+00
7846 1 3.867870e-02
3326 1 6.249940e-02
5516 1 3.021190e-02
92335 1 3.036000e-03
79618 1 3.867870e-02
55014 1 2.143920e-02
57326 1 3.867870e-02
1956 1 6.249940e-02
514 1 2.252200e-03
5563 1 0.000000e+00
7020 1 6.249940e-02
1036 1 2.191000e-04
8660 1 3.867870e-02
5728 1 3.021190e-02
8412 1 3.867870e-02
57594 1 3.867870e-02
284252 1 3.021190e-02
5747 1 6.249940e-02
2118 1 2.455400e-02
7507 1 3.021190e-02
8789 1 2.143920e-02
386682 1 6.249940e-02
10007 1 3.867870e-02
79142 1 3.979700e-03
1073 1 3.021190e-02
4338 1 1.606280e-02
25803 1 1.606280e-02
2353 1 3.867870e-02
57162 1 6.249940e-02
1539 1 1.606280e-02
4485 1 3.468300e-03
51531 1 2.143920e-02
3717 1 3.867870e-02
3716 1 3.867870e-02
84456 1 3.867870e-02
10541 1 3.021190e-02
114790 1 1.676500e-03
150094 1 5.422700e-03
22869 1 2.143920e-02
5336 1 3.867870e-02
25843 1 3.867870e-02
8555 1 1.606280e-02
10891 1 3.867870e-02
83878 1 6.249940e-02
58529 1 3.021190e-02
54187 1 3.021190e-02
81628 1 3.867870e-02
382 1 3.867870e-02
384 1 7.257000e-04
2735 1 3.867870e-02
7205 1 6.249940e-02
808 1 3.021190e-02
801 1 3.021190e-02
805 1 3.021190e-02
10146 1 3.867870e-02
3033 1 3.867870e-02
5604 1 3.021190e-02
6768 1 2.143920e-02
229 1 2.143920e-02
153443 1 1.676500e-03
7957 1 3.867870e-02
10 1 2.143920e-02
207 1 3.867870e-02
653121 1 3.867870e-02
780 1 3.867870e-02
51176 1 3.021190e-02
91151 1 7.257000e-04
4536 1 1.829600e-03
100996763 1 3.867870e-02
27076 1 1.606280e-02
22843 1 2.143920e-02
56288 1 3.021190e-02
5770 1 6.249940e-02
7111 1 2.143920e-02
5564 1 3.021190e-02
5565 1 3.867870e-02
5562 1 3.867870e-02
27248 1 1.606280e-02
4892 1 8.766900e-03
9100 1 3.867870e-02
11180 1 8.766900e-03
7706 1 3.867870e-02
5795 1 3.021190e-02
4914 1 3.867870e-02
23424 1 2.143920e-02
324 1 3.867870e-02
57521 1 3.867870e-02
55773 1 2.455400e-02
2475 1 6.249940e-02
84268 1 2.392400e-03
29956 1 6.598027e-01
54550 1 3.867870e-02
55023 1 6.249940e-02
10152 1 6.249940e-02
1508 1 3.021190e-02
7534 1 3.867870e-02
7531 1 6.249940e-02
7530 1 3.867870e-02
2203 1 2.455400e-02
5296 1 6.249940e-02
5295 1 6.249940e-02
11030 1 6.249940e-02
256646 1 3.021190e-02
25970 1 2.143920e-02
3801 1 6.249940e-02
5921 1 2.455400e-02
5717 1 6.249940e-02
2147 1 3.979700e-03
5580 1 6.249940e-02
23646 1 3.021190e-02
51094 1 8.766900e-03
3486 1 2.455400e-02
54828 1 3.021190e-02
347240 1 2.252200e-03
3101 1 1.088986e-01
10801 1 3.867870e-02
8428 1 3.867870e-02
4139 1 3.979700e-03
222546 1 3.867870e-02
79155 1 3.021190e-02
11059 1 3.867870e-02
8650 1 6.249940e-02
57820 1 3.021190e-02
672 1 6.249940e-02
55437 1 5.422700e-03
9266 1 3.867870e-02
10076 1 2.143920e-02
54861 1 7.257000e-04
84307 1 2.143920e-02
3146 1 4.214519e-01
7251 1 3.867870e-02
3881 1 6.249940e-02
51719 1 3.021190e-02
26260 1 6.249940e-02
999 1 3.021190e-02
127557 1 3.867870e-02
3164 1 3.867870e-02
1616 1 1.088986e-01
728294 1 1.829600e-03
