#Id Score P-value
1586 1.000000 0.0
6794 0.975099 0.0
5563 0.950677 0.0
3667 0.931401 0.0
6517 0.902645 0.0
5327 0.878875 0.0
3952 0.877363 0.0
6580 0.857424 0.0
5274 0.842053 0.0
1036 0.523565 0.0002191
91151 0.370136 0.0007257
23017 0.362024 0.0007257
384 0.362024 0.0007257
54861 0.362024 0.0007257
126526 0.339737 0.0010888
153443 0.266601 0.0016765
56034 0.264494 0.0016765
114790 0.261083 0.0016765
728294 0.259372 0.0018296
56033 0.257445 0.0018296
57026 0.252112 0.0018296
4536 0.251880 0.0018296
347240 0.248284 0.0022522
514 0.244722 0.0022522
84268 0.235286 0.0023924
92335 0.225390 0.003036
4485 0.213713 0.0034683
2147 0.206574 0.0039797
79142 0.204010 0.0039797
4139 0.203836 0.0039797
55437 0.192668 0.0054227
102724428 0.191255 0.0054227
150094 0.191255 0.0054227
5650 0.187879 0.0087669
9407 0.187035 0.0087669
51094 0.185261 0.0087669
11180 0.183001 0.0087669
29122 0.182459 0.0087669
6482 0.180852 0.0087669
4892 0.180282 0.0087669
8555 0.179852 0.0160628
25803 0.179682 0.0160628
4338 0.178705 0.0160628
1539 0.174605 0.0160628
57402 0.172987 0.0160628
7743 0.172634 0.0160628
27076 0.171997 0.0160628
27248 0.171186 0.0160628
23424 0.168623 0.0214392
84307 0.167525 0.0214392
23221 0.165999 0.0214392
22869 0.165965 0.0214392
10 0.165706 0.0214392
6768 0.165682 0.0214392
10076 0.165675 0.0214392
8789 0.165443 0.0214392
22843 0.165281 0.0214392
51531 0.163137 0.0214392
55014 0.162446 0.0214392
7069 0.161678 0.0214392
7111 0.161604 0.0214392
25970 0.160778 0.0214392
229 0.160168 0.0214392
2118 0.159033 0.024554
23513 0.158031 0.024554
5054 0.157454 0.024554
3486 0.155779 0.024554
6198 0.155219 0.024554
283971 0.154655 0.024554
3480 0.154313 0.024554
55773 0.152488 0.024554
5268 0.150792 0.024554
2203 0.150552 0.024554
5921 0.150395 0.024554
51176 0.149983 0.0302119
7867 0.149913 0.0302119
7507 0.149307 0.0302119
2011 0.148505 0.0302119
54828 0.148318 0.0302119
57820 0.148072 0.0302119
5604 0.147457 0.0302119
5564 0.147309 0.0302119
23646 0.146833 0.0302119
10382 0.146721 0.0302119
3265 0.146696 0.0302119
56288 0.146552 0.0302119
5516 0.146125 0.0302119
51719 0.145882 0.0302119
54187 0.145634 0.0302119
57787 0.145385 0.0302119
5795 0.144582 0.0302119
10541 0.143973 0.0302119
1508 0.143776 0.0302119
1408 0.143105 0.0302119
2064 0.141642 0.0302119
999 0.141134 0.0302119
79155 0.141121 0.0302119
2888 0.140871 0.0302119
256646 0.140764 0.0302119
58529 0.140689 0.0302119
808 0.140679 0.0302119
805 0.140679 0.0302119
284252 0.140659 0.0302119
5571 0.140625 0.0302119
801 0.140581 0.0302119
5728 0.140531 0.0302119
1073 0.140031 0.0302119
8428 0.139845 0.0386787
7957 0.139070 0.0386787
57521 0.138997 0.0386787
6944 0.138981 0.0386787
382 0.138918 0.0386787
5562 0.138888 0.0386787
2735 0.138848 0.0386787
1917 0.138741 0.0386787
7706 0.138017 0.0386787
10513 0.137889 0.0386787
10007 0.137754 0.0386787
222546 0.137480 0.0386787
9113 0.137327 0.0386787
7064 0.136883 0.0386787
207 0.136385 0.0386787
9100 0.136194 0.0386787
3164 0.135413 0.0386787
57594 0.135147 0.0386787
8660 0.135119 0.0386787
8412 0.135031 0.0386787
57326 0.135021 0.0386787
10891 0.134886 0.0386787
22919 0.134855 0.0386787
10801 0.134839 0.0386787
9266 0.134740 0.0386787
11200 0.134652 0.0386787
25843 0.134498 0.0386787
3033 0.134400 0.0386787
79618 0.134047 0.0386787
7251 0.134044 0.0386787
7846 0.133967 0.0386787
51343 0.133467 0.0386787
324 0.133056 0.0386787
4914 0.132743 0.0386787
81628 0.132352 0.0386787
7534 0.132209 0.0386787
7530 0.132209 0.0386787
780 0.132196 0.0386787
23411 0.131932 0.0386787
84456 0.131535 0.0386787
3643 0.131527 0.0386787
5565 0.131478 0.0386787
11059 0.131428 0.0386787
127557 0.131200 0.0386787
653121 0.131200 0.0386787
6293 0.130873 0.0386787
388677 0.130820 0.0386787
100996717 0.130820 0.0386787
100996763 0.130820 0.0386787
5336 0.130777 0.0386787
3716 0.130718 0.0386787
54550 0.130595 0.0386787
2353 0.130572 0.0386787
7322 0.130544 0.0386787
10146 0.130483 0.0386787
3717 0.130259 0.0386787
7020 0.129778 0.0624994
6925 0.129676 0.0624994
3881 0.129560 0.0624994
10152 0.129497 0.0624994
4841 0.129410 0.0624994
3801 0.129139 0.0624994
386682 0.129117 0.0624994
11030 0.129105 0.0624994
7329 0.128741 0.0624994
7205 0.128661 0.0624994
166 0.128653 0.0624994
83878 0.128328 0.0624994
5295 0.128063 0.0624994
22938 0.128003 0.0624994
5781 0.127985 0.0624994
672 0.127845 0.0624994
7965 0.127804 0.0624994
887 0.127637 0.0624994
5296 0.127144 0.0624994
5717 0.126770 0.0624994
3326 0.126364 0.0624994
5770 0.125437 0.0624994
8503 0.124505 0.0624994
5747 0.124485 0.0624994
57162 0.124097 0.0624994
8650 0.123463 0.0624994
2475 0.123258 0.0624994
5580 0.122730 0.0624994
26260 0.122290 0.0624994
1956 0.121398 0.0624994
55023 0.120755 0.0624994
5599 0.120740 0.0624994
7531 0.120389 0.0624994
2885 0.120085 0.0624994
57127 0.119379 0.1088986
3066 0.115370 0.1088986
3053 0.114990 0.1088986
3953 0.114461 0.1088986
1616 0.113727 0.1088986
3101 0.110262 0.1088986
9856 0.109075 0.2161773
83401 0.107260 0.2161773
2702 0.104269 0.2161773
9214 0.104080 0.2161773
279 0.100542 0.2161773
8577 0.097047 0.4214519
100526694 0.097047 0.4214519
2867 0.094828 0.4214519
7940 0.094709 0.4214519
3293 0.093989 0.4214519
80328 0.093772 0.4214519
23314 0.093714 0.4214519
84909 0.093134 0.4214519
3223 0.090864 0.4214519
886 0.090344 0.4214519
3146 0.090032 0.4214519
150962 0.089855 0.6598027
158427 0.089708 0.6598027
148014 0.089029 0.6598027
400745 0.089029 0.6598027
1185 0.089029 0.6598027
118430 0.089029 0.6598027
29956 0.089012 0.6598027
23401 0.087927 0.6598027
6424 0.087834 0.6598027
26269 0.087685 0.6598027
3811 0.086600 0.6598027
2667 0.086600 0.6598027
570 0.086245 0.6598027
3479 0.085753 0.6598027
54741 0.085581 0.6598027
54897 0.085512 0.6598027
5535 0.085486 0.6598027
23387 0.085224 0.6598027
9687 0.085129 0.6598027
91283 0.084981 0.6598027
6423 0.084748 0.6598027
25818 0.084647 0.6598027
3993 0.084442 0.6598027
885 0.084310 0.6598027
23550 0.084273 0.6598027
84254 0.084144 0.6598027
51335 0.083986 0.6598027
3822 0.083710 0.6598027
79695 0.083633 0.6598027
51196 0.083261 0.6598027
56660 0.083218 0.6598027
26035 0.083018 0.6598027
7464 0.082911 0.6598027
1515 0.082618 0.6598027
94240 0.082418 0.6598027
2938 0.082343 0.6598027
266747 0.082337 0.6598027
23179 0.082337 0.6598027
3598 0.082225 0.6598027
3235 0.082088 0.6598027
966 0.082030 0.6598027
284366 0.081889 0.6598027
4360 0.081545 0.6598027
10603 0.081525 0.6598027
27122 0.081418 0.6598027
157638 0.081012 0.6598027
200958 0.080707 0.6598027
126374 0.080628 0.6598027
96459 0.080489 0.6598027
9077 0.080308 0.6598027
10942 0.080286 0.6598027
54942 0.080162 0.6598027
92304 0.080057 0.6598027
9783 0.079979 0.8602892
388753 0.079317 0.8602892
5670 0.079229 0.8602892
55714 0.079229 0.8602892
58486 0.079229 0.8602892
10952 0.079127 0.8602892
9902 0.079007 0.8602892
80760 0.078997 0.8602892
4241 0.078780 0.8602892
414899 0.078644 0.8602892
2312 0.078567 0.8602892
8938 0.078451 0.8602892
55363 0.078434 0.8602892
7040 0.078339 0.8602892
432395 0.078282 0.8602892
25984 0.078282 0.8602892
720 0.078282 0.8602892
84085 0.078282 0.8602892
721 0.078282 0.8602892
100293534 0.078282 0.8602892
64236 0.078273 0.8602892
201163 0.078269 0.8602892
9530 0.078174 0.8602892
55859 0.078168 0.8602892
11006 0.077905 0.8602892
89858 0.077905 0.8602892
115653 0.077905 0.8602892
3804 0.077905 0.8602892
100132285 0.077905 0.8602892
84174 0.077754 0.8602892
4795 0.077678 0.8602892
11009 0.077437 0.8602892
7056 0.077381 0.8602892
79899 0.077226 0.8602892
81788 0.077181 0.8602892
4046 0.077112 0.8602892
8651 0.077020 0.8602892
25759 0.076992 0.8602892
54206 0.076848 0.8602892
2322 0.076742 0.8602892
2119 0.076733 0.8602892
1012 0.076670 0.8602892
10116 0.076643 0.8602892
203523 0.076403 0.8602892
7579 0.076403 0.8602892
27030 0.076329 0.8602892
7010 0.076046 0.8602892
8036 0.075995 0.8602892
29893 0.075908 0.8602892
2219 0.075897 0.8602892
8483 0.075897 0.8602892
1001 0.075722 0.8602892
4987 0.075685 0.8602892
1474 0.075644 0.8602892
2057 0.075361 0.8602892
5791 0.075248 0.8602892
91608 0.075042 0.8602892
3484 0.074809 0.8602892
2176 0.074761 0.8602892
51422 0.074671 0.8602892
5368 0.074642 0.8602892
10395 0.074596 0.8602892
5128 0.074557 0.8602892
3802 0.074555 0.8602892
7006 0.074549 0.8602892
9180 0.074507 0.8602892
10870 0.074499 0.8602892
6539 0.074395 0.8602892
4163 0.074230 0.8602892
26034 0.074126 0.8602892
130340 0.074082 0.8602892
222826 0.074069 0.8602892
64411 0.074069 0.8602892
64902 0.073954 0.8602892
50863 0.073954 0.8602892
3560 0.073859 0.8602892
660 0.073846 0.8602892
5787 0.073813 0.8602892
7294 0.073771 0.8602892
238 0.073638 0.8602892
6004 0.073566 0.8602892
3458 0.073529 0.8602892
84951 0.073455 0.8602892
5157 0.073442 0.8602892
221527 0.073366 0.8602892
200186 0.073328 0.8602892
4233 0.073243 0.8602892
79109 0.073130 0.8602892
4915 0.073034 0.8602892
10451 0.073029 0.8602892
699 0.072951 0.8602892
92305 0.072932 0.8602892
10457 0.072770 0.8602892
8404 0.072721 0.8602892
5793 0.072645 0.8602892
197342 0.072606 0.8602892
64427 0.072606 0.8602892
84264 0.072606 0.8602892
338596 0.072606 0.8602892
117159 0.072521 0.8602892
643535 0.072440 0.8602892
79729 0.072440 0.8602892
131566 0.072440 0.8602892
152189 0.072440 0.8602892
23007 0.072440 0.8602892
1299 0.072440 0.8602892
2549 0.072403 0.8602892
155465 0.072399 0.8602892
10019 0.072345 0.8602892
10307 0.072251 0.8602892
2264 0.072229 0.8602892
7097 0.072210 0.8602892
2697 0.072193 0.8602892
399694 0.072122 0.8602892
6098 0.072118 0.8602892
205147 0.072105 0.8602892
6352 0.072083 0.8602892
1796 0.071979 0.8602892
2013 0.071958 0.8602892
60676 0.071895 0.8602892
7305 0.071875 0.8602892
5800 0.071829 0.8602892
8313 0.071718 0.8602892
8493 0.071651 0.8602892
8613 0.071644 0.8602892
5159 0.071599 0.8602892
4893 0.071436 0.8602892
3909 0.071417 0.8602892
55777 0.071377 0.8602892
685 0.071345 0.8602892
10653 0.071256 0.8602892
1154 0.071218 0.8602892
51209 0.071205 0.8602892
10045 0.071190 0.8602892
4595 0.071122 0.8602892
8835 0.071096 0.8602892
220164 0.071076 0.8602892
3815 0.071076 0.8602892
5788 0.071066 0.8602892
4052 0.071061 0.8602892
4486 0.071014 0.8602892
192683 0.070991 0.8602892
6503 0.070974 0.8602892
2185 0.070946 0.8602892
140597 0.070915 0.8602892
5653 0.070834 0.8602892
2887 0.070812 0.8602892
22937 0.070774 0.8602892
657 0.070740 0.8602892
23207 0.070665 0.8602892
3682 0.070643 0.8602892
640 0.070549 0.8602892
1268 0.070503 0.8602892
3459 0.070474 0.8602892
53358 0.070450 0.8602892
5290 0.070437 0.8602892
23556 0.070421 0.8602892
7517 0.070413 0.8602892
55620 0.070400 0.8602892
2321 0.070381 0.8602892
2263 0.070350 0.8602892
53632 0.070331 0.8602892
29760 0.070297 0.8602892
9846 0.070292 0.8602892
4145 0.070279 0.8602892
2919 0.070276 0.8602892
23231 0.070268 0.8602892
3702 0.070197 0.8602892
135 0.070152 0.8602892
64759 0.070142 0.8602892
1445 0.070118 0.8602892
26191 0.070097 0.8602892
57504 0.070094 0.8602892
4953 0.070070 0.8602892
344148 0.070067 0.8602892
55 0.070056 0.8602892
5866 0.070054 0.8602892
3490 0.070039 0.8602892
7275 0.069961 0.9578151
5156 0.069878 0.9578151
89795 0.069868 0.9578151
7253 0.069837 0.9578151
7145 0.069800 0.9578151
5797 0.069790 0.9578151
2065 0.069765 0.9578151
4496 0.069751 0.9578151
5796 0.069745 0.9578151
5076 0.069724 0.9578151
9821 0.069692 0.9578151
79078 0.069655 0.9578151
3783 0.069604 0.9578151
9509 0.069585 0.9578151
253260 0.069576 0.9578151
7048 0.069537 0.9578151
4086 0.069529 0.9578151
64223 0.069490 0.9578151
387535 0.069485 0.9578151
23303 0.069471 0.9578151
5662 0.069454 0.9578151
5475 0.069443 0.9578151
401152 0.069443 0.9578151
5470 0.069443 0.9578151
3786 0.069443 0.9578151
2914 0.069443 0.9578151
116449 0.069421 0.9578151
11093 0.069371 0.9578151
5803 0.069341 0.9578151
80146 0.069336 0.9578151
8435 0.069336 0.9578151
117145 0.069336 0.9578151
695 0.069299 0.9578151
4916 0.069209 0.9578151
2268 0.069170 0.9578151
6464 0.069169 0.9578151
51557 0.069161 0.9578151
5328 0.069155 0.9578151
6714 0.069043 0.9578151
4089 0.069040 0.9578151
91768 0.069011 0.9578151
79085 0.069009 0.9578151
84335 0.068989 0.9578151
3084 0.068962 0.9578151
6790 0.068958 0.9578151
2260 0.068912 0.9578151
7075 0.068875 0.9578151
558 0.068869 0.9578151
55715 0.068859 0.9578151
5335 0.068852 0.9578151
26057 0.068840 0.9578151
8038 0.068835 0.9578151
27040 0.068832 0.9578151
5189 0.068832 0.9578151
4058 0.068831 0.9578151
81029 0.068793 0.9578151
29906 0.068793 0.9578151
257144 0.068793 0.9578151
414927 0.068793 0.9578151
147746 0.068793 0.9578151
151647 0.068793 0.9578151
255631 0.068793 0.9578151
220686 0.068793 0.9578151
9356 0.068793 0.9578151
221458 0.068793 0.9578151
375133 0.068793 0.9578151
55608 0.068793 0.9578151
3708 0.068779 0.9578151
1398 0.068725 0.9578151
867 0.068692 0.9578151
6452 0.068639 0.9578151
6654 0.068620 0.9578151
7490 0.068614 0.9578151
55851 0.068589 0.9578151
1630 0.068562 0.9578151
145226 0.068548 0.9578151
2596 0.068524 0.9578151
80762 0.068510 0.9578151
9949 0.068497 0.9578151
2308 0.068493 0.9578151
5777 0.068476 0.9578151
2047 0.068451 0.9578151
1495 0.068436 0.9578151
5782 0.068422 0.9578151
10044 0.068404 0.9578151
10818 0.068390 0.9578151
6850 0.068389 0.9578151
117157 0.068387 0.9578151
11167 0.068331 0.9578151
8471 0.068326 0.9578151
143187 0.068300 0.9578151
79970 0.068291 0.9578151
56899 0.068257 0.9578151
26469 0.068245 0.9578151
23365 0.068226 0.9578151
10297 0.068193 0.9578151
3642 0.068168 0.9578151
1500 0.068161 0.9578151
65988 0.068140 0.9578151
9306 0.068107 0.9578151
668 0.068106 0.9578151
1399 0.068060 0.9578151
144100 0.068016 0.9578151
57464 0.068013 0.9578151
7031 0.068001 0.9578151
6521 0.067987 0.9578151
23086 0.067953 0.9578151
2690 0.067937 0.9578151
1436 0.067906 0.9578151
5612 0.067901 0.9578151
3932 0.067881 0.9578151
59067 0.067867 0.9578151
10544 0.067840 0.9578151
9021 0.067834 0.9578151
23125 0.067833 0.9578151
5753 0.067807 0.9578151
6900 0.067805 0.9578151
673 0.067775 0.9578151
6776 0.067772 0.9578151
51206 0.067730 0.9578151
7157 0.067708 0.9578151
386618 0.067701 0.9578151
3791 0.067699 0.9578151
1041 0.067689 0.9578151
857 0.067688 0.9578151
196383 0.067686 0.9578151
29995 0.067679 0.9578151
1003 0.067679 0.9578151
3161 0.067675 0.9578151
22794 0.067654 0.9578151
4690 0.067651 0.9578151
9047 0.067644 0.9578151
26502 0.067642 0.9578151
51181 0.067607 0.9578151
206358 0.067583 0.9578151
2852 0.067583 0.9578151
7125 0.067575 0.9578151
79949 0.067563 0.9578151
26167 0.067563 0.9578151
154810 0.067562 0.9578151
1499 0.067561 0.9578151
4651 0.067505 0.9578151
79728 0.067500 0.9578151
347862 0.067472 0.9578151
159162 0.067455 0.9578151
51204 0.067454 0.9578151
3055 0.067452 0.9578151
165 0.067446 0.9578151
90843 0.067446 0.9578151
1337 0.067446 0.9578151
54453 0.067445 0.9578151
84547 0.067430 0.9578151
10810 0.067418 0.9578151
11311 0.067411 0.9578151
29948 0.067402 0.9578151
367 0.067397 0.9578151
56479 0.067341 0.9578151
84709 0.067309 0.9578151
6504 0.067309 0.9578151
4067 0.067307 0.9578151
5136 0.067284 0.9578151
84687 0.067268 0.9578151
8408 0.067256 0.9578151
50807 0.067245 0.9578151
9091 0.067209 0.9578151
595 0.067208 0.9578151
5774 0.067184 0.9578151
7409 0.067157 0.9578151
27 0.067151 0.9578151
3572 0.067146 0.9578151
4803 0.067126 0.9578151
2746 0.067094 0.9578151
55888 0.067092 0.9578151
4853 0.067089 0.9578151
1634 0.067080 0.9578151
5291 0.067068 0.9578151
1046 0.067039 0.9578151
2241 0.067038 0.9578151
522 0.067026 0.9578151
1029 0.067002 0.9578151
3785 0.066964 0.9578151
63978 0.066953 0.9578151
84941 0.066902 0.9578151
57536 0.066892 0.9578151
23396 0.066890 0.9578151
3082 0.066888 0.9578151
841 0.066861 0.9578151
6272 0.066820 0.9578151
128239 0.066806 0.9578151
2005 0.066778 0.9578151
11186 0.066766 0.9578151
11197 0.066758 0.9578151
112936 0.066746 0.9578151
92241 0.066742 0.9578151
64802 0.066709 0.9578151
5521 0.066685 0.9578151
5361 0.066682 0.9578151
10817 0.066678 0.9578151
2886 0.066656 0.9578151
1833 0.066642 0.9578151
133383 0.066642 0.9578151
2258 0.066632 0.9578151
2033 0.066629 0.9578151
130 0.066612 0.9578151
9610 0.066607 0.9578151
7535 0.066579 0.9578151
23294 0.066571 0.9578151
5170 0.066560 0.9578151
284004 0.066546 0.9578151
5784 0.066537 0.9578151
27286 0.066535 0.9578151
3845 0.066508 0.9578151
10489 0.066508 0.9578151
4734 0.066506 0.9578151
1606 0.066497 0.9578151
55607 0.066496 0.9578151
83593 0.066478 0.9578151
84440 0.066462 0.9578151
4703 0.066458 0.9578151
24140 0.066430 0.9578151
51686 0.066424 0.9578151
57530 0.066418 0.9578151
30818 0.066417 0.9578151
940 0.066413 0.9578151
55294 0.066402 0.9578151
5745 0.066386 0.9578151
51292 0.066377 0.9578151
25 0.066377 0.9578151
100101267 0.066370 0.9578151
2066 0.066366 0.9578151
2768 0.066351 0.9578151
8502 0.066340 0.9578151
4582 0.066332 0.9578151
23035 0.066316 0.9578151
7003 0.066303 0.9578151
9402 0.066301 0.9578151
137392 0.066289 0.9578151
10672 0.066267 0.9578151
79650 0.066255 0.9578151
