9070	0.216461	171023
9070	0.175399	367
9070	0.137025	30827
9070	0.133445	6594
9070	0.132682	11091
9070	0.172812	7158
9070	0.133503	7157
9070	0.200205	23054
9070	0.141504	284312
9070	0.155738	3169
9070	0.142380	8085
9070	0.135943	58499
9070	0.151176	2078
9070	0.188019	9219
9070	0.143624	7404
9070	0.147355	5468
9070	0.136313	5705
9070	0.135073	5929
9070	0.137512	7403
10295	0.160907	2494
10291	0.239193	8030
10291	0.224180	9611
10291	0.601820	2908
10291	0.171767	6667
10291	0.195193	3192
10291	0.206909	100526737
10291	0.239349	79184
10291	0.332539	26130
10291	0.210737	3065
10291	0.167797	23543
10291	0.206909	10432
10291	0.202756	10236
6722	0.175935	5591
6722	0.222591	1051
6722	0.209576	9612
6722	0.158056	93649
6722	0.171473	153443
6722	0.142115	51008
6722	0.177426	7329
6722	0.177432	6258
6722	0.226095	8648
6722	0.204354	5914
6722	0.185523	6714
6722	0.148558	1387
6722	0.166106	6256
6722	0.147062	7403
6722	0.179323	9325
6721	0.131444	10401
6721	0.146546	10001
6721	0.137316	1024
6721	0.131627	7157
6721	0.131663	10987
6721	0.135302	6667
6721	0.165999	7329
6721	0.131209	8216
6721	0.140118	6720
6721	0.137538	8554
6721	0.157479	5469
6721	0.132021	1385
6721	0.137131	1387
6721	0.141526	51586
6720	0.144710	6667
6720	0.168082	201501
6720	0.155954	10001
6720	0.146724	1024
6720	0.141035	7157
6720	0.141214	4602
6720	0.140734	9443
6720	0.263609	190
6720	0.159662	9441
6720	0.204871	9282
6720	0.146539	1387
6720	0.144817	2033
6720	0.156436	9968
6720	0.146879	9439
6720	0.166887	5469
6720	0.141429	1385
6720	0.158544	9862
6720	0.150934	51586
6720	0.155705	9969
9670	0.138438	2710
9670	0.144856	2101
9670	0.167130	5901
9670	0.166286	7329
10243	0.193190	9219
10243	0.209933	79184
10243	0.141429	80227
10243	0.141840	9989
10106	0.183270	367
10106	0.142377	5430
10106	0.141183	83461
4783	0.133088	10538
4783	0.153915	4097
4783	0.251306	23764
4783	0.137489	1649
4780	0.173368	9603
4780	0.140958	196
4780	0.153971	4097
4780	0.178459	10155
4780	0.142139	571
4780	0.251362	23764
4780	0.133749	8805
4780	0.134538	7341
4780	0.189547	7975
4780	0.195422	5914
4780	0.139626	1387
51523	0.143545	7421
406884	0.183891	1994
3552	0.131267	7157
115950	0.239397	2516
10891	0.239706	3172
10891	0.654708	2908
10891	0.255352	7329
10891	0.237573	8856
10891	0.245389	2494
10891	0.238365	5465
10891	0.244399	9970
10891	0.234832	5468
10891	0.233922	2101
10891	0.226507	2100
10891	0.244033	6256
10891	0.221157	6097
10891	0.234346	2104
9282	0.211300	10001
9282	0.630108	2908
9282	0.206095	9477
9282	0.203417	112950
9282	0.206649	8295
9282	0.222232	5469
9282	0.213274	10025
9282	0.209475	84246
9282	0.213046	219541
9282	0.210780	54797
9282	0.213606	55588
9282	0.204352	9442
9282	0.215006	9441
9282	0.204604	9440
9282	0.216230	400569
9282	0.213890	9862
9282	0.219133	6955
9282	0.202069	1024
9282	0.206279	51586
9282	0.206022	9412
9282	0.284031	81857
9282	0.202224	9439
9282	0.211782	9968
9282	0.211051	9969
10587	0.136806	2965
10587	0.201697	23054
10587	0.191082	9611
10587	0.197076	10499
10587	0.133696	10474
9937	0.145659	8554
54913	0.202792	9219
54913	0.161373	10799
54913	0.213568	51574
9935	0.189895	571
9935	0.221590	51201
9935	0.188511	4094
3990	0.173050	137872
10092	0.211872	1956
10092	0.613916	2908
7041	0.281545	367
7041	0.250563	50487
7041	0.673377	2908
7041	0.251184	130271
661	0.166492	3206
661	0.149104	55718
661	0.140130	5437
661	0.140166	5434
661	0.149104	101060521
661	0.166744	3225
661	0.140089	467
661	0.139138	11128
661	0.137362	84528
661	0.287955	10002
661	0.151761	171568
661	0.252433	84838
661	0.142919	51728
661	0.191223	51082
661	0.140740	3182
661	0.141780	55703
661	0.138167	23543
661	0.139910	10621
661	0.145585	10622
661	0.140350	10623
661	0.310735	4488
5467	0.176698	8431
5467	0.195958	10048
5467	0.214227	9612
5467	0.189268	5629
5467	0.203792	9611
5467	0.150514	5705
5467	0.170351	7141
5467	0.180267	3320
5467	0.182083	6258
5467	0.151487	2033
5467	0.148866	3066
5467	0.230746	8648
5467	0.158276	8668
5467	0.147751	2752
5467	0.280291	6257
5467	0.170758	6256
914	0.180710	23607
914	0.136657	2033
914	0.152400	197196
914	0.181064	3932
5469	0.173316	10001
5469	0.168110	9477
5469	0.165432	112950
5469	0.168665	8295
5469	0.175290	10025
5469	0.163934	2099
5469	0.175062	219541
5469	0.170695	7421
5469	0.158396	7157
5469	0.157855	547
5469	0.181815	9970
5469	0.157419	892
5469	0.246047	81857
5469	0.166368	9442
5469	0.177022	9441
5469	0.166620	9440
5469	0.172795	54797
5469	0.178246	400569
5469	0.172247	5468
5469	0.175905	9862
5469	0.172962	6095
5469	0.181148	6955
5469	0.162740	23097
5469	0.164085	1024
5469	0.163923	2100
5469	0.168295	51586
5469	0.173797	9968
5469	0.168189	7376
5469	0.173067	9969
5469	0.168038	9412
5469	0.175621	55588
5469	0.164240	9439
5469	0.219696	5914
5469	0.163900	1387
5469	0.290982	6257
5469	0.181449	6256
5468	0.194648	10048
5468	0.301463	6857
5468	0.212917	9612
5468	0.145574	11091
5468	0.202483	9611
5468	0.154396	284312
5468	0.268970	190
5468	0.169448	6256
5468	0.169012	64324
5468	0.146865	6604
5468	0.260365	84838
5468	0.285793	8031
5468	0.151390	23426
5468	0.193015	9326
5468	0.160768	3159
5468	0.182665	9325
5468	0.151347	2308
5468	0.189785	857
5468	0.295888	10002
5468	0.281357	79842
5468	0.190104	5371
5468	0.180767	7329
5468	0.249464	221895
5468	0.146022	8805
5468	0.429348	26137
5468	0.150177	2033
5468	0.145854	547
5468	0.150361	23019
5468	0.151686	8841
5468	0.147965	5929
5468	0.155451	688
5468	0.175388	8431
5468	0.185640	9603
5468	0.179161	10524
5468	0.208477	10499
5468	0.213097	23054
5468	0.219346	8204
5468	0.263636	23764
5468	0.207961	8202
5468	0.228946	247
5468	0.178079	1956
5468	0.152307	8554
5468	0.147945	3725
5468	0.197981	6840
5468	0.157303	9314
5468	0.297177	85441
5468	0.148047	4793
5468	0.166619	221037
5468	0.278981	6257
5468	0.146431	10987
5468	0.169041	7141
5468	0.161575	9925
5468	0.214189	221504
5468	0.177859	2168
5468	0.229436	8648
5468	0.153533	10902
5468	0.151044	8721
5468	0.196396	3164
5468	0.151900	1387
5468	0.318667	4488
5468	0.208086	4929
5468	0.154760	4582
6840	0.617857	2908
6840	0.187179	399909
6840	0.216691	3320
6840	0.226025	367
6840	0.189667	2099
6095	0.153266	79364
6095	0.184100	55629
6095	0.209191	10499
6095	0.188673	5629
6095	0.149919	5705
6095	0.147147	10987
6095	0.269684	190
6095	0.157681	8668
6095	0.169727	64324
6095	0.150892	2033
6095	0.230152	8648
6095	0.146411	79365
6095	0.194492	10957
6097	0.215761	8648
6097	0.199422	23054
6097	0.143291	8668
6097	0.135626	9575
6097	0.135529	5705
6097	0.134451	4862
6097	0.132021	79365
6097	0.138225	1387
6097	0.147876	6096
6096	0.184689	55629
6096	0.161649	4878
6096	0.150605	9575
6096	0.214401	23054
6096	0.220651	8204
6096	0.219109	4135
6096	0.182071	7329
6096	0.170316	64324
6096	0.230741	8648
6096	0.150508	5705
6096	0.158270	8668
6096	0.190169	6714
6096	0.195081	10957
6096	0.147820	7136
112950	0.152675	84246
112950	0.156247	219541
112950	0.156475	10025
112950	0.154500	10001
112950	0.145269	1024
112950	0.139580	7157
112950	0.154982	9968
112950	0.149295	9477
112950	0.159431	400569
112950	0.149223	9412
112950	0.153980	54797
112950	0.147805	9440
112950	0.156806	55588
112950	0.145425	9439
112950	0.147553	9442
112950	0.157090	9862
112950	0.149479	51586
112950	0.154251	9969
112950	0.143925	23097
27287	0.156333	7089
27287	0.150705	10379
55588	0.162864	84246
55588	0.166436	219541
55588	0.166664	10025
55588	0.164689	10001
55588	0.169620	400569
55588	0.165171	9968
55588	0.159484	9477
55588	0.159412	9412
55588	0.164169	54797
55588	0.157994	9440
55588	0.155614	9439
55588	0.157742	9442
55588	0.167279	9862
55588	0.159668	51586
55588	0.164440	9969
84547	0.180077	342945
84547	0.196874	3164
84547	0.146873	55663
5915	0.232726	9612
5915	0.166502	2625
5915	0.169013	5705
5915	0.227894	4929
5915	0.237614	4135
5915	0.213586	10957
5915	0.200582	6258
5915	0.192926	55806
5915	0.249245	8648
5915	0.176775	8668
5915	0.298790	6257
5915	0.189256	6256
5914	0.193243	23532
5914	0.195863	6497
5914	0.260366	9612
5914	0.281495	81857
5914	0.249931	9611
5914	0.627572	2908
5914	0.207963	2776
5914	0.203637	7376
5914	0.192545	10474
5914	0.213793	5881
5914	0.195290	1022
5914	0.195005	3066
5914	0.194259	7341
5914	0.221872	29982
5914	0.199381	2099
5914	0.236313	6714
5914	0.196653	5705
5914	0.255534	4929
5914	0.255818	50805
5914	0.237552	5371
5914	0.197519	6667
5914	0.197340	6688
5914	0.197810	23019
5914	0.196749	9575
5914	0.222836	8431
5914	0.276801	171023
5914	0.230833	55629
5914	0.276885	8648
5914	0.227291	207
5914	0.260545	23054
5914	0.266795	8204
5914	0.255409	8202
5914	0.195574	4862
5914	0.220566	55806
5914	0.202066	9318
5914	0.208217	3159
5914	0.197676	26548
5914	0.233243	7337
5914	0.208318	7080
5914	0.192666	84962
5914	0.218734	7068
5914	0.216461	64324
5914	0.241225	10957
5914	0.228221	6258
5914	0.249993	51102
5914	0.255925	10499
5914	0.192840	8850
5914	0.326430	6257
5914	0.216896	6256
5914	0.199500	10865
5916	0.184445	8431
5916	0.192443	55629
5916	0.221975	9612
5916	0.156434	8877
5916	0.211540	9611
5916	0.159285	26548
5916	0.156481	11009
5916	0.217019	8202
5916	0.226863	4135
5916	0.178505	6256
5916	0.163420	51599
5916	0.166023	8668
5916	0.189831	6258
5916	0.238494	8648
5916	0.158262	5705
5916	0.164145	85415
5916	0.202835	10957
5916	0.169826	3159
5916	0.329503	2063
5916	0.288039	6257
5916	0.221784	4824
780851	0.207182	64324
6594	0.136007	30827
6594	0.131664	11091
6594	0.170110	6597
6594	0.134925	58499
6594	0.187001	9219
6594	0.134055	5929
56751	0.202643	7089
196	0.141667	904
196	0.171941	3320
196	0.138296	405
196	0.143161	2033
196	0.222420	8648
196	0.161614	3169
196	0.138733	1499
196	0.181848	6714
196	0.143740	6908
57117	0.130728	5432
57117	0.133424	2965
57117	0.132616	5430
57117	0.173863	5431
57117	0.133279	5437
57117	0.133316	5434
57117	0.131305	5439
57117	0.139585	9442
57117	0.139837	9440
57117	0.130402	26173
57117	0.131041	55174
190	0.328069	8204
190	0.688846	2908
190	0.263340	9318
190	0.268060	2101
190	0.273494	2516
190	0.268484	2104
5797	0.165081	10399
5797	0.182228	3932
2549	0.139058	11036
2549	0.132268	5294
2549	0.130667	5295
2549	0.179602	3932
2549	0.131673	26228
2549	0.163098	1956
2549	0.173883	6714
2549	0.167107	6993
117154	0.214529	10379
2268	0.171650	3320
2268	0.180984	367
2268	0.170772	1956
2268	0.155682	8856
2268	0.151387	7421
51116	0.147300	56945
51116	0.139780	60488
51116	0.153132	51649
51116	0.215912	7818
51116	0.142601	55037
51116	0.140788	28973
1018	0.142579	1024
1018	0.135914	892
1018	0.154276	5465
1018	0.141234	23097
84888	0.133307	4790
84888	0.179819	6449
11119	0.136127	7031
8647	0.190613	3164
4211	0.173500	3196
4211	0.143479	3227
4211	0.133708	3229
4211	0.134514	3202
4211	0.188952	2018
10335	0.174017	5592
10138	0.131215	11091
10138	0.133872	57507
10138	0.170853	100526737
10138	0.132574	23060
10138	0.168867	6045
10138	0.135818	2033
10138	0.170853	10432
2767	0.155701	2778
2767	0.176050	59345
2767	0.223079	2783
2767	0.242697	2782
171568	0.156483	101060521
171568	0.156483	55718
171568	0.147509	5437
171568	0.147545	5434
171568	0.147628	27297
171568	0.198602	51082
171568	0.149158	55703
171568	0.146517	11128
171568	0.147288	10621
171568	0.152964	10622
171568	0.147729	10623
283629	0.135364	1385
9847	0.168449	2101
79365	0.138536	1050
79365	0.131024	11091
79365	0.174489	3065
79365	0.134750	9575
23543	0.139892	11036
23543	0.136351	1993
23543	0.175035	1994
23543	0.281740	10002
23543	0.131947	9443
23543	0.131147	84528
23543	0.134524	3182
23543	0.137786	2099
2516	0.187909	55629
2516	0.154441	30827
2516	0.156830	8554
2516	0.192482	5629
2516	0.170288	6662
2516	0.223871	8204
2516	0.185291	7329
2516	0.154594	6667
2516	0.233961	8648
2516	0.155568	8721
2516	0.150274	1499
2516	0.191138	55809
8693	0.164837	4582
4549	0.147435	55037
25974	0.180429	27249
25974	0.170634	7332
904	0.140521	1024
904	0.135835	5430
904	0.174140	7158
904	0.144731	51586
904	0.178540	5371
904	0.133855	892
904	0.200122	51574
904	0.150233	9968
904	0.138614	2033
904	0.134080	10614
904	0.196913	10499
904	0.139192	6908
904	0.140369	2099
904	0.149502	9969
904	0.149093	125050
113179	0.278257	7068
6278	0.182650	10048
6278	0.134434	10987
11009	0.139099	2100
11009	0.167019	207
9412	0.150745	6837
9412	0.157106	10001
9412	0.150187	284312
9412	0.151901	9477
9412	0.159081	10025
9412	0.143190	5430
9412	0.156586	54797
9412	0.192803	79027
9412	0.142234	2968
9412	0.141209	892
9412	0.158853	219541
9412	0.150411	9440
9412	0.162036	400569
9412	0.159696	9862
9412	0.147875	1024
9412	0.153013	7067
9412	0.142667	84105
9412	0.148031	9439
9412	0.157588	9968
9412	0.156857	9969
23060	0.132261	11091
23060	0.134916	57507
23060	0.171899	100526737
23060	0.136863	2033
23060	0.169911	6045
23060	0.171899	10432
2168	0.181392	5465
57507	0.133558	11091
57507	0.171209	6045
57507	0.173196	100526737
57507	0.140223	9439
57507	0.138161	2033
57507	0.173196	10432
430	0.218408	23054
430	0.153276	5929
55718	0.144971	27297
55718	0.146502	55703
55718	0.143861	11128
55718	0.144631	10621
55718	0.150307	10622
55718	0.145072	10623
54556	0.219677	10062
54556	0.153475	7376
7341	0.136322	10773
7341	0.199481	9612
7341	0.263998	4306
7341	0.131858	84528
7341	0.134558	3659
7341	0.135375	7227
7341	0.172268	7158
7341	0.171970	1616
7341	0.140174	51341
7341	0.176668	5371
7341	0.167331	7329
7341	0.132968	6047
7341	0.174855	367
7341	0.136869	4205
7341	0.132777	10401
7341	0.177296	10155
7341	0.134585	467
7341	0.138871	8554
7341	0.136395	6304
7341	0.134509	3725
7341	0.151685	3172
7341	0.132960	7157
7341	0.147084	53335
7341	0.132059	1386
7341	0.138464	1387
7341	0.149553	8856
10025	0.164357	10001
10025	0.149020	8216
10025	0.159708	8295
10025	0.162533	84246
10025	0.166104	219541
10025	0.151149	1053
10025	0.148461	892
10025	0.151885	55090
10025	0.157410	9442
10025	0.168065	9441
10025	0.157662	9440
10025	0.163837	54797
10025	0.169288	400569
10025	0.166947	9862
10025	0.172191	6955
10025	0.153782	23097
10025	0.155127	1024
10025	0.159337	51586
10025	0.237089	81857
10025	0.155282	9439
10025	0.155179	23389
10025	0.164839	9968
10025	0.164108	9969
9326	0.184690	2100
9326	0.204053	7068
9326	0.197889	3172
9326	0.202215	6256
9326	0.267169	9214
55809	0.176544	2033
9324	0.152616	7421
9324	0.165207	7068
5130	0.156266	6284
857	0.217829	367
857	0.609661	2908
857	0.191434	5740
857	0.207617	1956
857	0.175665	5338
857	0.218402	6714
857	0.181471	2099
857	0.179523	5743
100124700	0.175464	367
100124700	0.176355	1994
3455	0.165242	10399
51341	0.174130	7329
51341	0.153883	53335
51341	0.194273	9219
51341	0.140920	3066
51341	0.182403	3065
51341	0.154938	9925
51341	0.141410	4793
3516	0.197831	9612
3516	0.131310	7157
3516	0.139282	9442
3516	0.137154	9439
3516	0.130306	8850
3516	0.130991	9541
55154	0.237243	10062
55154	0.165029	2033
7556	0.150220	8805
7556	0.183634	10782
7556	0.194931	10155
26873	0.138369	2710
4772	0.167534	7329
4772	0.136943	2033
4772	0.139073	8554
4772	0.138452	8841
4772	0.164204	10399
4772	0.132159	8850
26287	0.195620	26959
26287	0.269171	9214
26287	0.316126	79842
90	0.167452	6256
90	0.156698	7421
90	0.169289	7068
10240	0.134101	55037
10240	0.144632	51649
10240	0.207412	7818
10240	0.131281	60488
4779	0.182480	9603
4779	0.260476	23764
4779	0.163085	4097
4779	0.180837	60468
150	0.169001	54331
150	0.233118	2782
3206	0.160588	6617
1993	0.164928	3225
1993	0.138923	3182
1993	0.286139	10002
1993	0.167984	1996
1994	0.217581	5431
1994	0.225947	79027
1994	0.241661	4824
1994	0.609058	2908
1994	0.183891	406891
1994	0.219235	7150
1994	0.178920	5743
1994	0.179562	10659
1994	0.212161	6045
1994	0.206372	10399
1994	0.190576	2707
1994	0.213671	10919
10846	0.179943	7150
1628	0.140331	1050
1628	0.132661	10538
1628	0.135265	467
1628	0.137062	1649
1628	0.143087	55509
1628	0.141329	3131
1628	0.136545	9575
4179	0.176472	6714
221504	0.634065	2908
221504	0.199257	4790
221504	0.206765	7544
221504	0.210479	133522
8935	0.176376	6714
51728	0.138703	5434
51728	0.138746	5435
51728	0.138785	27297
51728	0.140316	55703
51728	0.137675	11128
51728	0.138446	10621
51728	0.138886	10623
8932	0.134135	57504
8932	0.189274	9219
8932	0.140296	2099
8932	0.135920	3066
8932	0.177403	3065
51720	0.165719	2649
51720	0.149153	84142
51720	0.171565	7158
51720	0.166629	7329
51720	0.203514	79184
51720	0.137794	2099
101929889	0.170407	1616
5817	0.142478	50487
5817	0.167257	6993
150000	0.190665	3164
554	0.168039	114897
554	0.170734	2778
554	0.193613	54331
554	0.257730	2782
284312	0.142356	2965
284312	0.140307	5433
284312	0.182795	5431
284312	0.142248	5434
284312	0.140243	9443
284312	0.142275	4862
57786	0.187146	367
63946	0.169133	10379
440515	0.181418	5371
3066	0.200227	9612
3066	0.171330	6597
3066	0.135925	1876
3066	0.133891	8242
3066	0.176349	3065
3066	0.136414	23269
3066	0.133705	7157
3066	0.189793	9611
3066	0.133331	8805
3066	0.137316	26038
3066	0.170535	6045
3066	0.137140	6304
3066	0.137694	64919
3066	0.172046	10919
3066	0.135498	10075
3066	0.178042	10155
3066	0.188220	9219
3066	0.135140	7027
3066	0.134381	11128
3066	0.148078	3159
3066	0.135491	27297
3066	0.134244	5978
3066	0.133082	57504
3066	0.142761	688
3066	0.133385	9541
3066	0.138730	8819
3065	0.174094	1869
3065	0.241710	9612
3065	0.246289	8030
3065	0.212813	6597
3065	0.608916	2908
3065	0.209560	7329
3065	0.177408	1876
3065	0.175374	8242
3065	0.191910	147040
3065	0.180726	2099
3065	0.177897	23269
3065	0.181880	1050
3065	0.213161	6418
3065	0.177942	80227
3065	0.214199	1616
3065	0.231276	9611
3065	0.218897	5371
3065	0.178864	6667
3065	0.240479	51574
3065	0.174815	8805
3065	0.191910	84159
3065	0.178799	26038
3065	0.212018	6045
3065	0.178624	6304
3065	0.179177	64919
3065	0.213529	10919
3065	0.204181	8431
3065	0.207954	10524
3065	0.219525	10155
3065	0.178970	2033
3065	0.197327	5017
3065	0.246446	79184
3065	0.229704	9219
3065	0.176623	7027
3065	0.201910	55806
3065	0.180478	8841
3065	0.175864	11128
3065	0.217084	367
3065	0.174109	4790
3065	0.265288	7026
3065	0.174322	5592
3065	0.247626	79874
3065	0.175188	7157
3065	0.175727	5978
3065	0.174565	57504
3065	0.178873	5451
3065	0.174869	9541
3065	0.174441	5295
3065	0.180213	8819
3065	0.209852	10236
6898	0.173231	7337
5458	0.154726	2099
1051	0.212082	7157
1051	0.217619	2099
1051	0.645810	2908
1051	0.215504	1649
1051	0.215863	2033
1051	0.221137	688
1051	0.212476	1385
1051	0.211078	8850
1051	0.212261	4602
1051	0.220446	4582
1053	0.140947	1050
1053	0.141899	11036
1053	0.133277	10538
1053	0.137939	5451
1053	0.135881	467
1053	0.137677	1649
1053	0.168627	7329
1053	0.143703	55509
1053	0.140166	8554
1053	0.135804	3725
1053	0.135620	6909
259249	0.198006	54331
259249	0.181899	2776
259249	0.262123	2782
159296	0.163623	11036
133522	0.168191	7752
133522	0.148224	2099
133522	0.173534	130557
55509	0.148683	1050
55509	0.161840	4097
55509	0.141014	10538
55509	0.145414	1649
55509	0.143618	467
55509	0.147764	5241
55509	0.179593	60468
55509	0.259232	23764
55509	0.143541	3725
55509	0.143227	3726
55509	0.141091	1386
51102	0.206078	5465
51102	0.213583	7068
51102	0.197250	54516
51102	0.207419	3172
51102	0.211746	6256
5929	0.142990	8085
5929	0.137635	30827
5929	0.133292	11091
5929	0.173422	7158
5929	0.134113	7157
5929	0.200815	23054
5929	0.168486	7329
5929	0.136553	58499
5929	0.188629	9219
5929	0.138122	7403
5929	0.144234	7404
1050	0.172001	10524
1050	0.138258	10538
1050	0.140862	467
1050	0.200801	8202
1050	0.148291	688
1050	0.138336	1386
153443	0.159997	6517
23054	0.275240	10062
23054	0.247498	10048
23054	0.265767	9612
23054	0.198425	11091
23054	0.632973	2908
23054	0.204783	2099
23054	0.238554	7158
23054	0.199245	7157
23054	0.241141	367
23054	0.217709	6957
23054	0.211544	7421
23054	0.198151	1869
23054	0.241714	6714
23054	0.217971	3172
23054	0.221998	6955
23054	0.232127	5591
23054	0.204772	2100
23054	0.224135	7068
23054	0.210072	7067
23054	0.209038	7376
23054	0.215839	8856
23054	0.233623	6258
23054	0.282286	8648
23054	0.205089	9439
23054	0.209367	7404
23054	0.198346	1386
23054	0.204750	1387
23054	0.209145	51586
23054	0.222298	6256
23054	0.203253	7403
9443	0.147162	10001
9443	0.175951	5371
9443	0.166614	7329
9443	0.131142	84528
9443	0.131825	8216
9443	0.132723	84105
9442	0.142327	2965
9442	0.155436	10001
9442	0.150230	9477
9442	0.139632	5432
9442	0.153611	84246
9442	0.141520	5430
9442	0.182766	5431
9442	0.142183	5437
9442	0.142219	5434
9442	0.142403	90390
9442	0.140209	5439
9442	0.139306	26173
9442	0.139944	55174
9442	0.157182	219541
9442	0.148740	9440
9442	0.154915	54797
9442	0.160366	400569
9442	0.158025	9862
9442	0.150415	51586
9442	0.146360	9439
9442	0.146257	23389
9442	0.155917	9968
9442	0.155187	9969
9441	0.164265	84246
9441	0.150194	892
9441	0.238822	81857
9441	0.156859	1024
9441	0.166572	9968
9441	0.160885	9477
9441	0.161440	8295
9441	0.159394	9440
9441	0.157015	9439
9441	0.168680	9862
9441	0.161070	51586
9441	0.165841	9969
9440	0.142579	2965
9440	0.149326	6837
9440	0.155688	10001
9440	0.178393	6597
9440	0.150483	9477
9440	0.151037	8295
9440	0.139884	5432
9440	0.153863	84246
9440	0.141771	5430
9440	0.183019	5431
9440	0.142435	5437
9440	0.142472	5434
9440	0.140461	5439
9440	0.139558	26173
9440	0.140196	55174
9440	0.139791	892
9440	0.228419	81857
9440	0.155168	54797
9440	0.160618	400569
9440	0.158278	9862
9440	0.163521	6955
9440	0.146457	1024
9440	0.150667	51586
9440	0.146612	9439
9440	0.156170	9968
9440	0.155439	9969
9440	0.157434	219541
345757	0.202804	3932
79447	0.226737	8648
8242	0.188817	9611
8242	0.134949	1876
8242	0.133269	5978
8242	0.134165	7027
8242	0.169560	6045
8242	0.171070	10919
8242	0.135438	23269
11169	0.135408	5430
11169	0.182239	23607
11169	0.206842	79874
11169	0.134064	4134
11169	0.205661	79184
11169	0.169067	10236
4915	0.214081	4909
4915	0.206837	5295
4915	0.234558	627
4915	0.641312	2908
4915	0.207270	64802
4915	0.239268	1956
11179	0.148939	2792
688	0.208121	9612
688	0.197687	9611
688	0.175972	7329
688	0.147103	1387
8648	0.291580	10062
8648	0.346624	4306
8648	0.253210	6597
8648	0.221357	5241
8648	0.649313	2908
8648	0.225378	7376
8648	0.221089	1387
8648	0.217134	3725
8648	0.220580	23426
8648	0.221112	2100
8648	0.221122	2099
8648	0.251854	9325
8648	0.215585	7157
8648	0.220133	602
8648	0.232534	3174
8648	0.214502	405
8648	0.219367	2033
8648	0.215594	6047
8648	0.215475	9971
8648	0.239004	9970
8648	0.257481	367
8648	0.249047	2649
8648	0.227884	7421
8648	0.277150	8202
8648	0.232970	5465
8648	0.234311	3172
8648	0.230060	7080
8648	0.240475	7068
8648	0.226412	7067
8648	0.215621	10987
8648	0.250348	7025
8648	0.239994	2494
8648	0.249072	3170
8648	0.232179	8856
8648	0.277666	10499
8648	0.228527	2101
8648	0.214581	8850
8648	0.348171	6257
8648	0.238638	6256
8648	0.228951	2104
5451	0.169110	5591
5451	0.202750	9612
5451	0.164510	3225
5451	0.139904	6667
5451	0.176598	3196
5451	0.149518	10379
5451	0.140589	6908
5465	0.225924	10062
5465	0.216450	9612
5465	0.172681	6955
5465	0.206016	9611
5465	0.172982	6256
5465	0.153710	2033
5465	0.172574	7141
5465	0.184301	7329
5465	0.182491	3320
5465	0.184306	6258
5465	0.189344	3171
5465	0.192398	6714
5465	0.177957	29982
5465	0.222880	8204
687	0.158827	5241
10062	0.363606	6857
10062	0.264626	9611
10062	0.642267	2908
10062	0.208121	8216
10062	0.211533	2309
10062	0.211348	5705
10062	0.237532	8431
10062	0.281490	8204
10062	0.270104	8202
10062	0.219110	8668
10062	0.251008	6714
10062	0.213188	8721
10062	0.243688	54929
10062	0.242917	6258
10062	0.214695	79364
10062	0.207535	8850
10062	0.341125	6257
10062	0.231592	6256
55188	0.149753	2778
55188	0.156525	2776
404672	0.131910	5432
404672	0.132555	5433
404672	0.133797	5430
404672	0.175044	5431
404672	0.134460	5437
404672	0.134497	5434
404672	0.134541	5435
404672	0.132519	5438
404672	0.133704	5440
404672	0.132359	2967
404672	0.132841	2968
404672	0.132018	730394
404672	0.132018	2966
404672	0.132834	2958
404672	0.134605	2965
404672	0.132487	5439
404672	0.132018	728340
404672	0.137154	6908
5740	0.151634	5743
5740	0.150660	5742
5743	0.140365	10659
5743	0.136133	7157
5743	0.136169	10987
5743	0.135487	1499
7227	0.169331	7329
7227	0.134968	6047
1499	0.136850	2308
1499	0.150624	3172
1499	0.137402	1387
1499	0.165346	207
1499	0.169523	6597
1499	0.130819	4790
1499	0.166270	7329
1499	0.154950	6256
1499	0.130645	6907
1499	0.135680	2033
1499	0.144197	7421
1499	0.173793	367
1499	0.135333	6304
1499	0.174367	6714
1499	0.130894	8850
1499	0.131151	5295
1499	0.136893	23426
1499	0.156307	2494
23598	0.152830	571
23598	0.144823	6047
23598	0.182415	60468
23129	0.187001	3164
23129	0.175675	9723
5629	0.305145	4306
5629	0.207109	81606
5629	0.182212	3662
5629	0.309067	79842
5629	0.198516	2494
5629	0.177888	2033
5629	0.187049	2101
5629	0.192832	3172
5629	0.187472	2104
51574	0.198838	5430
51574	0.245669	23607
51574	0.199628	10075
51574	0.242171	10155
51574	0.270273	79874
51574	0.631563	2908
51574	0.197082	10614
51574	0.269092	79184
51574	0.232498	10236
51574	0.209293	9043
51574	0.202195	6908
51574	0.252350	9219
51574	0.212096	125050
2018	0.196011	11036
2018	0.207285	7089
55629	0.175061	2100
55629	0.175071	2099
55629	0.188259	3172
55629	0.193943	2494
55629	0.186482	3174
55629	0.211429	367
55629	0.180993	9043
55629	0.182476	2101
55629	0.192586	6256
55629	0.182899	2104
10524	0.207205	367
10524	0.171153	9439
10524	0.169856	602
10524	0.165309	7157
10524	0.164230	4790
10524	0.599037	2908
10524	0.168984	6667
10524	0.175578	8295
10524	0.166756	10621
10524	0.170836	2100
10524	0.170847	2099
10524	0.196157	130557
3938	0.188955	6714
338322	0.206454	367
3932	0.220132	7337
3932	0.213294	3320
3932	0.179555	84962
3932	0.614460	2908
3932	0.270832	7026
3932	0.268383	81857
3932	0.222628	367
3932	0.223201	6714
1956	0.198931	10273
1956	0.597955	2908
1956	0.163119	10044
1956	0.196790	3320
1956	0.200482	2810
1956	0.164227	7157
1956	0.172858	6414
1956	0.207936	5371
1956	0.167838	26038
1956	0.206123	367
1956	0.163480	5295
1956	0.195277	7295
1956	0.197675	207
1956	0.168990	399694
1956	0.206697	6714
1956	0.197109	5591
1956	0.165104	6773
1956	0.163475	10614
1956	0.172592	4582
5991	0.175484	3664
5991	0.146983	1385
374395	0.167969	10236
400569	0.165489	84246
400569	0.169903	9862
400569	0.167314	10001
400569	0.154281	90390
400569	0.162108	9477
400569	0.166793	54797
400569	0.167795	9968
400569	0.162293	51586
6714	0.209717	10273
6714	0.306052	4306
6714	0.217263	5431
6714	0.608741	2908
6714	0.183378	4582
6714	0.199422	2494
6714	0.207575	3320
6714	0.184806	7376
6714	0.174744	5338
6714	0.180551	2099
6714	0.174129	5432
6714	0.174775	5433
6714	0.174203	6004
6714	0.176680	5437
6714	0.176716	5434
6714	0.176760	5435
6714	0.175013	7157
6714	0.174706	5439
6714	0.184200	7098
6714	0.173930	405
6714	0.198432	9970
6714	0.180303	8841
6714	0.175894	2113
6714	0.208460	207
6714	0.188955	761
6714	0.176017	5430
6714	0.216909	367
6714	0.206055	10399
6714	0.174739	5438
6714	0.191962	3174
6714	0.174266	5295
6714	0.175924	5440
6714	0.180785	5241
6714	0.191607	8856
6714	0.187312	7421
6714	0.187955	2101
6714	0.180540	2100
6714	0.307599	6257
6714	0.177123	4536
6714	0.188379	2104
6710	0.209421	22821
9902	0.140290	2100
9902	0.168211	207
7251	0.166025	29122
7251	0.190534	7068
7251	0.204655	1616
7251	0.599372	2908
7251	0.200016	7329
7251	0.168152	7031
7251	0.165021	57504
7251	0.167193	3725
7251	0.207540	367
8877	0.137306	2033
7258	0.178092	367
4135	0.238717	7025
54929	0.177485	7376
4487	0.170653	219541
4487	0.153987	7157
4487	0.157662	6667
4487	0.153672	64802
4487	0.171354	5083
4487	0.159491	1387
4487	0.326259	4488
4487	0.172905	7089
4487	0.158348	6908
4488	0.323734	7089
4488	0.738544	2908
4488	0.344527	51201
54925	0.172449	342945
54925	0.139245	55663
6857	0.721340	2908
6857	0.309481	784
6857	0.288253	6284
2113	0.139755	30012
2113	0.172435	1616
2113	0.167797	7329
2113	0.135052	64326
2113	0.137206	2033
2113	0.139269	9439
2113	0.175320	367
2113	0.138929	1387
2113	0.132345	4790
94235	0.241011	2784
2908	0.697311	4306
2908	0.642232	7818
2908	0.598834	3320
2908	0.596992	3329
2908	0.616888	79027
2908	0.609981	5371
2908	0.601488	5901
2908	0.649230	171023
2908	0.614107	23607
2908	0.683512	23764
2908	0.611704	6449
2908	0.599153	5591
2908	0.638710	79874
2908	0.619763	2495
2908	0.603310	55644
2908	0.740322	2063
2908	0.698858	6257
2908	0.614525	10048
2908	0.705669	8031
2908	0.637373	8030
2908	0.603897	6597
2908	0.600935	10236
2908	0.605089	10432
2908	0.640997	2783
2908	0.660615	2782
2908	0.605089	100526737
2908	0.608167	367
2908	0.639223	8204
2908	0.597409	7533
2908	0.628353	10499
2908	0.627838	8202
2908	0.656371	7026
2908	0.632794	9612
2908	0.616272	3164
2908	0.605595	11116
2908	0.609854	3163
2908	0.608522	5431
2908	0.605580	7158
2908	0.632602	4824
2908	0.610177	7150
2908	0.849225	26137
2908	0.637529	79184
2908	0.730719	26130
2908	0.603102	6045
2908	0.604612	10919
2908	0.651236	29893
2908	0.597322	7295
2908	0.610609	10155
2908	0.595857	3178
2908	0.934287	225689
2908	0.597314	10399
2908	0.653923	81857
2908	0.600976	10273
2908	0.715764	10002
2908	0.622359	9611
2908	0.680241	84838
2908	0.602526	2810
2908	0.604244	6418
2908	0.701233	79842
2908	0.605282	1616
2908	0.600644	7329
2908	0.619032	51082
2908	0.599719	207
2908	0.620787	9219
2908	0.611210	11319
2908	0.601965	6993
2908	0.605672	7337
2908	0.601249	7332
2908	0.593373	3192
84528	0.132022	3229
84528	0.165815	7329
84528	0.131458	6617
84528	0.137100	10865
116931	0.178584	367
7031	0.168499	207
7031	0.196618	8202
7031	0.136127	100131439
7031	0.136127	79908
7031	0.140579	2100
7031	0.140589	2099
7031	0.136127	27181
2710	0.189068	3164
2710	0.162121	6256
10236	0.166324	5432
10236	0.168211	5430
10236	0.215042	23607
10236	0.211544	10155
10236	0.239646	79874
10236	0.166867	4134
10236	0.169990	254102
10236	0.238308	8030
10236	0.196792	3178
10236	0.206024	100526737
10236	0.221722	9219
10236	0.238465	79184
10236	0.170372	9989
10236	0.206024	10432
10236	0.331655	26130
54331	0.171372	23533
54331	0.251543	2784
54331	0.257113	2782
54331	0.163624	5294
54331	0.190467	59345
54331	0.180394	10681
7136	0.145606	2101
7136	0.149613	3174
2309	0.168986	207
2309	0.135538	7157
2309	0.145331	7376
2309	0.141042	1387
2309	0.141075	2099
2308	0.170943	207
2308	0.141277	2033
2308	0.179391	367
2308	0.143000	1387
2308	0.143033	2099
4047	0.190665	3164
6662	0.167314	9968
6662	0.186284	7329
6662	0.158545	4094
6667	0.202740	9612
6667	0.142549	30012
6667	0.141757	2099
6667	0.140579	6908
6667	0.136219	7157
6667	0.202549	4824
6667	0.192306	9611
6667	0.179927	5371
6667	0.140000	2033
6667	0.136228	6047
6667	0.143800	6736
6667	0.135124	1869
6667	0.147126	9314
6667	0.169100	5591
6667	0.146568	3227
6667	0.141746	2100
8805	0.176507	10155
8805	0.132170	7157
8805	0.137698	2100
8805	0.137708	2099
51205	0.159205	2788
3664	0.201810	3196
3664	0.296401	79842
3662	0.139672	10538
3662	0.144146	6688
3662	0.150998	3227
3662	0.184554	7150
8204	0.215288	7376
8204	0.211033	2099
8204	0.210785	8841
8204	0.236631	7533
8204	0.204401	1869
8204	0.224221	3172
8204	0.230385	7068
8204	0.229904	2494
8204	0.217794	7421
8204	0.232959	7181
8204	0.218437	2101
8204	0.211022	2100
8204	0.338081	6257
8204	0.218861	2104
8202	0.195190	64210
8202	0.203902	7376
8202	0.199613	1387
8202	0.209112	93649
8202	0.199647	2099
8202	0.196927	8405
8202	0.196918	5705
8202	0.197891	2033
8202	0.236005	367
8202	0.223102	8431
8202	0.206408	7421
8202	0.214732	124152
8202	0.228873	7025
8202	0.193015	1869
8202	0.208584	7080
8202	0.199636	2100
8202	0.219000	7068
8202	0.199882	5241
8202	0.218519	2494
8202	0.210703	8856
8202	0.207051	2101
8202	0.193106	8850
8202	0.217162	6256
80237	0.131526	7157
80237	0.185017	2495
7625	0.194489	10155
247	0.238147	6256
64699	0.182016	6256
55806	0.158013	6907
55806	0.164556	8841
1385	0.132072	5592
1385	0.204039	8030
1385	0.166386	207
1385	0.171949	1616
1385	0.167310	7329
1385	0.157347	2494
1385	0.132938	7157
1385	0.138849	8554
1385	0.136719	2033
1385	0.132038	1386
1385	0.138442	1387
1385	0.133117	4602
11128	0.143861	101060521
11128	0.134223	5430
11128	0.134886	5437
11128	0.134923	5434
11128	0.170845	6597
11128	0.135005	27297
11128	0.175470	5431
11128	0.136536	55703
11128	0.134666	10621
11128	0.140342	10622
11128	0.135106	10623
11128	0.185979	51082
3159	0.145913	8850
3159	0.146926	6047
3159	0.152421	1387
3159	0.169969	6256
3159	0.148466	3725
3159	0.161179	125050
4542	0.167410	10379
9541	0.137249	8819
9541	0.198746	9612
1387	0.136954	1869
1387	0.225699	81857
1387	0.175673	6597
1387	0.143586	2099
1387	0.139597	3725
1387	0.139051	5430
1387	0.150347	7421
1387	0.152503	26959
1387	0.177059	1616
1387	0.156774	3172
1387	0.194136	9611
1387	0.172420	7329
1387	0.141545	6688
1387	0.172426	6258
1387	0.179944	367
1387	0.136941	23741
1387	0.137071	892
1387	0.171496	207
1387	0.143737	1024
1387	0.152968	10001
1387	0.174318	9325
1387	0.143959	8554
1387	0.148956	9314
1387	0.138227	4602
1387	0.152523	7080
1387	0.138924	6773
1387	0.138048	7157
1387	0.200129	10499
1387	0.143892	9439
1387	0.137148	1386
1387	0.137045	8850
1387	0.147947	51586
3394	0.150544	9318
3394	0.143921	3659
3394	0.186227	7150
3202	0.141572	11036
3202	0.137350	1649
26228	0.174698	367
284358	0.201922	93649
10902	0.162735	6256
10902	0.164572	7068
8721	0.171565	7329
627	0.166013	4909
627	0.161283	4908
627	0.160753	3726
627	0.168098	57537
23551	0.234493	2784
23551	0.220446	2783
23551	0.240064	2782
100289087	0.178092	367
30012	0.146518	11036
30012	0.157792	7089
30012	0.152164	10379
3598	0.137723	2100
3598	0.165643	207
1876	0.190851	9611
1876	0.135302	5978
1876	0.136199	7027
1876	0.171594	6045
1876	0.173104	10919
1876	0.137472	23269
8295	0.148502	1024
8295	0.142813	7157
8295	0.148351	2099
8295	0.158215	9968
8295	0.230465	81857
8295	0.148657	9439
8295	0.160323	9862
8295	0.152713	51586
8295	0.157484	9969
8295	0.141810	8850
172	0.173231	7337
5542	0.177857	7150
4824	0.241125	5431
4824	0.249491	79027
4824	0.242779	7150
4824	0.237215	10919
4824	0.231256	389058
4824	0.200287	6670
4824	0.235705	6045
4824	0.210752	10116
4824	0.203990	25803
6597	0.226256	9611
6597	0.170638	6604
6597	0.236691	9612
6597	0.175706	2099
6597	0.171173	5430
6597	0.170169	7157
6597	0.213877	5371
6597	0.212064	367
6597	0.172056	10623
6597	0.171616	10621
6597	0.171405	3726
6597	0.174513	23097
6597	0.171045	6773
6597	0.171768	3659
26038	0.190669	9219
26130	0.368092	8030
26130	0.315057	8437
26130	0.412169	5922
26130	0.305213	9318
26130	0.365369	22821
6045	0.168553	11091
6045	0.225461	9611
6045	0.208191	10432
6045	0.172082	23269
6045	0.211624	5431
6045	0.219991	79027
6045	0.213278	7150
6045	0.208191	100526737
6045	0.173156	2033
6045	0.168779	26053
6045	0.207714	10919
6045	0.208774	7337
6045	0.170809	7027
6045	0.202255	5591
6045	0.169913	5978
23019	0.161400	7068
23019	0.159562	6256
10621	0.144631	101060521
10621	0.135694	5434
10621	0.176241	5431
10621	0.135738	5435
10621	0.135776	27297
10621	0.186750	51082
10621	0.137307	55703
10621	0.141113	10622
10621	0.135877	10623
10621	0.181372	10957
10622	0.138782	5432
10622	0.150307	101060521
10622	0.142983	55703
10622	0.141553	10623
6049	0.183914	367
57109	0.147638	2100
57109	0.147648	2099
6047	0.176890	10155
6047	0.176262	5371
6047	0.138325	5241
6047	0.166925	7329
6047	0.174449	367
6047	0.151279	3172
6047	0.138091	2099
6047	0.136914	6908
10401	0.174257	367
10401	0.263400	4306
10401	0.138134	5241
10401	0.166733	7329
10401	0.136143	2033
10401	0.132408	2752
10401	0.194442	10499
10401	0.135797	6304
10401	0.137888	2100
10401	0.137899	2099
10401	0.136722	6908
2626	0.268172	79842
23338	0.245726	84838
23338	0.146936	9925
23338	0.266717	79842
10620	0.148897	10379
2785	0.238452	2784
2785	0.167304	10681
2785	0.177377	59345
2785	0.224406	2783
2785	0.244024	2782
10399	0.163622	10987
10399	0.205481	367
10011	0.283310	6257
10011	0.190047	11116
55262	0.184956	23585
57337	0.175806	10155
6402	0.144072	5592
10623	0.145072	101060521
10623	0.136098	5437
10623	0.136134	5434
10623	0.136217	27297
10623	0.187191	51082
10623	0.137747	55703
100528030	0.164837	4582
10499	0.219034	2494
10499	0.200162	2099
10499	0.193543	405
10499	0.198406	2033
10499	0.236520	367
10499	0.206924	7421
10499	0.229388	7025
10499	0.213350	3172
10499	0.209099	7080
10499	0.219515	7068
10499	0.204418	7376
10499	0.217677	6256
10499	0.200469	9439
10499	0.200152	2100
10499	0.211218	8856
7404	0.141844	11091
7404	0.181974	7158
7404	0.161583	7089
7404	0.146673	7403
7403	0.219509	171023
7403	0.145428	8085
7403	0.135731	11091
7403	0.175860	7158
7403	0.158786	3169
7403	0.154224	2078
7403	0.136530	6910
7403	0.178447	367
7403	0.147459	9314
10273	0.200695	207
10273	0.167248	7157
10273	0.199810	3320
10273	0.168847	3659
10273	0.182250	93649
10273	0.209143	367
727764	0.257702	23764
10474	0.130268	892
10474	0.131244	7157
10474	0.135026	2033
10474	0.136782	2099
10474	0.147838	8856
84838	0.279716	342945
84838	0.255968	158399
84838	0.269130	64324
84838	0.246513	55663
23426	0.179434	367
23426	0.172302	7025
23426	0.148366	7067
23426	0.270125	6257
23426	0.171911	7329
23426	0.141321	2033
23426	0.143076	2099
84246	0.151328	1024
84246	0.146642	5430
84246	0.163148	9862
84246	0.154197	6837
84246	0.155353	9477
84246	0.144661	892
84246	0.161040	9968
84246	0.151483	9439
84246	0.151380	23389
84246	0.155537	51586
84246	0.160309	9969
84246	0.160558	10001
1616	0.213450	367
1616	0.171554	7157
1616	0.225046	2495
1616	0.215263	5371
1616	0.205927	7329
1616	0.170589	6517
1616	0.170407	6693
1616	0.174372	8405
1616	0.184920	2104
10155	0.247982	8030
10155	0.232968	9611
10155	0.194489	6940
10155	0.178584	5434
10155	0.176881	7157
10155	0.211253	7329
10155	0.248138	79184
10155	0.213135	2810
10155	0.209921	10782
10155	0.231396	9219
7329	0.215168	10048
7329	0.233438	9612
7329	0.166916	7157
7329	0.165663	6907
7329	0.167343	23522
7329	0.205733	10432
7329	0.172453	2099
7329	0.168465	3725
7329	0.170825	4205
7329	0.206224	7158
7329	0.171276	6908
7329	0.210624	5371
7329	0.210820	7150
7329	0.205733	100526737
7329	0.170698	2033
7329	0.170351	6304
7329	0.297955	4306
7329	0.194017	3192
7329	0.168940	9726
7329	0.214751	23607
7329	0.176709	7376
7329	0.165950	6517
7329	0.168542	467
7329	0.166076	8575
7329	0.172827	8554
7329	0.185642	3172
7329	0.167095	4602
7329	0.166016	1386
7329	0.199797	5591
7329	0.191806	7068
7329	0.177743	7067
7329	0.166952	10987
7329	0.191325	2494
7329	0.183509	8856
7329	0.181040	53335
7329	0.166962	2752
7329	0.208811	367
7329	0.189968	6256
7329	0.196500	3178
8031	0.305389	207
8031	0.284241	7421
8031	0.313837	367
8031	0.294994	6256
51084	0.153592	368
51083	0.179621	2587
51083	0.148977	8811
51083	0.182145	6449
51082	0.184420	5432
51082	0.186971	5437
51082	0.187007	5434
51082	0.185304	7157
51082	0.187090	27297
51082	0.188726	1649
51082	0.188620	55703
51082	0.186955	4793
101060521	0.144971	27297
101060521	0.146502	55703
55703	0.136864	5430
55703	0.137527	5437
55703	0.137564	5434
55703	0.137646	27297
8841	0.166826	8431
8841	0.170715	5591
8841	0.139627	10075
8841	0.204356	9612
8841	0.193921	9611
8841	0.137834	7157
8841	0.136755	4790
8841	0.145743	9572
8841	0.165298	7181
8841	0.143371	2099
23269	0.191340	9611
23269	0.134158	1869
23269	0.135792	5978
23269	0.136688	7027
23269	0.173593	10919
55663	0.165746	342945
80318	0.219927	5592
80318	0.581954	3290
83461	0.146477	53335
775	0.184916	784
775	0.163083	10987
775	0.257389	2782
775	0.190597	783
774	0.228991	2782
168451	0.160878	23172
207	0.168011	6497
207	0.232513	9612
207	0.198553	3320
207	0.215992	3164
207	0.171529	2099
207	0.168801	5705
207	0.169523	80146
207	0.169773	2033
207	0.248949	171023
207	0.169523	8435
207	0.171903	8554
207	0.166776	94240
207	0.198873	5591
207	0.170535	56413
207	0.164988	8850
207	0.169523	117145
207	0.168708	116496
207	0.165368	57504
207	0.165244	5295
7101	0.205324	64324
7101	0.196832	53335
7181	0.203716	5371
7181	0.183422	7182
7181	0.201904	367
7182	0.203794	23607
7182	0.259027	221895
7182	0.197854	367
7182	0.174684	3172
7182	0.288544	6257
7068	0.205686	10048
7068	0.223956	9612
7068	0.245085	81857
7068	0.213522	9611
7068	0.156687	5295
7068	0.180051	64324
7068	0.185462	29982
7068	0.193704	9325
7068	0.157434	7157
7068	0.160243	5705
7068	0.242399	29893
7068	0.165656	9318
7068	0.177658	221037
7068	0.191812	6258
7068	0.168005	8668
7068	0.331484	2063
7068	0.290020	6257
7068	0.180486	6256
7067	0.209893	9612
7067	0.231022	81857
7067	0.199458	9611
7067	0.154413	8638
7067	0.142624	5295
7067	0.151593	9318
7067	0.278332	79842
7067	0.144817	1022
7067	0.152002	6414
7067	0.148908	2099
7067	0.166424	6256
7067	0.149028	10865
5440	0.132571	5432
5440	0.133217	5433
5440	0.134458	5430
5440	0.175705	5431
5440	0.135122	5437
5440	0.135158	5434
5440	0.135202	5435
5440	0.133180	5438
5440	0.133148	5439
5440	0.133020	2967
5440	0.133501	2968
5440	0.132680	730394
5440	0.132680	2966
5440	0.133495	2958
5440	0.138992	2099
5440	0.132680	728340
5440	0.137815	6908
8856	0.178130	8431
8856	0.167863	3172
8856	0.215659	9612
8856	0.205225	9611
8856	0.173546	2494
8856	0.183515	6258
8856	0.159708	8668
8856	0.151946	5705
8856	0.281724	6257
8856	0.172190	6256
57537	0.142891	4908
4306	0.269494	8554
4306	0.266392	5705
4306	0.343244	2180
4306	0.274153	8668
4306	0.305478	367
4306	0.286635	6256
3492	0.234089	9970
9477	0.143262	5430
9477	0.156658	54797
9477	0.150816	6837
9477	0.157178	10001
9477	0.157660	9968
9477	0.141282	892
9477	0.144145	90390
9477	0.148102	9439
9477	0.159768	9862
9477	0.152158	51586
9477	0.158924	219541
7818	0.215853	56945
7818	0.208334	60488
7818	0.209341	28973
7818	0.214083	23107
7818	0.207964	10730
7818	0.250400	367
7818	0.211154	55037
7818	0.221685	51649
3659	0.147433	10379
29982	0.179297	3172
29982	0.183624	6256
2099	0.139893	2965
2099	0.204603	9612
2099	0.225733	81857
2099	0.180332	5431
2099	0.137334	5295
2099	0.139367	84458
2099	0.170644	3320
2099	0.158031	5881
2099	0.139527	1022
2099	0.138962	28992
2099	0.223046	29893
2099	0.143609	2100
2099	0.139085	5430
2099	0.139748	5437
2099	0.139785	5434
2099	0.139828	5435
2099	0.143992	8554
2099	0.221039	171023
2099	0.137807	5438
2099	0.137774	5439
2099	0.137198	5432
2099	0.152536	26959
2099	0.137167	22899
2099	0.141863	2033
2099	0.137541	547
2099	0.167074	8431
2099	0.138866	94240
2099	0.137844	5433
2099	0.160698	64324
2099	0.139162	64210
2099	0.172845	7025
2099	0.156807	3172
2099	0.194169	9611
2099	0.177481	7337
2099	0.154726	143384
2099	0.143854	5241
2099	0.152031	4878
2099	0.137329	10614
2099	0.140891	5705
2099	0.148652	8668
2099	0.143738	10865
3651	0.167050	5591
3651	0.136985	8405
80227	0.137001	5434
80227	0.206398	8030
11116	0.227954	9611
547	0.155056	6256
547	0.173899	367
26173	0.130450	5432
26173	0.133145	2965
26173	0.132337	5430
26173	0.173584	5431
26173	0.133001	5437
26173	0.133037	5434
26173	0.131027	5439
26173	0.130762	55174
8654	0.145426	5592
8431	0.184955	9970
8431	0.203432	367
8431	0.160430	23741
8431	0.191121	3178
8431	0.180262	3172
8431	0.178485	3174
8431	0.178903	5083
8431	0.185945	2494
8431	0.184589	6256
8431	0.173836	7421
8431	0.174479	2101
8431	0.167064	2100
8431	0.174903	2104
23607	0.182172	10075
23607	0.194833	26959
23607	0.252817	79874
23607	0.190728	3227
23607	0.234894	9219
23607	0.251636	79184
23607	0.191838	9043
23607	0.230379	3164
23607	0.251480	8030
8437	0.149917	10325
1024	0.153152	10001
1024	0.137138	1869
1024	0.139236	5430
1024	0.137256	892
1024	0.155743	9862
1024	0.142577	23097
1024	0.153635	9968
1024	0.182138	7150
1024	0.225884	81857
1024	0.144077	9439
1024	0.148132	51586
1024	0.152903	9969
23764	0.257428	11036
23764	0.289029	9603
23764	0.269633	4097
23764	0.271922	5017
23764	0.257800	571
23764	0.253206	1649
23764	0.287386	60468
23764	0.251410	467
84986	0.315691	22821
9989	0.134825	5432
9989	0.136712	5430
9989	0.135368	4134
9989	0.138491	254102
9989	0.190223	9219
10681	0.183630	2649
10681	0.153231	2786
10681	0.159731	2788
10681	0.164918	2792
283643	0.144756	1649
6449	0.182629	114897
6449	0.183749	5241
6449	0.183887	8554
6449	0.177315	1514
5591	0.195010	3178
5591	0.165425	7157
5591	0.171198	5241
5591	0.192526	3192
5591	0.166974	3725
5592	0.133702	9726
5592	0.173573	367
5592	0.174017	202658
80032	0.315480	79842
79874	0.206775	10075
79874	0.206685	5434
79874	0.247232	5431
79874	0.276239	79184
79874	0.216441	9043
79874	0.259497	9219
4878	0.165218	3172
4878	0.170902	2494
23161	0.160952	9970
9572	0.142246	10075
9572	0.206975	9612
9572	0.289945	10002
9572	0.196541	9611
6258	0.233443	9612
6258	0.179221	7421
6258	0.166581	4134
6258	0.176714	7376
6258	0.166812	9971
10614	0.132796	5430
10614	0.162512	3329
10614	0.136153	6908
10614	0.146054	125050
9575	0.137179	4862
9575	0.158502	6256
2792	0.236066	2784
2792	0.222020	2783
2792	0.241638	2782
2793	0.161745	59345
2793	0.208775	2783
2793	0.228392	2782
1386	0.130666	10538
1386	0.139660	571
1386	0.135066	1649
1386	0.135426	2033
1386	0.132879	3726
1386	0.133270	467
1386	0.133193	3725
2063	0.320719	53335
2063	0.329211	64324
2063	0.396693	7026
2063	0.329647	6256
6257	0.266941	2965
6257	0.267947	8405
6257	0.326821	4929
6257	0.367530	84885
6257	0.277429	7421
6257	0.264790	4134
6257	0.274923	7376
6256	0.222118	9612
6256	0.160144	602
6256	0.154849	5295
6256	0.165389	7376
6256	0.175546	5881
6256	0.155486	9971
6256	0.205597	3164
6256	0.159957	6908
6256	0.156600	5430
6256	0.167896	7421
6256	0.158406	5705
6256	0.217287	4929
6256	0.199305	5371
6256	0.163819	9318
6256	0.258665	221895
6256	0.191866	9325
6256	0.179015	9970
6256	0.175820	221037
6256	0.157248	4793
6256	0.240561	29893
6256	0.157327	4862
6256	0.154935	1514
6256	0.243248	81857
6256	0.178213	64324
6256	0.161253	10865
23461	0.188562	3164
10538	0.133192	467
10538	0.134988	1649
10538	0.133115	3725
10538	0.132802	3726
10432	0.170540	11091
10432	0.215265	7150
10432	0.175143	2033
125050	0.149642	56257
342945	0.175202	158399
51599	0.146355	9439
100526737	0.170540	11091
100526737	0.215265	7150
100526737	0.175143	2033
368	0.183478	3164
55037	0.147435	64960
55037	0.142542	56945
55037	0.135022	60488
55037	0.136029	28973
55037	0.148374	51649
84458	0.175725	367
6674	0.233175	2782
7027	0.190066	9611
7027	0.132885	1869
7027	0.134518	5978
7027	0.172320	10919
6670	0.139867	8554
7025	0.171296	64919
7025	0.189924	64324
7025	0.175530	9318
7025	0.181432	53335
399694	0.179202	367
367	0.222692	10048
367	0.207002	3320
367	0.197056	64324
367	0.180350	8554
367	0.240961	9612
367	0.175988	3725
367	0.173436	8850
367	0.196674	3169
367	0.175443	5430
367	0.257397	171023
367	0.193165	3172
367	0.230527	9611
367	0.177256	8405
367	0.174439	7157
367	0.209655	5901
367	0.192111	2078
367	0.178221	2033
367	0.183316	8085
367	0.178520	126669
367	0.194663	221037
367	0.179555	25803
367	0.259404	29893
367	0.210709	9325
367	0.182021	6736
367	0.182662	9318
367	0.191949	9862
367	0.213839	7337
367	0.183957	1644
367	0.173331	10044
367	0.175031	23258
367	0.175886	1022
367	0.178092	728137
367	0.173741	6461
367	0.173692	5295
367	0.180096	10865
4752	0.132317	64802
5241	0.177716	7337
5241	0.204838	9612
5241	0.144228	8554
5241	0.138352	10987
5241	0.170878	3320
5241	0.142677	6908
6773	0.146710	10379
5978	0.189170	9611
5978	0.171424	10919
9968	0.162865	10001
9968	0.164611	219541
9968	0.162345	54797
9968	0.146969	892
9968	0.165455	9862
9968	0.170698	6955
9968	0.235596	81857
9968	0.153789	9439
9968	0.153687	23389
9968	0.157844	51586
9968	0.162616	9969
9969	0.162134	10001
9969	0.163880	219541
9969	0.161614	54797
9969	0.146238	892
9969	0.234866	81857
9969	0.164724	9862
9969	0.157114	51586
9969	0.153058	9439
8819	0.204090	9612
8819	0.193656	9611
8819	0.192084	9219
7026	0.228554	8554
7026	0.236768	53335
7026	0.245260	64324
7026	0.226632	64919
7026	0.258912	9325
56676	0.146742	11036
11091	0.134162	58499
11091	0.171032	7158
11091	0.131723	7157
11091	0.134532	5705
11091	0.135504	2033
11091	0.135244	30827
11091	0.186238	9219
11091	0.140599	8085
11091	0.137879	79364
60488	0.139721	56945
60488	0.133209	28973
60488	0.145554	51649
571	0.160409	4097
571	0.143982	1649
571	0.195985	7975
8216	0.174376	5431
8216	0.133829	5434
8216	0.133491	6909
3169	0.237736	171023
3169	0.163655	8085
3169	0.172451	2078
3169	0.160689	8554
3164	0.182544	7157
3164	0.181465	4790
3164	0.249065	9612
3164	0.181946	55160
3164	0.186326	2033
728340	0.130885	5432
728340	0.131531	5433
728340	0.132773	5430
728340	0.174019	5431
728340	0.133436	5437
728340	0.133472	5434
728340	0.133516	5435
728340	0.131495	5438
728340	0.131334	2967
728340	0.131816	2968
728340	0.131809	2958
728340	0.133580	2965
728340	0.131462	5439
728340	0.136130	6908
5432	0.133471	2965
5432	0.131225	2967
5432	0.130885	2966
5432	0.131707	2968
5432	0.136020	6908
5432	0.131422	5433
5432	0.132663	5430
5432	0.173910	5431
5432	0.133327	5437
5432	0.133363	5434
5432	0.133407	5435
5432	0.131385	5438
5432	0.131353	5439
5432	0.131088	55174
5432	0.186175	9219
5432	0.131700	2958
5432	0.131320	4134
5432	0.130885	730394
5432	0.134442	254102
5433	0.131871	2967
5433	0.131531	2966
5433	0.132353	2968
5433	0.132775	6604
5433	0.136666	6908
5433	0.133309	5430
5433	0.174557	5431
5433	0.133973	5437
5433	0.134010	5434
5433	0.134053	5435
5433	0.132031	5438
5433	0.131999	5439
5433	0.132346	2958
5433	0.160587	3225
5433	0.156715	2494
5433	0.131531	730394
5430	0.135358	2965
5430	0.133113	2967
5430	0.132773	2966
5430	0.160648	3192
5430	0.137908	6908
5430	0.175798	5431
5430	0.135215	5437
5430	0.135251	5434
5430	0.135294	5435
5430	0.133273	5438
5430	0.133240	5439
5430	0.136329	254102
5430	0.133595	2968
5430	0.132975	55174
5430	0.188063	9219
5430	0.133588	2958
5430	0.132468	4790
5430	0.134993	1022
5430	0.133207	4134
5430	0.132773	730394
5430	0.145846	7421
5430	0.139392	9439
5431	0.176605	2965
5431	0.174360	2967
5431	0.174019	2966
5431	0.174841	2968
5431	0.179155	6908
5431	0.176461	5437
5431	0.176498	5434
5431	0.176541	5435
5431	0.225411	79027
5431	0.174487	5439
5431	0.218699	7150
5431	0.213135	10919
5431	0.174835	2958
5431	0.176240	1022
5431	0.174019	730394
5431	0.174223	55174
5431	0.174520	5438
5437	0.136022	2965
5437	0.133776	2967
5437	0.133436	2966
5437	0.134258	2968
5437	0.138572	6908
5437	0.135914	5434
5437	0.135958	5435
5437	0.133937	5438
5437	0.133904	5439
5437	0.133639	55174
5437	0.134251	2958
5437	0.135862	4793
5437	0.135997	27297
5437	0.133436	730394
5434	0.136058	2965
5434	0.133813	2967
5434	0.133472	2966
5434	0.134294	2968
5434	0.138608	6908
5434	0.135994	5435
5434	0.133973	5438
5434	0.133940	5439
5434	0.177956	5371
5434	0.133676	55174
5434	0.134288	2958
5434	0.133472	730394
7158	0.171852	7157
7158	0.171888	10987
7158	0.183311	9043
7157	0.180796	10048
7157	0.134355	2965
7157	0.134171	64326
7157	0.141102	6837
7157	0.168798	2810
7157	0.188632	9611
7157	0.176252	5371
7157	0.176449	7150
7157	0.203801	79184
7157	0.133990	1022
7157	0.170884	10919
7157	0.171943	7337
7157	0.134337	10075
7157	0.144843	7421
7157	0.134170	467
7157	0.136325	2033
7157	0.138455	8554
7157	0.136066	30827
7157	0.165106	3320
7157	0.131541	8850
7157	0.187059	9219
7157	0.140909	4582
5438	0.134016	5435
5438	0.132306	10987
5438	0.131835	2967
5438	0.132317	2968
5438	0.131495	730394
5438	0.131495	2966
5438	0.132310	2958
5438	0.131962	5439
5438	0.136630	6908
5439	0.134048	2965
5439	0.131802	2967
5439	0.131462	2966
5439	0.132284	2968
5439	0.136597	6908
5439	0.133984	5435
5439	0.135673	6304
5439	0.131665	55174
5439	0.132277	2958
5439	0.131462	730394
405	0.133641	57491
405	0.133641	6492
405	0.130838	57504
7150	0.227065	79027
7150	0.191972	51174
7150	0.189738	10379
7150	0.181843	2004
7150	0.214789	10919
7150	0.176429	53339
6688	0.140401	6908
79184	0.205594	10075
79184	0.220697	84142
79184	0.219556	23172
79184	0.258316	9219
79184	0.215260	9043
79184	0.274902	8030
23097	0.135911	892
23097	0.151807	10001
23097	0.138334	1022
23097	0.139335	55090
23097	0.151007	2776
23097	0.151287	54797
23097	0.154397	9862
10919	0.226972	9611
10919	0.178560	6296
10919	0.221501	79027
10919	0.170957	4600
9509	0.154261	23533
9509	0.144913	5295
7295	0.162515	4790
7295	0.163630	10987
7295	0.199287	6993
467	0.154019	4097
467	0.137592	1649
467	0.135719	3725
467	0.135406	3726
6284	0.146475	10379
7849	0.136445	2033
1869	0.133261	2965
1869	0.132895	1022
1869	0.135810	6908
1869	0.130370	4790
3725	0.200615	9612
3725	0.138640	602
3725	0.166655	3320
3725	0.135329	3726
3725	0.138454	6908
3725	0.133154	51008
3725	0.190181	9611
3725	0.177802	5371
3725	0.137875	2033
3725	0.170363	9325
3725	0.140004	8554
3725	0.142315	9318
3725	0.134129	10987
3725	0.137515	1649
3726	0.171752	6418
3726	0.137202	1649
3726	0.137561	2033
9862	0.158611	6837
9862	0.164973	10001
9862	0.166719	219541
9862	0.164453	54797
9862	0.149077	892
9862	0.172806	6955
9862	0.159952	51586
9862	0.237704	81857
9862	0.155897	9439
3683	0.179891	10048
84105	0.134911	90390
84105	0.176733	5371
79812	0.211100	7421
81857	0.226039	9439
81857	0.230094	51586
9439	0.146946	6837
9439	0.153307	10001
9439	0.152787	54797
9439	0.140275	90390
9439	0.142170	2033
9439	0.137411	892
9439	0.140835	55090
9439	0.148287	51586
9439	0.144129	23389
9439	0.137384	8850
9439	0.155054	219541
8668	0.148641	2100
8668	0.155413	7421
8668	0.160063	3174
8668	0.178331	5901
8668	0.156480	2104
8668	0.166534	9970
8668	0.156056	2101
2101	0.148295	5705
2101	0.168102	64324
2101	0.158852	2104
2101	0.144483	8850
2100	0.143982	8554
2100	0.194159	9611
2100	0.174341	9325
2100	0.141852	2033
2100	0.223035	29893
2100	0.139152	64210
2100	0.139722	4793
2100	0.158295	221037
2100	0.138452	29122
2100	0.185453	10957
2100	0.140880	5705
2100	0.143728	10865
10987	0.180833	10048
10987	0.137128	602
10987	0.135397	8405
10987	0.140802	9318
10987	0.151306	3172
10987	0.131501	4790
10987	0.149529	3174
10987	0.156989	2494
10987	0.194271	4929
2104	0.148719	5705
2104	0.144995	22899
2104	0.193292	10957
79364	0.148493	7376
2736	0.133769	6497
9612	0.247318	10048
9612	0.197813	6907
9612	0.236667	60468
9612	0.202428	10773
9612	0.255153	9611
9612	0.208859	7376
9612	0.197986	4790
9612	0.223475	2494
9612	0.211365	7421
10001	0.164129	219541
10001	0.161863	54797
10001	0.146487	892
10001	0.157363	51586
10001	0.153205	23389
10002	0.282614	3229
10002	0.296160	53335
10002	0.282051	6617
10002	0.294335	7421
10002	0.295326	10379
9611	0.194543	8554
9611	0.191994	10773
9611	0.232340	5371
9611	0.222093	2649
9611	0.187379	6907
9611	0.198425	7376
9611	0.200931	7421
1649	0.155815	4097
1649	0.144756	64288
1649	0.173567	60468
1649	0.138783	8405
1649	0.139748	2033
5294	0.141998	23533
5294	0.171370	6418
5294	0.227741	2782
5294	0.143270	2357
5295	0.137191	2004
64326	0.170426	2810
64326	0.142394	9318
8405	0.153033	2078
8405	0.141272	8554
8405	0.143583	9318
6418	0.224007	2495
6414	0.144956	2033
60468	0.209390	9603
60468	0.225570	7975
60468	0.189995	4097
2033	0.140873	602
2033	0.135322	8850
2033	0.148624	7421
2033	0.150780	26959
2033	0.136505	4602
2033	0.142958	4094
2033	0.144547	9318
2033	0.172595	9325
2033	0.171542	5901
2033	0.135246	4790
2033	0.136215	9971
2033	0.135219	23741
2033	0.143906	6736
2033	0.147233	9314
2033	0.163427	3192
2033	0.144690	4582
254102	0.189841	9219
254102	0.143548	9318
3182	0.135657	28973
3182	0.135399	3229
57504	0.186436	9219
143279	0.145659	8554
55174	0.133783	2965
892	0.148233	219541
892	0.131252	64802
892	0.141466	51586
9043	0.145796	10075
9043	0.159757	23172
9043	0.198518	9219
9043	0.142923	4790
4790	0.136012	602
4790	0.175173	5371
4790	0.131511	2752
4790	0.167734	9325
4790	0.133116	4793
7337	0.170837	23741
7337	0.206921	7332
7337	0.215652	5371
7337	0.172654	80010
8085	0.224378	171023
8085	0.159092	2078
56413	0.185340	10048
3229	0.161403	3225
3225	0.168469	11036
3225	0.174115	10379
3227	0.144704	2965
3227	0.150537	11036
27297	0.136076	5435
8913	0.180443	10048
8850	0.134976	6304
8850	0.131719	4602
2965	0.133920	2967
2965	0.133580	2966
2965	0.134402	2968
2965	0.135801	1022
2965	0.133580	730394
2967	0.133856	5435
2967	0.132157	2968
2967	0.131334	730394
2967	0.131334	2966
2967	0.132150	2958
2967	0.136470	6908
2966	0.133516	5435
2966	0.131809	2958
2966	0.131816	2968
2966	0.136130	6908
2968	0.134338	5435
2968	0.131816	730394
2968	0.132632	2958
2968	0.136952	6908
3320	0.168938	26548
3320	0.194690	3178
3320	0.195826	3329
10116	0.200580	9856
3329	0.163310	2752
5371	0.179688	6304
5371	0.182885	4094
5371	0.182163	8554
5371	0.176431	4602
5901	0.216012	10048
2752	0.138501	8554
10957	0.198651	3172
10957	0.204335	2494
10957	0.196874	3174
30827	0.138505	58499
30827	0.190580	9219
30827	0.140426	6908
79842	0.275149	11036
64324	0.167459	7421
64324	0.188622	2649
64324	0.179569	2494
64324	0.172109	3174
3131	0.140412	4602
3131	0.157182	3174
171023	0.233173	2078
2495	0.210444	2494
2495	0.209454	9970
2495	0.191860	4634
10048	0.188010	953
10048	0.197745	3174
10048	0.181367	23585
4134	0.155622	9970
4134	0.186719	9219
4634	0.139776	60673
2776	0.154010	2778
2776	0.221388	2783
2776	0.241006	2782
2776	0.146751	4060
2776	0.183569	137872
2776	0.174360	59345
6907	0.133084	10075
6907	0.131761	6604
7975	0.227214	9603
4097	0.160037	11036
4097	0.191638	9603
11036	0.157555	5083
11036	0.151959	4990
11036	0.180558	3196
2784	0.224379	2786
2784	0.230879	2788
2786	0.163304	59345
2786	0.210333	2783
2786	0.229951	2782
2783	0.216833	2788
2782	0.234234	2778
2782	0.236451	2788
2782	0.235488	23533
4094	0.139355	4602
2788	0.169804	59345
23172	0.150091	10075
6304	0.141891	8554
6304	0.190495	9219
9325	0.186180	5083
730394	0.133516	5435
730394	0.131809	2958
730394	0.136130	6908
9318	0.153065	7421
5083	0.168829	7089
5435	0.138651	6908
5435	0.134331	2958
7376	0.154636	7421
7376	0.143047	80010
53335	0.146128	10730
53335	0.201184	9219
7421	0.147652	5705
7421	0.211100	113201
7421	0.146289	1022
5705	0.158772	9970
5705	0.180291	11319
5705	0.152302	3174
51586	0.156842	54797
8554	0.142815	6908
8554	0.138634	4602
8554	0.143849	2004
54797	0.163609	219541
29893	0.239373	84057
90390	0.188946	9219
3178	0.189229	3192
2958	0.136945	6908
3171	0.190878	7089
58499	0.189499	9219
51649	0.153073	56945
51649	0.151303	23107
2357	0.151017	23533
23107	0.138958	28973
23107	0.145471	56945
6908	0.138698	10075
6908	0.136919	6617
6908	0.145269	4582
10379	0.186204	3196
56945	0.140729	28973
