23054 0.265947 5.932700e-03
10399 0.194627 1.662530e-02
11116 0.211189 9.258800e-03
367 0.216335 9.258800e-03
8031 0.411339 8.470000e-04
8030 0.274745 5.580300e-03
55644 0.206620 1.109340e-02
221504 0.268130 5.932700e-03
6257 0.397716 1.204700e-03
6418 0.208488 1.109340e-02
190 0.377692 1.714600e-03
857 0.219323 9.258800e-03
3065 0.217833 9.258800e-03
3932 0.228921 7.901100e-03
5591 0.198306 1.662530e-02
10919 0.209225 1.109340e-02
81857 0.307846 4.342900e-03
79842 0.402466 1.063100e-03
10432 0.210178 9.258800e-03
5431 0.217045 9.258800e-03
2783 0.281995 4.858700e-03
2782 0.321230 3.388900e-03
225689 0.868575 0.000000e+00
4824 0.265205 5.932700e-03
7329 0.201288 1.109340e-02
9612 0.265587 5.932700e-03
9611 0.244719 6.660600e-03
3329 0.193984 1.662530e-02
79027 0.233777 7.313700e-03
51082 0.238064 7.313700e-03
9282 0.260216 5.932700e-03
7041 0.346755 2.739600e-03
1956 0.195911 1.662530e-02
2063 0.480644 5.694000e-04
1994 0.218117 9.258800e-03
84838 0.360483 2.016000e-03
8648 0.298626 4.566300e-03
7026 0.312742 3.829900e-03
79184 0.275058 5.580300e-03
5914 0.255144 6.297100e-03
1051 0.291619 4.566300e-03
51574 0.263125 5.932700e-03
11319 0.222421 7.901100e-03
10499 0.256706 6.297100e-03
80318 0.309044 4.342900e-03
10002 0.431528 7.753000e-04
5371 0.219961 9.258800e-03
6840 0.235714 7.313700e-03
6597 0.207794 1.109340e-02
10062 0.284534 4.858700e-03
4488 0.477087 5.694000e-04
10048 0.229049 7.901100e-03
3178 0.191713 1.662530e-02
3192 0.186746 1.901240e-02
10891 0.309416 4.342900e-03
10524 0.198074 1.662530e-02
207 0.199439 1.662530e-02
7158 0.211161 9.258800e-03
7150 0.220353 7.901100e-03
26137 0.698449 0.000000e+00
10155 0.221218 7.901100e-03
23764 0.367024 2.016000e-03
6449 0.223409 7.901100e-03
7337 0.211343 9.258800e-03
79874 0.277420 5.580300e-03
2810 0.205052 1.109340e-02
10092 0.227833 7.901100e-03
23607 0.228214 7.901100e-03
3320 0.197668 1.662530e-02
7533 0.194817 1.662530e-02
7332 0.202499 1.109340e-02
6993 0.203930 1.109340e-02
10236 0.201871 1.109340e-02
7818 0.284465 4.858700e-03
6714 0.217482 9.258800e-03
5901 0.202976 1.109340e-02
29893 0.302473 4.342900e-03
6045 0.206204 1.109340e-02
26130 0.461438 5.694000e-04
8204 0.278446 5.580300e-03
10273 0.201952 1.109340e-02
4306 0.394622 1.204700e-03
100526737 0.210178 9.258800e-03
171023 0.298459 4.566300e-03
2495 0.239526 7.313700e-03
9219 0.241574 6.660600e-03
10291 0.203641 1.109340e-02
4915 0.282625 4.858700e-03
7251 0.198745 1.662530e-02
6857 0.442679 7.121000e-04
8202 0.255675 6.297100e-03
3164 0.232544 7.313700e-03
3163 0.219709 9.258800e-03
1616 0.210565 9.258800e-03
7295 0.194644 1.662530e-02
