#Id Score P-value
2908 1.000000 0.0
225689 0.868575 0.0
3290 0.854863 0.0
26137 0.698449 0.0
2063 0.480644 0.0005694
4488 0.477087 0.0005694
26130 0.461438 0.0005694
6857 0.442679 0.0007121
85441 0.434106 0.0007753
10002 0.431528 0.0007753
8031 0.411339 0.000847
79842 0.402466 0.0010631
6257 0.397716 0.0012047
4306 0.394622 0.0012047
190 0.377692 0.0017146
113179 0.374189 0.0017146
23764 0.367024 0.002016
5922 0.362901 0.002016
84986 0.362082 0.002016
84838 0.360483 0.002016
7041 0.346755 0.0027396
221895 0.338681 0.0028764
84885 0.337344 0.0028764
2782 0.321230 0.0033889
7026 0.312742 0.0038299
2784 0.310088 0.0038299
115950 0.309500 0.0043429
10891 0.309416 0.0043429
80318 0.309044 0.0043429
9214 0.308556 0.0043429
81857 0.307846 0.0043429
29893 0.302473 0.0043429
8648 0.298626 0.0045663
171023 0.298459 0.0045663
247 0.297645 0.0045663
2180 0.291866 0.0045663
1051 0.291619 0.0045663
3492 0.288795 0.0048587
10062 0.284534 0.0048587
7818 0.284465 0.0048587
4915 0.282625 0.0048587
2783 0.281995 0.0048587
8204 0.278446 0.0055803
79874 0.277420 0.0055803
4135 0.275363 0.0055803
79184 0.275058 0.0055803
8030 0.274745 0.0055803
117154 0.269934 0.0059327
22821 0.269300 0.0059327
221504 0.268130 0.0059327
23054 0.265947 0.0059327
9612 0.265587 0.0059327
4824 0.265205 0.0059327
113201 0.265058 0.0059327
79812 0.265058 0.0059327
51574 0.263125 0.0059327
9282 0.260216 0.0059327
10499 0.256706 0.0062971
50805 0.256491 0.0062971
4929 0.255925 0.0062971
8202 0.255675 0.0062971
5914 0.255144 0.0062971
9856 0.244862 0.0066606
51102 0.244842 0.0066606
9611 0.244719 0.0066606
2018 0.244190 0.0066606
7975 0.243393 0.0066606
9219 0.241574 0.0066606
284358 0.241296 0.0066606
2495 0.239526 0.0073137
51082 0.238064 0.0073137
780851 0.236587 0.0073137
55262 0.236228 0.0073137
6840 0.235714 0.0073137
56751 0.234905 0.0073137
79027 0.233777 0.0073137
7101 0.232871 0.0073137
3164 0.232544 0.0073137
9935 0.231213 0.0073137
26287 0.229786 0.0079011
10048 0.229049 0.0079011
3932 0.228921 0.0079011
80032 0.228495 0.0079011
23607 0.228214 0.0079011
10092 0.227833 0.0079011
10957 0.227307 0.0079011
9326 0.225782 0.0079011
6449 0.223409 0.0079011
11319 0.222421 0.0079011
27249 0.222089 0.0079011
10155 0.221218 0.0079011
7150 0.220353 0.0079011
5371 0.219961 0.0092588
3163 0.219709 0.0092588
857 0.219323 0.0092588
2587 0.218360 0.0092588
1994 0.218117 0.0092588
3065 0.217833 0.0092588
6714 0.217482 0.0092588
10335 0.217222 0.0092588
202658 0.217222 0.0092588
5431 0.217045 0.0092588
367 0.216335 0.0092588
5629 0.215669 0.0092588
79369 0.213373 0.0092588
30061 0.213373 0.0092588
3196 0.213284 0.0092588
55809 0.212981 0.0092588
51201 0.211967 0.0092588
3171 0.211375 0.0092588
7337 0.211343 0.0092588
11116 0.211189 0.0092588
7158 0.211161 0.0092588
9603 0.211034 0.0092588
1616 0.210565 0.0092588
10432 0.210178 0.0092588
100526737 0.210178 0.0092588
9723 0.209893 0.0110934
10919 0.209225 0.0110934
6418 0.208488 0.0110934
6597 0.207794 0.0110934
60468 0.207747 0.0110934
55644 0.206620 0.0110934
283248 0.206559 0.0110934
6039 0.206559 0.0110934
55629 0.206523 0.0110934
137872 0.206355 0.0110934
6045 0.206204 0.0110934
9325 0.205083 0.0110934
2810 0.205052 0.0110934
6993 0.203930 0.0110934
10291 0.203641 0.0110934
259249 0.203015 0.0110934
5901 0.202976 0.0110934
54929 0.202841 0.0110934
7332 0.202499 0.0110934
7025 0.202071 0.0110934
10273 0.201952 0.0110934
10236 0.201871 0.0110934
6258 0.201299 0.0110934
7329 0.201288 0.0110934
339416 0.200559 0.0110934
5915 0.199864 0.0166253
3170 0.199517 0.0166253
2649 0.199468 0.0166253
207 0.199439 0.0166253
342945 0.198950 0.0166253
7251 0.198745 0.0166253
10782 0.198625 0.0166253
81606 0.198549 0.0166253
5591 0.198306 0.0166253
10524 0.198074 0.0166253
3320 0.197668 0.0166253
389058 0.197306 0.0166253
338322 0.196572 0.0166253
1956 0.195911 0.0166253
2168 0.195470 0.0166253
1996 0.195218 0.0166253
7533 0.194817 0.0166253
7295 0.194644 0.0166253
10399 0.194627 0.0166253
130557 0.194240 0.0166253
554 0.194229 0.0166253
3329 0.193984 0.0166253
57127 0.193587 0.0166253
775 0.193549 0.0166253
54331 0.192997 0.0166253
55423 0.192051 0.0166253
3178 0.191713 0.0166253
8431 0.190529 0.0166253
3664 0.190335 0.0166253
55154 0.189951 0.0190124
153443 0.189382 0.0190124
3225 0.189106 0.0190124
3206 0.188602 0.0190124
29982 0.188600 0.0190124
59345 0.187937 0.0190124
783 0.187644 0.0190124
7181 0.187472 0.0190124
3192 0.186746 0.0190124
201501 0.186638 0.0190124
627 0.186491 0.0190124
55806 0.185988 0.0190124
64699 0.185383 0.0190124
5469 0.184248 0.0190124
932 0.183610 0.0190124
7752 0.183554 0.0190124
7068 0.182324 0.0190124
2494 0.181362 0.0190124
8693 0.180401 0.0190124
100528030 0.180401 0.0190124
159296 0.179413 0.0203902
9970 0.179382 0.0203902
7182 0.179373 0.0203902
63946 0.179143 0.0203902
5130 0.178706 0.0203902
6256 0.178649 0.0203902
9847 0.178470 0.0203902
5916 0.178362 0.0203902
6955 0.178049 0.0203902
7141 0.177835 0.0203902
64324 0.177777 0.0203902
3169 0.177013 0.0203902
5017 0.176820 0.0203902
345757 0.176687 0.0203902
784 0.176283 0.0203902
84057 0.176273 0.0203902
4542 0.175697 0.0203902
4487 0.175430 0.0203902
4664 0.174353 0.0203902
124152 0.173790 0.0203902
687 0.173565 0.0203902
221037 0.172991 0.0203902
51084 0.172771 0.0203902
5881 0.172443 0.0203902
400569 0.172244 0.0203902
4097 0.172242 0.0203902
94235 0.171935 0.0203902
197196 0.171593 0.0203902
6662 0.171281 0.0203902
430 0.170869 0.0203902
8645 0.170443 0.0203902
7089 0.170380 0.0203902
3172 0.169995 0.0243957
9441 0.169797 0.0243957
6957 0.169471 0.0243957
2516 0.169295 0.0243957
10011 0.168904 0.0243957
8437 0.168675 0.0243957
7556 0.168643 0.0243957
2078 0.167888 0.0243957
10681 0.167791 0.0243957
6940 0.167759 0.0243957
7625 0.167759 0.0243957
9862 0.167563 0.0243957
5465 0.167314 0.0243957
5083 0.167278 0.0243957
55588 0.166995 0.0243957
2785 0.166817 0.0243957
51205 0.166740 0.0243957
3174 0.166441 0.0243957
84142 0.166336 0.0243957
10025 0.166332 0.0243957
147040 0.165987 0.0243957
84159 0.165987 0.0243957
219541 0.165876 0.0243957
143384 0.165832 0.0243957
5458 0.165832 0.0243957
8856 0.165731 0.0243957
2767 0.164163 0.0243957
23172 0.164053 0.0243957
54913 0.164011 0.0243957
51174 0.163590 0.0243957
5740 0.163545 0.0243957
9968 0.163347 0.0243957
2707 0.163035 0.0243957
9925 0.162904 0.0243957
5467 0.162866 0.0243957
6096 0.162855 0.0243957
93649 0.162548 0.0243957
10001 0.162383 0.0243957
2792 0.162045 0.0243957
9969 0.161885 0.0243957
6095 0.161677 0.0243957
7080 0.161493 0.0243957
26959 0.161453 0.0243957
54797 0.161343 0.0243957
3159 0.161290 0.0243957
84547 0.161204 0.0243957
125050 0.161067 0.0243957
53335 0.160793 0.0243957
2776 0.160782 0.0243957
5991 0.160634 0.0243957
4878 0.160442 0.0243957
3938 0.160429 0.0243957
761 0.160429 0.0243957
5468 0.160247 0.0243957
8654 0.160041 0.0243957
26330 0.159523 0.0283302
2104 0.159276 0.0283302
171568 0.159140 0.0283302
10379 0.159124 0.0283302
51649 0.158905 0.0283302
23551 0.158898 0.0283302
9509 0.158777 0.0283302
10799 0.158735 0.0283302
84246 0.158733 0.0283302
2101 0.158428 0.0283302
57786 0.157958 0.0283302
90133 0.157723 0.0283302
168451 0.157702 0.0283302
374649 0.157547 0.0283302
6402 0.157332 0.0283302
7421 0.157142 0.0283302
23598 0.157083 0.0283302
8811 0.157074 0.0283302
64960 0.157027 0.0283302
4549 0.157027 0.0283302
11076 0.156699 0.0283302
239 0.156302 0.0283302
10116 0.156299 0.0283302
90 0.156254 0.0283302
4990 0.156086 0.0283302
60685 0.155756 0.0283302
130271 0.155613 0.0283302
9043 0.155462 0.0283302
79447 0.154849 0.0283302
54556 0.154820 0.0283302
8638 0.154628 0.0283302
50487 0.154372 0.0283302
9314 0.154359 0.0283302
7067 0.154198 0.0283302
4779 0.153927 0.0283302
55718 0.153826 0.0283302
101060521 0.153826 0.0283302
8668 0.153685 0.0283302
6722 0.153564 0.0283302
80023 0.153430 0.0283302
3227 0.153242 0.0283302
8295 0.153083 0.0283302
133522 0.152829 0.0283302
7404 0.152786 0.0283302
51586 0.152342 0.0283302
2357 0.152289 0.0283302
55188 0.152269 0.0283302
7376 0.152130 0.0283302
3394 0.152101 0.0283302
9477 0.151973 0.0283302
2206 0.151952 0.0283302
9412 0.151829 0.0283302
57109 0.151677 0.0283302
2788 0.151671 0.0283302
1644 0.151579 0.0283302
6049 0.151494 0.0283302
158399 0.151453 0.0283302
55509 0.151439 0.0283302
7098 0.150918 0.0283302
688 0.150655 0.0283302
8085 0.150297 0.0283302
10106 0.150204 0.0283302
283643 0.150123 0.0283302
64288 0.150123 0.0283302
85415 0.149928 0.0341486
6414 0.149805 0.0341486
23533 0.149746 0.0341486
57537 0.149705 0.0341486
406891 0.149666 0.0341486
406884 0.149666 0.0341486
6837 0.149660 0.0341486
54516 0.149657 0.0341486
6710 0.149541 0.0341486
6720 0.149526 0.0341486
111 0.149352 0.0341486
4582 0.149274 0.0341486
9440 0.148992 0.0341486
9318 0.148988 0.0341486
4047 0.148785 0.0341486
150000 0.148785 0.0341486
3662 0.148755 0.0341486
8647 0.148681 0.0341486
571 0.148576 0.0341486
284312 0.148545 0.0341486
9442 0.148488 0.0341486
51599 0.148479 0.0341486
727764 0.148379 0.0341486
9572 0.148362 0.0341486
9324 0.148089 0.0341486
3131 0.147923 0.0341486
6296 0.147895 0.0341486
11036 0.147832 0.0341486
6736 0.147706 0.0341486
51116 0.147359 0.0341486
28955 0.147294 0.0341486
56945 0.147241 0.0341486
2778 0.147238 0.0341486
51341 0.146973 0.0341486
953 0.146972 0.0341486
143279 0.146952 0.0341486
9937 0.146952 0.0341486
10902 0.146820 0.0341486
10622 0.146788 0.0341486
112950 0.146617 0.0341486
196 0.146214 0.0341486
54925 0.145947 0.0341486
1050 0.145927 0.0341486
4094 0.145809 0.0341486
56676 0.145652 0.0341486
2268 0.145632 0.0341486
2710 0.145592 0.0341486
4909 0.145536 0.0341486
7544 0.145400 0.0341486
30012 0.145204 0.0341486
6674 0.145119 0.0341486
23098 0.145075 0.0341486
150 0.145006 0.0341486
79364 0.144856 0.0341486
10243 0.144807 0.0341486
81556 0.144783 0.0341486
23461 0.144580 0.0341486
661 0.144382 0.0341486
8554 0.144366 0.0341486
9439 0.144232 0.0341486
4634 0.144195 0.0341486
5241 0.144089 0.0341486
23389 0.144027 0.0341486
1024 0.143922 0.0341486
10865 0.143857 0.0341486
23107 0.143701 0.0341486
2099 0.143619 0.0341486
2100 0.143598 0.0341486
1387 0.143552 0.0341486
2004 0.143333 0.0341486
8841 0.143124 0.0341486
440515 0.142876 0.0341486
25803 0.142774 0.0341486
8819 0.142593 0.0341486
2621 0.142585 0.0341486
23426 0.142534 0.0341486
23161 0.142521 0.0341486
2308 0.142447 0.0341486
27287 0.142286 0.0341486
399694 0.142070 0.0341486
114897 0.141849 0.0341486
8721 0.141842 0.0341486
602 0.141639 0.0341486
56413 0.141631 0.0341486
23129 0.141457 0.0341486
51728 0.141455 0.0341486
7621 0.141319 0.0341486
6908 0.141265 0.0341486
1018 0.141237 0.0341486
23097 0.141232 0.0341486
10659 0.141007 0.0341486
51083 0.140881 0.0341486
116931 0.140833 0.0341486
1993 0.140750 0.0341486
126669 0.140706 0.0341486
7403 0.140560 0.0341486
64919 0.140521 0.0341486
23019 0.140476 0.0341486
10295 0.140452 0.0341486
4205 0.140363 0.0341486
26548 0.140209 0.0341486
2033 0.140107 0.0341486
5451 0.139913 0.044422
6667 0.139894 0.044422
100289087 0.139849 0.044422
728137 0.139849 0.044422
7258 0.139849 0.044422
26038 0.139765 0.044422
3990 0.139745 0.044422
5743 0.139722 0.044422
80146 0.139607 0.044422
8435 0.139607 0.044422
117145 0.139607 0.044422
30827 0.139587 0.044422
6688 0.139537 0.044422
10846 0.139532 0.044422
6304 0.139415 0.044422
1649 0.139388 0.044422
10773 0.139269 0.044422
55703 0.139177 0.044422
9989 0.138873 0.044422
25974 0.138769 0.044422
2786 0.138671 0.044422
10620 0.138671 0.044422
399909 0.138645 0.044422
2309 0.138532 0.044422
9575 0.138354 0.044422
56257 0.138217 0.044422
8405 0.138178 0.044422
5705 0.138162 0.044422
254102 0.138108 0.044422
80227 0.138051 0.044422
116496 0.137977 0.044422
23269 0.137961 0.044422
7216 0.137866 0.044422
55037 0.137843 0.044422
55617 0.137795 0.044422
5742 0.137775 0.044422
7031 0.137560 0.044422
10587 0.137446 0.044422
55090 0.137437 0.044422
58499 0.137423 0.044422
283629 0.137396 0.044422
7227 0.137374 0.044422
904 0.137120 0.044422
3182 0.137097 0.044422
9902 0.136983 0.044422
1876 0.136983 0.044422
8932 0.136973 0.044422
728712 0.136923 0.044422
57189 0.136923 0.044422
64648 0.136923 0.044422
64663 0.136923 0.044422
30014 0.136923 0.044422
57491 0.136903 0.044422
6492 0.136903 0.044422
4536 0.136763 0.044422
774 0.136752 0.044422
9726 0.136593 0.044422
6497 0.136582 0.044422
90390 0.136318 0.044422
10623 0.136318 0.044422
11169 0.136264 0.044422
6278 0.136251 0.044422
84888 0.136229 0.044422
57507 0.136214 0.044422
2965 0.136166 0.044422
10075 0.136130 0.044422
27297 0.136115 0.044422
4908 0.136076 0.044422
5435 0.136038 0.044422
4862 0.136004 0.044422
1053 0.135966 0.044422
5434 0.135951 0.044422
5437 0.135878 0.044422
3455 0.135857 0.044422
4793 0.135847 0.044422
11179 0.135832 0.044422
64326 0.135799 0.044422
467 0.135796 0.044422
3651 0.135793 0.044422
3659 0.135742 0.044422
4780 0.135701 0.044422
5929 0.135683 0.044422
3725 0.135642 0.044422
4783 0.135589 0.044422
2793 0.135554 0.044422
5797 0.135535 0.044422
4179 0.135462 0.044422
10621 0.135437 0.044422
1022 0.135436 0.044422
7027 0.135414 0.044422
6670 0.135368 0.044422
5542 0.135361 0.044422
60673 0.135358 0.044422
3202 0.135312 0.044422
6909 0.135273 0.044422
8935 0.135270 0.044422
172 0.135119 0.044422
6898 0.135119 0.044422
84458 0.135114 0.044422
3726 0.135015 0.044422
3066 0.134866 0.044422
84131 0.134738 0.044422
84614 0.134738 0.044422
1628 0.134735 0.044422
64210 0.134706 0.044422
11119 0.134694 0.044422
100131439 0.134694 0.044422
79908 0.134694 0.044422
27181 0.134694 0.044422
11009 0.134600 0.044422
100124700 0.134593 0.044422
5430 0.134551 0.044422
8877 0.134506 0.044422
9070 0.134463 0.044422
368 0.134413 0.044422
5440 0.134365 0.044422
2113 0.134305 0.044422
28992 0.134304 0.044422
6773 0.134296 0.044422
5294 0.134251 0.044422
28973 0.134216 0.044422
94240 0.134113 0.044422
374395 0.134067 0.044422
51427 0.133997 0.044422
80010 0.133965 0.044422
11128 0.133895 0.044422
2626 0.133879 0.044422
6284 0.133826 0.044422
4772 0.133780 0.044422
23258 0.133727 0.044422
4211 0.133715 0.044422
3229 0.133701 0.044422
23585 0.133685 0.044422
5978 0.133622 0.044422
23060 0.133619 0.044422
84105 0.133504 0.044422
6604 0.133483 0.044422
23522 0.133398 0.044422
7341 0.133375 0.044422
1385 0.133332 0.044422
29122 0.133305 0.044422
914 0.133207 0.044422
2625 0.133140 0.044422
26228 0.133061 0.044422
404672 0.133043 0.044422
8242 0.132915 0.044422
4602 0.132902 0.044422
6097 0.132897 0.044422
7136 0.132785 0.044422
7849 0.132783 0.044422
4060 0.132719 0.044422
4752 0.132718 0.044422
4600 0.132689 0.044422
2968 0.132638 0.044422
2752 0.132636 0.044422
2958 0.132625 0.044422
10987 0.132616 0.044422
6617 0.132574 0.044422
6047 0.132562 0.044422
7157 0.132544 0.044422
55663 0.132543 0.044422
53339 0.132505 0.044422
6910 0.132500 0.044422
6594 0.132427 0.044422
9971 0.132324 0.044422
60488 0.132202 0.044422
10401 0.132179 0.044422
83461 0.132162 0.044422
5433 0.132068 0.044422
5338 0.132006 0.044422
5438 0.131995 0.044422
51720 0.131970 0.044422
23543 0.131952 0.044422
9443 0.131941 0.044422
5439 0.131930 0.044422
64802 0.131915 0.044422
9541 0.131905 0.044422
4134 0.131863 0.044422
3598 0.131848 0.044422
8913 0.131836 0.044422
8805 0.131797 0.044422
8216 0.131708 0.044422
2967 0.131675 0.044422
10138 0.131529 0.044422
10730 0.131464 0.044422
547 0.131462 0.044422
55174 0.131400 0.044422
26053 0.131355 0.044422
55160 0.131348 0.044422
23532 0.131342 0.044422
57504 0.131297 0.044422
9670 0.131284 0.044422
1499 0.131252 0.044422
1514 0.131221 0.044422
10325 0.131158 0.044422
6461 0.131148 0.044422
26873 0.131146 0.044422
79365 0.131145 0.044422
5295 0.131049 0.044422
10614 0.131040 0.044422
728340 0.130994 0.044422
2966 0.130994 0.044422
730394 0.130994 0.044422
23338 0.130969 0.044422
2736 0.130955 0.044422
6004 0.130923 0.044422
11091 0.130902 0.044422
8575 0.130864 0.044422
5592 0.130811 0.044422
5432 0.130776 0.044422
154214 0.130751 0.044422
1386 0.130744 0.044422
58480 0.130739 0.044422
3683 0.130732 0.044422
22899 0.130715 0.044422
6721 0.130710 0.044422
57117 0.130681 0.044422
51008 0.130665 0.044422
6517 0.130612 0.044422
892 0.130590 0.044422
10538 0.130588 0.044422
5817 0.130584 0.044422
8850 0.130537 0.044422
221143 0.130531 0.044422
54531 0.130531 0.044422
80237 0.130508 0.044422
57337 0.130393 0.044422
4790 0.130385 0.044422
405 0.130379 0.044422
10240 0.130360 0.044422
1869 0.130355 0.044422
84528 0.130342 0.044422
23741 0.130330 0.044422
10044 0.130327 0.044422
2549 0.130284 0.044422
4668 0.130275 0.044422
6693 0.130249 0.044422
101929889 0.130249 0.044422
84962 0.130189 0.044422
26173 0.130124 0.044422
3516 0.130076 0.044422
6907 0.130039 0.044422
3552 0.129989 0.0777409
51523 0.129949 0.0777409
10474 0.129945 0.0777409
8463 0.129942 0.0777409
3235 0.129935 0.0777409
57178 0.129893 0.0777409
5308 0.129864 0.0777409
63925 0.129863 0.0777409
4197 0.129842 0.0777409
860 0.129818 0.0777409
7469 0.129763 0.0777409
434 0.129742 0.0777409
11177 0.129635 0.0777409
57459 0.129630 0.0777409
6996 0.129600 0.0777409
8497 0.129584 0.0777409
57470 0.129561 0.0777409
54815 0.129528 0.0777409
10014 0.129519 0.0777409
7224 0.129515 0.0777409
5132 0.129459 0.0777409
1033 0.129402 0.0777409
3727 0.129396 0.0777409
26470 0.129348 0.0777409
4149 0.129347 0.0777409
79400 0.129337 0.0777409
128553 0.129337 0.0777409
25950 0.129337 0.0777409
3091 0.129319 0.0777409
26512 0.129263 0.0777409
2353 0.129262 0.0777409
84640 0.129202 0.0777409
259282 0.129202 0.0777409
6954 0.129202 0.0777409
676 0.129202 0.0777409
5970 0.129156 0.0777409
2961 0.129138 0.0777409
1746 0.129110 0.0777409
55888 0.129056 0.0777409
2648 0.129035 0.0777409
902 0.128995 0.0777409
2122 0.128916 0.0777409
7528 0.128884 0.0777409
29931 0.128870 0.0777409
116071 0.128868 0.0777409
23041 0.128866 0.0777409
22938 0.128829 0.0777409
57621 0.128811 0.0777409
2934 0.128779 0.0777409
23309 0.128770 0.0777409
151987 0.128735 0.0777409
2186 0.128710 0.0777409
80760 0.128661 0.0777409
65260 0.128650 0.0777409
2313 0.128628 0.0777409
102724428 0.128627 0.0777409
150094 0.128627 0.0777409
7757 0.128622 0.0777409
55300 0.128617 0.0777409
5698 0.128614 0.0777409
1875 0.128567 0.0777409
1044 0.128546 0.0777409
1032 0.128542 0.0777409
83394 0.128473 0.0777409
10270 0.128393 0.0777409
55250 0.128384 0.0777409
4297 0.128373 0.0777409
5600 0.128350 0.0777409
54514 0.128293 0.0777409
2959 0.128234 0.0777409
64240 0.128205 0.0777409
25818 0.128178 0.0777409
50848 0.128162 0.0777409
10336 0.128115 0.0777409
6900 0.128107 0.0777409
2928 0.128086 0.0777409
5361 0.128084 0.0777409
7494 0.128042 0.0777409
2963 0.128007 0.0777409
10302 0.127996 0.0777409
2071 0.127962 0.0777409
6915 0.127962 0.0777409
162989 0.127960 0.0777409
5082 0.127950 0.0777409
80854 0.127942 0.0777409
3090 0.127938 0.0777409
9110 0.127925 0.0777409
6595 0.127925 0.0777409
26013 0.127922 0.0777409
354 0.127892 0.0777409
29109 0.127860 0.0777409
168391 0.127841 0.0777409
49 0.127841 0.0777409
6015 0.127834 0.0777409
2770 0.127829 0.0777409
5588 0.127819 0.0777409
604 0.127802 0.0777409
2016 0.127745 0.0777409
1025 0.127704 0.0777409
23476 0.127646 0.0777409
9063 0.127637 0.0777409
10114 0.127597 0.0777409
356 0.127533 0.0777409
2623 0.127523 0.0777409
8581 0.127513 0.0777409
80306 0.127513 0.0777409
3280 0.127508 0.0777409
23780 0.127500 0.0777409
23414 0.127455 0.0777409
4088 0.127442 0.0777409
2962 0.127441 0.0777409
858 0.127421 0.0777409
7827 0.127414 0.0777409
4778 0.127392 0.0777409
8110 0.127364 0.0777409
92304 0.127351 0.0777409
2068 0.127308 0.0777409
157285 0.127307 0.0777409
50807 0.127290 0.0777409
5316 0.127287 0.0777409
6272 0.127236 0.0777409
7291 0.127234 0.0777409
56946 0.127175 0.0777409
57409 0.127121 0.0777409
896 0.127054 0.0777409
5594 0.127026 0.0777409
23429 0.127025 0.0777409
122953 0.127008 0.0777409
55671 0.127003 0.0777409
3708 0.126995 0.0777409
2114 0.126994 0.0777409
10238 0.126975 0.0777409
10221 0.126966 0.0777409
56950 0.126945 0.0777409
5441 0.126941 0.0777409
6830 0.126914 0.0777409
4613 0.126909 0.0777409
1874 0.126903 0.0777409
3815 0.126886 0.0777409
64432 0.126874 0.0777409
284366 0.126864 0.0777409
27253 0.126856 0.0777409
10973 0.126825 0.0777409
640 0.126822 0.0777409
919 0.126799 0.0777409
863 0.126756 0.0777409
861 0.126734 0.0777409
9404 0.126688 0.0777409
1789 0.126636 0.0777409
8928 0.126616 0.0777409
8092 0.126587 0.0777409
1571 0.126586 0.0777409
51176 0.126584 0.0777409
343035 0.126576 0.0777409
29760 0.126567 0.0777409
5874 0.126555 0.0777409
7088 0.126538 0.0777409
10042 0.126481 0.0777409
1786 0.126464 0.0777409
6000 0.126463 0.0777409
1021 0.126443 0.0777409
5080 0.126443 0.0777409
4776 0.126436 0.0777409
2119 0.126420 0.0777409
25942 0.126355 0.0777409
79177 0.126288 0.0777409
8797 0.126279 0.0777409
3551 0.126242 0.0777409
3439 0.126225 0.0777409
3447 0.126225 0.0777409
3442 0.126225 0.0777409
5925 0.126201 0.0777409
793 0.126175 0.0777409
2624 0.126175 0.0777409
27161 0.126135 0.0777409
7535 0.126135 0.0777409
1108 0.126107 0.0777409
9083 0.126100 0.0777409
442868 0.126100 0.0777409
442867 0.126100 0.0777409
4233 0.126094 0.0777409
4101 0.126080 0.0777409
266740 0.126080 0.0777409
2918 0.126075 0.0777409
5934 0.126050 0.0777409
5325 0.126018 0.0777409
6886 0.125983 0.0777409
3897 0.125983 0.0777409
221409 0.125956 0.0777409
10451 0.125932 0.0777409
51251 0.125919 0.0777409
6850 0.125910 0.0777409
51497 0.125898 0.0777409
112939 0.125857 0.0777409
3327 0.125805 0.0777409
51129 0.125801 0.0777409
23411 0.125780 0.0777409
2115 0.125766 0.0777409
9658 0.125753 0.0777409
153090 0.125745 0.0777409
3364 0.125727 0.0777409
116985 0.125640 0.0777409
9150 0.125592 0.0777409
6613 0.125588 0.0777409
7464 0.125510 0.0777409
558 0.125504 0.0777409
23035 0.125446 0.0777409
4193 0.125432 0.0777409
974 0.125430 0.0777409
1469 0.125430 0.0777409
4477 0.125430 0.0777409
55194 0.125430 0.0777409
57228 0.125430 0.0777409
134288 0.125430 0.0777409
7380 0.125430 0.0777409
83596 0.125430 0.0777409
114904 0.125430 0.0777409
1296 0.125430 0.0777409
55636 0.125429 0.0777409
6599 0.125419 0.0777409
10456 0.125388 0.0777409
4848 0.125332 0.0777409
6917 0.125319 0.0777409
286827 0.125305 0.0777409
51701 0.125305 0.0777409
2960 0.125290 0.0777409
157638 0.125275 0.0777409
1459 0.125258 0.0777409
6598 0.125242 0.0777409
1523 0.125242 0.0777409
7750 0.125238 0.0777409
55662 0.125215 0.0777409
5578 0.125193 0.0777409
4066 0.125176 0.0777409
28996 0.125150 0.0777409
473 0.125131 0.0777409
84661 0.125115 0.0777409
80124 0.125098 0.0777409
1831 0.125093 0.0777409
51440 0.125089 0.0777409
785 0.125061 0.0777409
91612 0.125026 0.0777409
5598 0.125020 0.0777409
54069 0.125020 0.0777409
3054 0.124993 0.0777409
353376 0.124973 0.0777409
100302736 0.124973 0.0777409
51014 0.124973 0.0777409
9031 0.124947 0.0777409
9274 0.124911 0.0777409
5450 0.124908 0.0777409
55534 0.124907 0.0777409
966 0.124906 0.0777409
5888 0.124897 0.0777409
8289 0.124892 0.0777409
5636 0.124876 0.0777409
2537 0.124871 0.0777409
57326 0.124854 0.0777409
9639 0.124834 0.0777409
7153 0.124829 0.0777409
4298 0.124790 0.0777409
546 0.124777 0.0777409
10771 0.124768 0.0777409
11184 0.124743 0.0777409
84108 0.124741 0.0777409
4145 0.124711 0.0777409
54994 0.124706 0.0777409
868 0.124701 0.0777409
1796 0.124694 0.0777409
4916 0.124689 0.0777409
221937 0.124680 0.0777409
7069 0.124678 0.0777409
85409 0.124674 0.0777409
108 0.124669 0.0777409
7775 0.124656 0.0777409
5436 0.124650 0.0777409
8517 0.124648 0.0777409
79753 0.124578 0.0777409
51588 0.124545 0.0777409
9994 0.124529 0.0777409
4102 0.124518 0.0777409
1054 0.124496 0.0777409
57508 0.124494 0.0777409
7392 0.124486 0.0777409
8467 0.124475 0.0777409
58513 0.124442 0.0777409
5803 0.124426 0.0777409
5971 0.124417 0.0777409
6498 0.124376 0.0777409
10498 0.124376 0.0777409
155465 0.124326 0.0777409
8290 0.124293 0.0777409
57684 0.124271 0.0777409
54206 0.124226 0.0777409
23064 0.124197 0.0777409
1909 0.124155 0.0777409
29089 0.124127 0.0777409
835 0.124125 0.0777409
672 0.124079 0.0777409
9757 0.124031 0.0777409
55872 0.124014 0.0777409
57634 0.124008 0.0777409
1102 0.124005 0.0777409
842 0.124002 0.0777409
55704 0.123993 0.0777409
55580 0.123993 0.0777409
339448 0.123975 0.0777409
3385 0.123944 0.0777409
57680 0.123934 0.0777409
84301 0.123932 0.0777409
6447 0.123919 0.0777409
51058 0.123885 0.0777409
10660 0.123880 0.0777409
23151 0.123880 0.0777409
23325 0.123876 0.0777409
54880 0.123855 0.0777409
6929 0.123822 0.0777409
5521 0.123795 0.0777409
2932 0.123756 0.0777409
5580 0.123755 0.0777409
4924 0.123754 0.0777409
23358 0.123731 0.0777409
8314 0.123718 0.0777409
1457 0.123705 0.0777409
4087 0.123704 0.0777409
23077 0.123670 0.0777409
9149 0.123665 0.0777409
7155 0.123656 0.0777409
4286 0.123653 0.0777409
9330 0.123634 0.0777409
1107 0.123627 0.0777409
7936 0.123623 0.0777409
3399 0.123490 0.0777409
29947 0.123488 0.0777409
4660 0.123479 0.0777409
5883 0.123462 0.0777409
10165 0.123417 0.0777409
9139 0.123406 0.0777409
23635 0.123382 0.0777409
4538 0.123381 0.0777409
10346 0.123336 0.0777409
6774 0.123320 0.0777409
9577 0.123314 0.0777409
5933 0.123271 0.0777409
84951 0.123233 0.0777409
9021 0.123231 0.0777409
2672 0.123224 0.0777409
2580 0.123219 0.0777409
84174 0.123217 0.0777409
9112 0.123176 0.0777409
58508 0.123156 0.0777409
174 0.123152 0.0777409
25885 0.123150 0.0777409
7629 0.123145 0.0777409
126382 0.123140 0.0777409
1901 0.123097 0.0777409
10658 0.123047 0.0777409
4791 0.123043 0.0777409
55837 0.123041 0.0777409
7709 0.123025 0.0777409
5328 0.123021 0.0777409
6760 0.122981 0.0777409
213 0.122958 0.0777409
23133 0.122916 0.0777409
86 0.122875 0.0777409
6601 0.122855 0.0777409
605 0.122835 0.0777409
5927 0.122827 0.0777409
4067 0.122821 0.0777409
7703 0.122801 0.0777409
7517 0.122797 0.0777409
57605 0.122793 0.0777409
2874 0.122738 0.0777409
7468 0.122729 0.0777409
7696 0.122717 0.0777409
83955 0.122693 0.0777409
5581 0.122676 0.0777409
643535 0.122663 0.0777409
79729 0.122663 0.0777409
131566 0.122663 0.0777409
152189 0.122663 0.0777409
23007 0.122663 0.0777409
1299 0.122663 0.0777409
79695 0.122651 0.0777409
7110 0.122623 0.0777409
5604 0.122605 0.0777409
328 0.122544 0.0777409
638 0.122524 0.0777409
5208 0.122501 0.0777409
6772 0.122492 0.0777409
7410 0.122492 0.0777409
355 0.122432 0.0777409
449003 0.122426 0.0777409
126961 0.122426 0.0777409
333932 0.122426 0.0777409
653604 0.122426 0.0777409
5928 0.122413 0.0777409
3973 0.122405 0.0777409
3142 0.122393 0.0777409
9047 0.122382 0.0777409
148022 0.122341 0.0777409
10581 0.122337 0.0777409
1147 0.122308 0.0777409
79813 0.122278 0.0777409
6502 0.122265 0.0777409
2771 0.122259 0.0777409
29993 0.122255 0.0777409
4803 0.122215 0.0777409
79056 0.122204 0.0777409
7391 0.122188 0.0777409
8607 0.122176 0.0777409
1460 0.122163 0.0777409
4089 0.122136 0.0777409
56897 0.122117 0.0777409
51147 0.122109 0.0777409
26009 0.122094 0.0777409
1500 0.122093 0.0777409
2065 0.122078 0.0777409
7572 0.122065 0.0777409
55628 0.122058 0.0777409
147923 0.122047 0.0777409
7409 0.122034 0.0777409
2534 0.122020 0.0777409
9656 0.122008 0.0777409
1013 0.121992 0.0777409
2185 0.121964 0.0777409
4654 0.121953 0.0777409
10210 0.121948 0.0777409
27330 0.121926 0.0777409
2957 0.121925 0.0777409
60385 0.121892 0.0777409
26040 0.121872 0.0777409
85439 0.121872 0.0777409
84333 0.121870 0.0777409
23229 0.121858 0.0777409
6478 0.121847 0.0777409
196528 0.121792 0.0777409
5079 0.121789 0.0777409
4609 0.121787 0.0777409
6602 0.121771 0.0777409
4881 0.121753 0.0777409
6299 0.121753 0.0777409
53358 0.121704 0.0777409
7090 0.121681 0.0777409
4255 0.121662 0.0777409
55603 0.121658 0.0777409
114884 0.121626 0.0777409
5947 0.121626 0.0777409
2064 0.121625 0.0777409
64838 0.121601 0.0777409
53615 0.121585 0.0777409
51479 0.121578 0.0777409
9475 0.121561 0.0777409
695 0.121534 0.0777409
1579 0.121530 0.0777409
140850 0.121518 0.0777409
50861 0.121497 0.0777409
1995 0.121493 0.0777409
1316 0.121488 0.0777409
921 0.121472 0.0777409
6895 0.121465 0.0777409
23421 0.121432 0.0777409
10450 0.121423 0.0777409
1019 0.121405 0.0777409
8726 0.121393 0.0777409
8720 0.121387 0.0777409
91607 0.121384 0.0777409
4068 0.121364 0.0777409
3007 0.121343 0.0777409
5957 0.121320 0.0777409
5921 0.121317 0.0777409
63826 0.121315 0.0777409
91608 0.121262 0.0777409
10682 0.121248 0.0777409
25 0.121248 0.0777409
23569 0.121239 0.0777409
2120 0.121214 0.0777409
124801 0.121206 0.0777409
23148 0.121200 0.0777409
2242 0.121197 0.0777409
7161 0.121190 0.0777409
80139 0.121177 0.0777409
55734 0.121153 0.0777409
5329 0.121104 0.0777409
10657 0.121098 0.0777409
10923 0.121088 0.0777409
6654 0.121088 0.0777409
5893 0.121086 0.0777409
3263 0.121084 0.0777409
5599 0.121075 0.0777409
3832 0.121058 0.0777409
3077 0.121051 0.0777409
3661 0.121040 0.0777409
7994 0.121027 0.0777409
9967 0.121018 0.0777409
1958 0.120972 0.0777409
8930 0.120958 0.0777409
2189 0.120906 0.0777409
8837 0.120898 0.0777409
3667 0.120888 0.0777409
57026 0.120885 0.0777409
5931 0.120885 0.0777409
27040 0.120871 0.0777409
983 0.120852 0.0777409
93100 0.120833 0.0777409
60529 0.120811 0.0777409
6829 0.120782 0.0777409
9322 0.120768 0.0777409
7316 0.120763 0.0777409
9600 0.120753 0.0777409
8436 0.120740 0.0777409
6882 0.120711 0.0777409
80095 0.120702 0.0777409
573 0.120678 0.0777409
9604 0.120671 0.0777409
9644 0.120665 0.0777409
6233 0.120658 0.0777409
79595 0.120641 0.0777409
675 0.120622 0.0777409
9759 0.120603 0.0777409
3710 0.120603 0.0777409
11335 0.120557 0.0777409
9400 0.120541 0.0777409
1052 0.120534 0.0777409
64241 0.120508 0.0777409
7704 0.120480 0.0777409
8915 0.120419 0.0777409
3105 0.120402 0.0777409
1525 0.120387 0.0777409
3175 0.120368 0.0777409
9846 0.120339 0.0777409
51564 0.120339 0.0777409
252884 0.120318 0.0777409
219931 0.120311 0.0777409
53373 0.120311 0.0777409
26036 0.120311 0.0777409
1445 0.120273 0.0777409
10419 0.120268 0.0777409
4086 0.120259 0.0777409
867 0.120187 0.0777409
1017 0.120184 0.0777409
84186 0.120179 0.0777409
391257 0.120160 0.0777409
5207 0.120154 0.0777409
387893 0.120141 0.0777409
595 0.120136 0.0777409
23186 0.120125 0.0777409
23162 0.120120 0.0777409
8900 0.120107 0.0777409
106821730 0.120087 0.0777409
3075 0.120021 0.0777409
6615 0.120021 0.0777409
84172 0.119987 0.1906519
139562 0.119984 0.1906519
253980 0.119959 0.1906519
57496 0.119951 0.1906519
9533 0.119943 0.1906519
6612 0.119887 0.1906519
4125 0.119877 0.1906519
3937 0.119876 0.1906519
468 0.119865 0.1906519
79083 0.119856 0.1906519
84958 0.119856 0.1906519
117854 0.119834 0.1906519
25970 0.119814 0.1906519
3741 0.119799 0.1906519
64965 0.119781 0.1906519
4204 0.119773 0.1906519
23648 0.119766 0.1906519
27242 0.119761 0.1906519
26039 0.119755 0.1906519
2273 0.119735 0.1906519
4605 0.119731 0.1906519
25920 0.119723 0.1906519
79084 0.119719 0.1906519
7267 0.119706 0.1906519
2901 0.119691 0.1906519
374650 0.119682 0.1906519
27122 0.119679 0.1906519
142 0.119670 0.1906519
3607 0.119668 0.1906519
4919 0.119657 0.1906519
9796 0.119653 0.1906519
6442 0.119650 0.1906519
7874 0.119639 0.1906519
2274 0.119628 0.1906519
472 0.119606 0.1906519
25759 0.119595 0.1906519
204851 0.119585 0.1906519
2123 0.119584 0.1906519
28957 0.119568 0.1906519
1634 0.119504 0.1906519
9682 0.119501 0.1906519
3663 0.119498 0.1906519
81873 0.119498 0.1906519
9261 0.119495 0.1906519
22794 0.119476 0.1906519
83417 0.119471 0.1906519
56924 0.119469 0.1906519
11215 0.119437 0.1906519
23013 0.119429 0.1906519
201254 0.119422 0.1906519
10519 0.119396 0.1906519
4208 0.119371 0.1906519
3276 0.119357 0.1906519
10691 0.119347 0.1906519
2060 0.119345 0.1906519
5335 0.119335 0.1906519
6872 0.119322 0.1906519
6464 0.119321 0.1906519
79155 0.119306 0.1906519
51608 0.119303 0.1906519
1945 0.119300 0.1906519
54897 0.119299 0.1906519
961 0.119281 0.1906519
149233 0.119266 0.1906519
2787 0.119261 0.1906519
2019 0.119241 0.1906519
9185 0.119232 0.1906519
54934 0.119200 0.1906519
3800 0.119191 0.1906519
5867 0.119189 0.1906519
8106 0.119183 0.1906519
51021 0.119178 0.1906519
3064 0.119172 0.1906519
26191 0.119172 0.1906519
90135 0.119155 0.1906519
320 0.119152 0.1906519
9975 0.119144 0.1906519
25924 0.119137 0.1906519
554313 0.119107 0.1906519
8359 0.119107 0.1906519
8370 0.119107 0.1906519
8294 0.119107 0.1906519
8361 0.119107 0.1906519
8360 0.119107 0.1906519
8363 0.119107 0.1906519
8362 0.119107 0.1906519
8365 0.119107 0.1906519
8364 0.119107 0.1906519
8367 0.119107 0.1906519
8366 0.119107 0.1906519
8368 0.119107 0.1906519
121504 0.119107 0.1906519
55002 0.119071 0.1906519
51592 0.119067 0.1906519
57492 0.119051 0.1906519
23020 0.119039 0.1906519
6881 0.119038 0.1906519
1432 0.119007 0.1906519
5747 0.118997 0.1906519
51366 0.118994 0.1906519
2885 0.118987 0.1906519
9546 0.118985 0.1906519
6603 0.118983 0.1906519
23528 0.118982 0.1906519
274 0.118949 0.1906519
26010 0.118943 0.1906519
23650 0.118936 0.1906519
4599 0.118914 0.1906519
10916 0.118910 0.1906519
10023 0.118875 0.1906519
22926 0.118815 0.1906519
9590 0.118808 0.1906519
10168 0.118786 0.1906519
10971 0.118777 0.1906519
26035 0.118770 0.1906519
9564 0.118763 0.1906519
64866 0.118754 0.1906519
9306 0.118750 0.1906519
55363 0.118748 0.1906519
8764 0.118743 0.1906519
1763 0.118725 0.1906519
79726 0.118725 0.1906519
2354 0.118725 0.1906519
57047 0.118725 0.1906519
54988 0.118725 0.1906519
317772 0.118725 0.1906519
3699 0.118725 0.1906519
163732 0.118725 0.1906519
5119 0.118722 0.1906519
23492 0.118721 0.1906519
1655 0.118710 0.1906519
5923 0.118708 0.1906519
6768 0.118707 0.1906519
1326 0.118704 0.1906519
4804 0.118703 0.1906519
923 0.118694 0.1906519
9252 0.118683 0.1906519
3791 0.118669 0.1906519
5531 0.118662 0.1906519
