100289635	0.118818	5599
10294	0.556820	3320
10294	0.126180	1639
10294	0.131532	3312
10294	0.135840	3326
10294	0.131613	3308
6721	0.551161	836
6721	0.129866	5594
6721	0.133825	7157
6721	0.127731	10987
6721	0.129753	6667
6721	0.134819	5595
6721	0.128966	1387
6721	0.126574	6711
83937	0.108626	6789
83937	0.108749	6788
83937	0.104650	60485
83937	0.081062	283349
10454	0.133555	4214
10454	0.135883	26073
10454	0.549672	1432
10454	0.111699	11248
10454	0.130134	2058
10454	0.139266	839
10454	0.132040	331
10454	0.106950	80150
10454	0.139314	5600
10454	0.141750	8550
10454	0.140200	1956
10454	0.134061	7871
10454	0.133263	9978
10454	0.144373	51451
10454	0.136852	6885
10454	0.125423	1912
10454	0.130449	10015
10454	0.130905	5516
4783	0.091306	10538
4783	0.138895	4097
4783	0.147827	23764
4783	0.131592	1649
9770	0.136330	6789
9770	0.136453	6788
9770	0.108765	283349
9770	0.552221	10013
9770	0.139159	57448
4780	0.587797	8507
4780	0.593916	571
4780	0.578786	196
4780	0.578855	9451
4780	0.561944	7138
4780	0.570864	11243
4780	0.563323	7341
4780	0.657249	7975
4780	0.606100	6942
4780	0.987050	836
4780	0.566689	8945
4780	0.592492	5583
4780	0.571020	5580
4780	0.992680	9817
4780	0.576778	5588
4780	0.564056	10488
4780	0.564157	8805
4780	0.565780	51322
4780	0.612270	9603
4780	0.570864	100527963
4780	0.570350	468
4780	0.563137	10155
4780	0.600413	23764
4780	0.569920	2932
4780	0.563605	3839
4780	0.563485	6613
4780	0.572964	5582
4780	0.578523	4778
4780	0.583963	834
4780	0.569986	5578
4780	0.568079	8878
4780	0.562742	7311
4780	0.558949	27316
4780	0.566786	84181
4780	0.565597	5914
4780	0.564855	1387
4780	0.591480	4097
4780	0.563400	6233
55291	0.558013	3320
55291	0.137034	3326
55291	0.131111	6790
55291	0.133910	11140
4149	0.546605	1432
4149	0.126541	10987
4149	0.128562	6667
4149	0.131414	2033
4149	0.124782	3065
4149	0.125595	6045
3551	0.141296	1147
3551	0.140273	4214
3551	0.563098	3320
3551	0.142118	3326
3551	0.147379	3725
3551	0.140751	6093
3551	0.139393	8945
3551	0.113689	79004
3551	0.143724	5580
3551	0.148435	5581
3551	0.142418	7157
3551	0.565384	9817
3551	0.136883	7248
3551	0.140076	2175
3551	0.139422	8517
3551	0.148005	207
3551	0.138229	8202
3551	0.143568	6885
3551	0.141867	1499
3551	0.139055	6714
3551	0.146364	9641
3551	0.156170	9020
3551	0.134917	5591
3551	0.143833	5970
3551	0.136196	6790
3551	0.138995	11140
3551	0.142690	5578
3551	0.136325	10987
3551	0.113187	29108
3551	0.141734	1452
3551	0.137559	1387
3551	0.131659	7185
8805	0.129331	8361
8805	0.129331	8360
8805	0.129331	8363
8805	0.129331	8362
8805	0.129331	8365
8805	0.129331	8364
8805	0.129331	8367
8805	0.129331	8366
8805	0.129331	8368
8805	0.129331	8294
8805	0.126020	3065
8805	0.129433	2099
8805	0.133871	7157
8805	0.134508	468
8805	0.129331	8370
8805	0.127294	10155
8805	0.129331	8359
8805	0.129331	554313
8805	0.129331	121504
8805	0.127638	3315
8805	0.125460	2316
5829	0.131159	5594
5829	0.133468	5599
5829	0.129690	998
5829	0.131618	10376
5829	0.130886	5781
5829	0.549602	10013
5829	0.134002	2017
5829	0.132506	10487
4141	0.128766	9255
4141	0.129424	2058
4141	0.130667	1615
4141	0.555671	3320
4141	0.127221	7138
4141	0.127597	3735
4141	0.135996	8411
4141	0.128057	5859
3856	0.126733	8517
3856	0.543701	1432
3856	0.125771	5594
407977	0.126911	1649
3998	0.124736	7284
3998	0.125614	5034
3998	0.552625	3320
3998	0.126133	498
3998	0.125450	821
3998	0.124533	7385
80339	0.117258	208
54915	0.114817	1639
54915	0.116745	80076
54915	0.521490	1728
54915	0.116745	9662
9935	0.119625	3661
9935	0.117547	468
9935	0.088586	4094
9935	0.141113	571
9935	0.108634	2353
9935	0.091443	51201
64770	0.121098	29079
64770	0.121913	5108
64770	0.544535	1432
64770	0.122532	9662
64770	0.122532	80076
10205	0.086212	196264
10205	0.115239	468
5465	0.559323	3320
5465	0.135281	6714
5465	0.137424	2033
5465	0.138893	596
3336	0.130463	847
3336	0.139966	5609
3336	0.133361	3326
3336	0.126483	7295
3336	0.128430	159
3336	0.132379	6788
3336	0.554341	3320
3336	0.129135	3308
3336	0.132252	3329
3336	0.125692	9948
3336	0.123489	1915
3336	0.130580	10598
3336	0.120534	2805
5467	0.557291	3320
5467	0.135392	2033
6091	0.163087	9353
6091	0.586452	1432
1499	0.137755	1147
1499	0.147948	196
1499	0.134017	1387
1499	0.135836	5601
1499	0.556212	836
1499	0.137657	2033
1499	0.135827	367
1499	0.136439	9978
1499	0.144463	207
1499	0.135852	8945
1499	0.134892	999
1499	0.139082	2932
1499	0.553362	10013
1499	0.142127	5582
1499	0.135514	6714
1499	0.132147	8850
1499	0.137228	5599
1499	0.134082	1410
1499	0.140291	5970
1499	0.138992	2064
1499	0.132563	6233
6093	0.138168	840
6093	0.555096	836
6093	0.136712	89870
55905	0.130167	7324
55905	0.134753	4214
55905	0.128556	1026
55905	0.137893	5595
55905	0.129850	7321
55905	0.130474	7323
55905	0.130159	7328
55905	0.557578	3320
55905	0.129925	648
55905	0.130665	3315
55905	0.129925	100532731
10197	0.123148	506
10197	0.124382	1387
10197	0.546577	836
25851	0.133045	9474
6790	0.130209	8517
6790	0.130181	8945
6790	0.138792	207
6790	0.131862	51053
6790	0.126364	5501
6790	0.129573	4830
6790	0.132333	4193
6790	0.132505	332
6790	0.132212	7867
6790	0.127370	8290
6790	0.122578	6732
6790	0.137705	1956
6790	0.547691	10013
6790	0.128410	5516
6790	0.124991	1938
6790	0.133205	7157
6790	0.132084	1147
2316	0.132756	4215
2316	0.123516	5591
2316	0.544987	1432
2316	0.131289	5578
2316	0.127928	5058
2316	0.130716	3326
2316	0.127967	367
2316	0.125963	6840
2316	0.124521	821
2316	0.127654	6714
1060	0.134007	9656
1060	0.554322	1432
5914	0.127977	7704
5914	0.131352	5594
5914	0.140897	207
5914	0.135943	26548
5914	0.131344	2908
5914	0.131121	8202
5914	0.131239	6667
5914	0.134439	4193
5914	0.128920	7341
5914	0.131948	6714
5914	0.128580	8850
5914	0.130872	2099
292	0.126057	6125
292	0.132074	3329
292	0.119401	93144
292	0.124928	6194
292	0.117326	6223
292	0.126436	6147
292	0.554162	3320
292	0.126283	6210
292	0.127669	498
292	0.126274	6129
292	0.126801	6189
5859	0.128169	1615
5859	0.132700	2932
5859	0.126926	2058
5859	0.126269	9255
5859	0.553173	3320
5859	0.125603	3178
5859	0.124151	1026
5859	0.125447	6147
5859	0.128030	1019
5859	0.131211	6788
5859	0.119773	166
5859	0.126138	7280
5859	0.125100	3735
27178	0.103035	837
27178	0.135888	834
57119	0.116167	1191
57119	0.096822	4057
597	0.088895	27113
597	0.087482	5366
597	0.113448	581
597	0.114220	572
597	0.111273	637
597	0.082962	10018
597	0.087284	8739
596	0.133300	23770
596	0.141473	572
596	0.135918	3164
596	0.120344	57099
596	0.557013	836
596	0.146083	835
596	0.139676	7157
596	0.140701	581
596	0.115740	399664
596	0.114537	8739
596	0.135686	8678
596	0.138526	637
596	0.111277	55600
596	0.110215	10018
596	0.114735	5366
596	0.137605	120892
596	0.138605	5481
596	0.116148	27113
596	0.141222	4170
596	0.135718	5594
596	0.139649	841
596	0.138028	5599
596	0.110691	22861
596	0.142840	2048
596	0.110833	83985
388323	0.110012	10549
196	0.569179	3320
196	0.147894	5925
196	0.147280	2033
196	0.145137	6714
64689	0.556286	836
116071	0.083714	1050
116071	0.142427	23764
116071	0.084517	1054
116071	0.112364	468
116071	0.090431	1628
116071	0.126192	1649
116071	0.116689	3725
116071	0.113143	5970
2982	0.108801	5599
2982	0.107454	8517
80204	0.558927	10013
80204	0.142004	9978
79728	0.135615	5888
79728	0.136674	5429
79728	0.559046	9817
79728	0.132773	8452
79728	0.140355	23221
79728	0.129767	6233
81628	0.134165	1191
81628	0.120414	166
81628	0.556101	9817
81628	0.131259	4085
81628	0.123820	26003
27306	0.479595	81926
27306	0.501073	4241
27306	0.508394	3101
27306	0.480382	57561
1019	0.106951	1050
1019	0.127631	7704
1019	0.126621	1026
1019	0.131541	11140
1019	0.158139	1852
1019	0.134978	4082
1019	0.126933	80076
1019	0.555644	3320
1019	0.134359	5925
1019	0.130103	5757
1019	0.126933	9662
1019	0.134664	3326
1019	0.128871	506
8739	0.116084	572
8739	0.115833	4170
81620	0.557160	1432
81620	0.139230	5594
81620	0.141846	51053
81620	0.137095	10987
81620	0.141969	2033
81620	0.136459	8850
100532731	0.125121	7704
100532731	0.546426	1432
100532731	0.124423	80076
100532731	0.126619	8290
100532731	0.124423	9662
100532731	0.124603	3065
100532731	0.125416	6045
100532731	0.122177	1912
4215	0.133834	7704
4215	0.142162	5595
4215	0.140046	1147
4215	0.137744	11140
4215	0.139711	4155
4215	0.139533	8878
4215	0.135074	10987
4215	0.146177	6416
4215	0.137507	331
4215	0.147472	5609
4215	0.561847	3320
4215	0.145667	1956
4215	0.149392	5606
4215	0.142319	6885
4215	0.139015	329
4215	0.143182	7531
4215	0.137209	5594
8517	0.107236	114884
8517	0.135309	1147
8517	0.150895	1649
8517	0.119069	727764
8517	0.130436	9531
8517	0.557111	3320
8517	0.128088	1026
8517	0.107236	5947
8517	0.161847	793
8517	0.139996	839
8517	0.149602	55054
8517	0.133263	29110
8517	0.134278	329
8517	0.128601	6829
8517	0.132242	8202
8517	0.140931	1956
8517	0.136637	2932
8517	0.134095	3059
8517	0.126259	1915
8517	0.150184	9020
8517	0.137846	5970
8517	0.133008	11140
8517	0.129397	7316
8517	0.129460	7311
8517	0.131572	1387
8517	0.130118	6233
2768	0.567489	3320
2768	0.142825	999
2768	0.144045	5536
2768	0.148115	5580
2768	0.152827	5581
4210	0.082013	29108
4210	0.125493	834
1410	0.128399	3315
1410	0.551970	836
1410	0.128127	351
9255	0.127256	6139
9255	0.547173	1432
9255	0.131553	5599
9255	0.127635	2058
9255	0.128878	1615
9255	0.127256	100526842
9255	0.126156	6147
9255	0.125808	3735
4193	0.134084	154
4193	0.145235	55249
4193	0.131131	6125
4193	0.132721	8290
4193	0.132213	9656
4193	0.130704	3065
4193	0.132165	7341
4193	0.134117	2099
4193	0.131826	8850
4193	0.555892	836
4193	0.131507	7321
4193	0.144962	835
4193	0.138555	7157
4193	0.137951	5925
4193	0.137337	2033
4193	0.135506	367
4193	0.139192	468
4193	0.144143	207
4193	0.134895	331
4193	0.140429	467
4193	0.138762	2932
4193	0.161879	106821730
4193	0.130213	1026
4193	0.135193	6714
4193	0.128383	1915
4193	0.145394	6173
4193	0.559235	3320
4193	0.139970	5970
4193	0.132003	7314
4193	0.131522	7316
4193	0.131584	7311
4193	0.158829	56924
4193	0.138079	3091
4193	0.133696	1387
4193	0.132060	821
4193	0.132242	6233
7867	0.137314	1630
7867	0.552405	1432
7867	0.109049	5612
7867	0.122382	92241
7867	0.134450	999
7867	0.132325	10980
7867	0.137829	5925
7867	0.142933	1956
7867	0.142047	5600
7867	0.135072	6714
7867	0.128156	1912
7867	0.132200	3315
5778	0.150857	5595
5778	0.563834	1432
5778	0.145904	5594
153090	0.110950	2932
153090	0.116331	207
9948	0.545430	1432
9948	0.124410	7321
9948	0.124280	7295
9948	0.122884	7298
9948	0.127826	4830
9948	0.126226	159
9948	0.120831	6732
9948	0.122937	5019
9948	0.118331	2805
7869	0.146654	106821730
7869	0.143604	56924
1849	0.155616	1915
1849	0.579760	1432
1849	0.161830	5594
7701	0.578403	1432
7701	0.162042	9232
1843	0.157681	5595
1843	0.152728	5594
1843	0.155038	5599
1843	0.153647	5601
1843	0.161648	3725
1843	0.570658	1432
1847	0.121012	5595
1847	0.116059	5594
1846	0.163961	5599
1846	0.162571	5601
1846	0.579581	1432
1846	0.161652	5594
5571	0.558983	9817
5571	0.138031	7531
1844	0.121012	5595
1844	0.116059	5594
641	0.103420	11219
641	0.549705	836
641	0.132369	7157
641	0.124538	6829
641	0.125978	7341
641	0.128708	331
641	0.124355	4292
641	0.126140	6613
641	0.116212	6223
641	0.125323	6147
641	0.131321	89870
641	0.105378	2005
641	0.131905	5888
641	0.125161	6129
641	0.126055	6233
3091	0.135049	2203
3091	0.160718	4097
3091	0.131903	7321
3091	0.134879	6667
3091	0.559631	3320
3091	0.138346	5925
3091	0.132198	1457
3091	0.137732	2033
3091	0.138651	3326
3091	0.135589	6714
3091	0.134092	1387
3091	0.134993	5594
3096	0.132919	5599
3096	0.130968	3304
3096	0.548539	1432
3096	0.130968	3303
23148	0.558630	10013
23148	0.136373	7138
23148	0.140385	3164
648	0.125121	7704
648	0.546426	1432
648	0.124423	80076
648	0.126619	8290
648	0.124423	9662
648	0.124603	3065
648	0.125416	6045
648	0.122177	1912
84275	0.108996	3329
84292	0.555232	9817
84292	0.124234	80076
84292	0.140683	27258
84292	0.123615	5108
84292	0.124234	9662
84292	0.126032	3315
373509	0.591034	3320
373509	0.170054	3326
331	0.168207	317
331	0.129035	7324
331	0.553102	836
331	0.128718	7321
331	0.129341	7323
331	0.129352	8615
331	0.132598	29110
331	0.141353	207
331	0.140286	208
331	0.128875	3178
331	0.133306	27429
331	0.139713	9641
331	0.133376	9232
331	0.140520	843
331	0.143446	842
331	0.135739	841
331	0.136175	840
331	0.128732	7316
331	0.142173	835
331	0.129453	6233
4082	0.560121	3320
4082	0.140614	5590
4082	0.134839	5585
4082	0.132537	6696
332	0.132891	8290
332	0.556063	836
332	0.146406	842
332	0.139135	840
7341	0.125977	2623
7341	0.125704	7704
7341	0.128178	1387
7341	0.133010	841
7341	0.126460	10155
7341	0.133037	7157
7341	0.134910	467
7341	0.139444	835
7341	0.124761	2353
7341	0.132432	5925
7341	0.137999	3725
7341	0.140378	4205
7341	0.129988	367
7341	0.135464	1386
7341	0.129540	3297
7341	0.132573	5888
7341	0.128071	7024
8365	0.128157	8850
8365	0.135881	5595
8365	0.130929	5594
8365	0.130408	5062
8365	0.129879	9252
8365	0.131798	5058
8365	0.133667	2033
8365	0.130697	8202
8365	0.129012	142
8365	0.134281	5925
8365	0.128530	22933
8365	0.130026	5757
8365	0.132248	2186
8365	0.127035	3065
8365	0.549373	10013
8365	0.129240	8841
8365	0.126288	5496
8365	0.130027	1387
8365	0.129051	8290
8365	0.132449	9978
3297	0.134723	9261
3297	0.134113	10273
3297	0.134281	5599
3297	0.142994	5588
3297	0.556609	3320
3297	0.135630	3326
11221	0.154387	5599
11221	0.152996	5601
11221	0.570007	1432
4085	0.560518	9817
4085	0.134590	10537
11219	0.111116	468
8945	0.135281	1147
8945	0.107433	283349
8945	0.130046	22933
8945	0.127804	5496
8945	0.134997	6789
8945	0.135120	6788
8945	0.559369	9817
8945	0.133965	9978
8945	0.140018	994
8945	0.137039	468
8945	0.136609	2932
8945	0.127752	5108
8945	0.145211	4778
8945	0.167928	4779
8945	0.129368	7316
8945	0.136402	7157
8945	0.135719	1452
8945	0.137817	5970
8945	0.130089	6233
51027	0.120242	329
51027	0.147835	51218
51027	0.127625	388962
6430	0.120894	4691
6430	0.124627	5058
6430	0.541686	1432
6430	0.120303	7385
26548	0.560740	3320
26548	0.139760	3326
7266	0.137212	7157
7266	0.137313	261734
7266	0.557892	3320
7266	0.132686	3308
7266	0.136169	10953
7266	0.139180	8569
55154	0.114626	2033
55154	0.123525	842
55157	0.120983	3735
729359	0.111254	841
7272	0.133546	7157
7272	0.123587	1639
7272	0.125515	80076
7272	0.554226	3320
7272	0.124895	5108
7272	0.125515	9662
26973	0.131344	10910
26973	0.126211	8880
26973	0.557171	3320
26973	0.133404	5058
26973	0.133728	5536
26973	0.136192	3326
55270	0.176041	79644
4776	0.151759	5599
4776	0.127600	2626
4776	0.150369	5601
4776	0.567379	1432
4775	0.109019	5599
4775	0.107628	5601
9024	0.116487	995
9024	0.115364	994
9020	0.570516	836
9020	0.152058	1147
9020	0.149757	11140
9020	0.134046	445341
9020	0.573860	3320
9020	0.143008	1915
9020	0.150250	7187
4778	0.190792	9603
4778	0.141506	8850
4778	0.148872	468
4778	0.141058	7295
4778	0.146587	5599
4778	0.143377	1387
4778	0.141923	6233
4779	0.213508	9603
4779	0.201651	23764
4779	0.171588	468
4779	0.593919	9817
4779	0.171158	2932
4779	0.187226	60468
4779	0.192719	4097
4174	0.138425	2289
4174	0.129417	4172
4174	0.135589	10916
4174	0.133945	3326
4174	0.554925	3320
4174	0.131634	10487
4174	0.126994	6711
51237	0.128808	842
51237	0.127535	835
4170	0.139822	637
4170	0.117444	27113
4170	0.116032	5366
4170	0.141997	581
4170	0.140973	7157
4170	0.142769	572
4170	0.133939	7316
4170	0.111511	10018
4170	0.558309	836
4170	0.134659	6233
4172	0.134536	2288
4172	0.138780	2289
4172	0.133815	10724
4172	0.555279	3320
4172	0.127847	1457
4172	0.127796	7170
4172	0.124640	1639
4172	0.128098	7532
4172	0.131989	10487
1628	0.090118	1050
1628	0.090921	1054
1628	0.092309	10538
1628	0.120003	467
1628	0.132595	1649
1628	0.102871	55509
93109	0.111677	2932
55300	0.604692	1432
55300	0.196308	207
10155	0.131643	9261
10155	0.128883	2908
10155	0.132850	7157
10155	0.125816	7316
10155	0.124674	7431
10155	0.124998	3065
10155	0.130390	27429
8837	0.149821	843
8837	0.562403	836
8837	0.134308	7185
8837	0.145039	841
84271	0.521762	1728
8939	0.110892	26528
8939	0.115280	8880
8939	0.120178	60485
8939	0.522273	1728
8832	0.132727	4068
150000	0.109112	3164
2863	0.111677	2932
840	0.141260	57448
840	0.132410	6709
840	0.153963	8681
840	0.146426	397
840	0.135533	396
840	0.142691	3002
840	0.110991	6609
840	0.133629	7013
840	0.159732	24145
840	0.557172	836
840	0.138560	4925
840	0.146242	835
840	0.143401	839
840	0.135764	6667
840	0.139231	5925
840	0.131660	7431
840	0.135358	5062
840	0.137683	329
840	0.153963	100137049
840	0.133961	142
840	0.140831	10728
840	0.140860	581
840	0.131621	1938
840	0.137892	1676
840	0.144590	843
840	0.147516	842
840	0.139809	841
840	0.133727	10980
840	0.134108	6772
7170	0.132560	2288
7170	0.136804	2289
7170	0.131838	10724
7170	0.133968	10916
7170	0.124853	7138
7170	0.553303	3320
7170	0.130013	10487
7170	0.126390	3315
7170	0.125211	7385
3065	0.127035	8361
3065	0.127035	8360
3065	0.127035	8363
3065	0.127035	8362
3065	0.127035	8364
3065	0.127035	8367
3065	0.127035	8366
3065	0.127035	8368
3065	0.127609	2908
3065	0.125741	8290
3065	0.127035	8294
3065	0.127137	2099
3065	0.124735	5501
3065	0.103563	1050
3065	0.131576	7157
3065	0.127035	554313
3065	0.121205	5017
3065	0.127504	6667
3065	0.130970	5925
3065	0.130356	2033
3065	0.124537	6045
3065	0.125929	8841
3065	0.125701	142
3065	0.127035	8370
3065	0.127592	999
3065	0.127035	8359
3065	0.128526	367
3065	0.127035	121504
3065	0.123233	1026
3065	0.545547	1432
3065	0.130233	51053
3065	0.124823	1457
3065	0.126228	81631
3065	0.128487	5971
3065	0.132991	5970
3065	0.135189	5600
90865	0.093088	9173
90865	0.134895	834
2947	0.689193	2944
94274	0.112741	5590
94274	0.111841	5578
94274	0.110885	1452
94274	0.117586	5581
79001	0.550249	10013
79001	0.130106	10488
5888	0.559643	3320
5888	0.556299	836
5888	0.138963	7157
5888	0.132735	6613
5888	0.132607	22933
5888	0.132620	9656
5888	0.130787	7431
1054	0.084204	1050
1054	0.112853	468
1054	0.086395	10538
1054	0.114090	467
1054	0.126681	1649
1054	0.096958	55509
1054	0.106560	10488
1054	0.103941	2353
1054	0.117179	3725
1054	0.114644	1386
79004	0.113345	5241
79004	0.111694	5595
79004	0.109577	1147
79004	0.106741	5594
1191	0.139182	4925
1191	0.133248	7284
1191	0.563424	9817
1191	0.117085	117
1191	0.111832	116
1191	0.134114	9656
1191	0.137418	5601
1191	0.116167	100526773
166824	0.110986	6789
166824	0.111109	6788
5925	0.134281	8361
5925	0.134281	8360
5925	0.134281	8363
5925	0.134281	8362
5925	0.134281	8364
5925	0.134281	8367
5925	0.134281	8366
5925	0.134281	8368
5925	0.136338	2176
5925	0.134281	8294
5925	0.143784	3725
5925	0.134920	2203
5925	0.556159	836
5925	0.142388	839
5925	0.140757	56950
5925	0.137603	2033
5925	0.135773	367
5925	0.131762	2623
5925	0.134281	8370
5925	0.134281	8359
5925	0.134281	554313
5925	0.134281	121504
5925	0.143576	843
5925	0.132594	6613
5925	0.131489	7704
5925	0.552793	1432
5925	0.146502	842
5925	0.138795	841
5925	0.142848	9149
27283	0.115702	7013
27283	0.100145	1361
8434	0.559390	9817
8434	0.136540	2064
55578	0.141219	8290
55578	0.561025	1432
55578	0.143096	5594
1050	0.103072	1026
1050	0.112050	468
1050	0.083162	1044
1050	0.109766	5599
1050	0.113287	467
1050	0.107225	8202
1050	0.096155	55509
1050	0.085592	10538
1050	0.103138	2353
1050	0.113841	1386
100527963	0.133543	7316
100527963	0.134469	10980
79624	0.133834	159
79624	0.132832	3315
79624	0.116576	51733
79624	0.556402	836
79624	0.149769	5271
998	0.184993	10071
998	0.104648	4216
998	0.551337	836
998	0.127109	3178
998	0.129522	5062
998	0.128433	2058
998	0.141374	4068
998	0.126966	7316
998	0.157324	106821730
998	0.154274	56924
998	0.129698	396
998	0.132352	5599
998	0.130912	5058
998	0.124512	6146
998	0.142697	4294
998	0.130961	5601
998	0.131929	120892
998	0.134000	7157
998	0.105606	10877
998	0.126588	7385
5536	0.132458	2597
5536	0.129454	7284
5536	0.126383	8880
5536	0.557343	3320
5536	0.129773	3178
5536	0.141163	1956
5536	0.136363	3326
5536	0.137815	6885
5536	0.132225	2099
5536	0.134719	1676
8793	0.146500	8743
8797	0.132088	8743
8797	0.110474	841
11163	0.656494	9817
100506742	0.123216	842
29108	0.081271	3428
29108	0.109075	1147
29108	0.124447	834
29108	0.111222	581
29108	0.108562	8878
29108	0.084145	260434
687	0.122413	5241
7185	0.124066	5585
7185	0.546005	836
7185	0.128641	841
7185	0.127386	6788
7185	0.132234	839
7185	0.120326	1026
7185	0.119354	26003
7185	0.133422	843
7185	0.126516	329
7185	0.124735	51322
7185	0.115948	166
7185	0.099783	81926
7187	0.137648	6885
7187	0.553833	836
7187	0.130184	6233
9817	0.575844	55367
9817	0.646297	100507855
9817	0.564190	572
9817	0.572713	9474
9817	0.983073	3320
9817	0.592951	150864
9817	0.556187	7013
9817	0.569860	57820
9817	0.569450	55074
9817	0.568411	5581
9817	0.564352	8926
9817	0.559755	2186
9817	0.552928	29079
9817	0.559956	9978
9817	0.561492	10072
9817	0.646297	205
9817	0.562094	3326
9817	0.561346	89870
9817	0.564175	55603
9817	0.563465	6638
9817	0.553743	5108
9817	0.566893	1956
9817	0.557533	5757
9817	0.554362	9662
9817	0.557141	10015
9817	0.559195	847
9817	0.560759	8878
9817	0.561127	4131
9817	0.589956	2993
9817	0.576858	1649
9817	0.593393	4647
9817	0.554362	80076
9817	0.570811	27258
9817	0.587835	51218
9817	0.552736	23005
9817	0.557046	81631
9817	0.581341	26249
9817	0.563809	5970
9817	0.559513	2107
9817	0.578546	54925
9817	0.559087	8452
23205	0.111677	2932
90324	0.557952	1432
132	0.121056	26528
132	0.532438	1728
132	0.129753	79644
22933	0.128530	8361
22933	0.128530	8360
22933	0.128530	8363
22933	0.128530	8362
22933	0.128530	8364
22933	0.128530	8370
22933	0.128530	8366
22933	0.128530	8368
22933	0.128530	8359
22933	0.127257	203068
22933	0.131852	2033
22933	0.128530	8294
22933	0.128530	8367
22933	0.128530	554313
22933	0.547557	10013
22933	0.128530	121504
22933	0.134485	5970
22933	0.126628	7277
8986	0.154832	5595
8986	0.567809	1432
8986	0.145562	2353
498	0.126415	6210
498	0.127283	5034
498	0.126580	7316
498	0.128759	6748
498	0.554294	3320
498	0.126862	1457
498	0.133314	3326
498	0.127522	506
498	0.132206	3329
498	0.130014	3304
498	0.130014	3303
498	0.126201	7385
84172	0.545176	10013
84172	0.135209	208
84172	0.125262	9031
84172	0.124346	9656
6159	0.554497	3320
6159	0.125263	6194
6159	0.127871	6139
6159	0.126392	6125
6159	0.127279	6217
6159	0.127474	9656
6159	0.126395	6224
6159	0.126618	6210
6159	0.128539	6161
6159	0.126771	6147
6159	0.127871	100526842
6159	0.127136	6189
23598	0.157370	571
23598	0.149442	60468
8013	0.106186	10987
6840	0.125852	5019
6840	0.130407	2908
6840	0.555053	3320
6840	0.131324	367
6840	0.129935	2099
7385	0.125193	4691
7385	0.125639	23770
7385	0.125684	5034
7385	0.124805	7284
7385	0.122168	4719
7385	0.552694	3320
7385	0.124765	6747
7385	0.131715	3326
7385	0.125922	506
7385	0.125329	1650
7385	0.125520	821
7385	0.127160	6748
79861	0.115251	261734
5585	0.139564	995
5585	0.552161	836
5585	0.140412	207
5585	0.133368	4155
5585	0.131785	5601
5585	0.126649	7431
5585	0.137246	5494
5585	0.131775	367
5585	0.126227	5496
5580	0.141728	10728
5580	0.140733	7157
5580	0.136661	6667
5580	0.135006	6772
5580	0.139514	2033
5581	0.123120	54577
5581	0.149944	1956
5581	0.140440	7534
5581	0.147872	1386
5581	0.140440	7530
283643	0.139898	1649
55054	0.156164	839
55054	0.569935	836
55054	0.166848	834
55054	0.162917	9474
5588	0.147664	5590
5588	0.145574	3932
56953	0.111603	9232
135892	0.552080	10013
135892	0.130863	7324
135892	0.130546	7321
135892	0.131169	7323
143425	0.088283	7442
143425	0.113853	1452
2019	0.118490	3725
7755	0.548366	10013
7755	0.130457	11140
2033	0.133667	8361
2033	0.133667	8360
2033	0.133667	8363
2033	0.133667	8362
2033	0.137087	1147
2033	0.133667	8367
2033	0.133667	8366
2033	0.145207	5340
2033	0.133667	8368
2033	0.132826	60485
2033	0.132373	8290
2033	0.110543	3324
2033	0.133667	8294
2033	0.132333	142
2033	0.134450	3164
2033	0.133769	2099
2033	0.143170	3725
2033	0.133667	8364
2033	0.143795	207
2033	0.138208	7157
2033	0.133667	554313
2033	0.109883	4094
2033	0.134136	6667
2033	0.131170	6045
2033	0.133203	7534
2033	0.141493	2115
2033	0.140923	3661
2033	0.138844	468
2033	0.133667	8370
2033	0.133730	5062
2033	0.146487	4208
2033	0.134019	8202
2033	0.131979	6613
2033	0.133667	8359
2033	0.133348	5757
2033	0.552694	10013
2033	0.133667	121504
2033	0.109903	3727
2033	0.130875	7704
2033	0.131478	8850
2033	0.552179	1432
2033	0.134250	5594
2033	0.138481	5578
2033	0.136560	5599
2033	0.131174	7316
2033	0.152672	1649
2033	0.132100	10980
2033	0.132481	6772
2033	0.133203	7530
2033	0.129932	2353
2033	0.131456	1457
2033	0.135159	367
2033	0.140635	1386
2033	0.139623	5970
2033	0.131076	1459
2033	0.131895	6233
2017	0.555649	836
2017	0.133834	5062
2017	0.129792	5019
2017	0.132585	6772
2017	0.131898	8615
2017	0.142812	1956
2017	0.135224	5058
2017	0.137265	89870
2017	0.552798	10013
80727	0.117691	5595
3839	0.127085	3315
3839	0.126824	821
261734	0.139464	2288
261734	0.139908	79657
261734	0.139228	3326
261734	0.136751	347733
261734	0.560208	3320
261734	0.133715	203068
261734	0.134380	10910
261734	0.135928	3304
261734	0.134921	3312
261734	0.135928	3303
1956	0.143863	2288
1956	0.139721	2597
1956	0.142110	10273
1956	0.143626	3326
1956	0.141910	156
1956	0.148665	995
1956	0.139960	2908
1956	0.154643	660
1956	0.564607	3320
1956	0.140839	5058
1956	0.117778	1845
1956	0.139400	3308
1956	0.140327	3304
1956	0.140327	3303
1956	0.130800	2805
1956	0.138987	7846
1956	0.158176	834
1956	0.143927	7157
1956	0.137693	3315
1956	0.151300	4068
1956	0.137551	23770
1956	0.147422	2268
1956	0.141442	2176
1956	0.139696	5781
1956	0.140877	367
1956	0.139937	8678
1956	0.144931	8411
1956	0.138922	7530
1956	0.136749	7295
1956	0.149514	207
1956	0.146421	2934
1956	0.139943	999
1956	0.144187	4035
1956	0.138922	7534
1956	0.558412	10013
1956	0.140564	6714
1956	0.139319	3312
1956	0.140495	4233
1956	0.138675	10015
1956	0.139131	5516
1956	0.136426	5591
1956	0.145099	5590
1956	0.557898	1432
1956	0.144199	5578
1956	0.142278	5599
1956	0.138199	6772
1956	0.135651	2353
1956	0.143828	5979
1956	0.137613	6233
1956	0.137420	351
1956	0.117095	84709
1956	0.138396	2060
1956	0.140887	5601
1956	0.140846	10598
1956	0.144043	2064
1956	0.141755	2065
1956	0.149172	2066
1956	0.150596	1950
4035	0.560368	3320
4035	0.111026	4153
4035	0.136325	6714
1950	0.560582	10013
1950	0.144890	9261
1950	0.141089	9252
5595	0.135881	8361
5595	0.135881	8360
5595	0.135881	8363
5595	0.135881	8362
5595	0.135881	8364
5595	0.135881	8367
5595	0.135881	8366
5595	0.135881	8368
5595	0.139215	9261
5595	0.135881	8294
5595	0.137961	27429
5595	0.145383	3725
5595	0.139301	1630
5595	0.163596	1852
5595	0.136350	6667
5595	0.110959	7054
5595	0.142389	8569
5595	0.143706	2115
5595	0.136191	5781
5595	0.138276	4214
5595	0.134547	142
5595	0.135881	8370
5595	0.135943	5062
5595	0.113431	2005
5595	0.135881	8359
5595	0.112026	5207
5595	0.135881	554313
5595	0.554907	10013
5595	0.135881	121504
5595	0.554393	1432
5595	0.136463	5594
5595	0.138964	4155
5595	0.114272	1845
5595	0.140323	5979
5595	0.134994	9031
5595	0.117691	56265
5595	0.142849	1386
5595	0.135562	1387
6714	0.134248	10273
6714	0.131593	154
6714	0.132099	2908
6714	0.556745	3320
6714	0.131626	2099
6714	0.136065	7157
6714	0.107583	7098
6714	0.133580	2176
6714	0.131834	5781
6714	0.130419	8841
6714	0.130568	4846
6714	0.140803	995
6714	0.141652	207
6714	0.135148	3932
6714	0.133016	367
6714	0.132634	4233
6714	0.130813	10015
6714	0.131269	5516
6714	0.138711	5241
6714	0.139228	2048
6714	0.135017	89870
6714	0.133893	2065
28988	0.548425	836
28988	0.124882	7013
6711	0.123899	23557
6711	0.546148	1432
6711	0.140456	4208
6711	0.126449	6772
6711	0.124751	6709
6711	0.125424	1457
6711	0.125943	3315
4131	0.138160	7157
4131	0.136525	8878
4131	0.129510	5108
4131	0.132813	81631
4131	0.136089	120892
4131	0.128695	29079
4131	0.131256	6696
7316	0.130576	10273
7316	0.127921	154
7316	0.129431	10537
7316	0.126398	9531
7316	0.137354	3725
7316	0.119266	2805
7316	0.124178	1938
7316	0.125345	7321
7316	0.125968	7323
7316	0.132393	7157
7316	0.133543	11243
7316	0.125355	6045
7316	0.130240	329
7316	0.120047	3912
7316	0.129551	79444
7316	0.129087	8452
7316	0.546879	10013
7316	0.132987	5429
7316	0.131476	3932
7316	0.127786	3312
7316	0.126159	3315
7316	0.130758	8878
7316	0.126300	10987
7311	0.126510	6139
7311	0.125408	7321
7311	0.126031	7323
7311	0.132456	7157
7311	0.130821	8878
7311	0.132156	3326
7311	0.129613	79444
7311	0.116300	6223
7311	0.125034	6224
7311	0.125256	6210
7311	0.127177	6161
7311	0.127849	3312
7311	0.126510	100526842
7311	0.126142	6233
345757	0.109470	3932
130872	0.576441	3320
10598	0.130779	2058
10598	0.130619	6772
10598	0.557026	3320
10598	0.136047	3326
10487	0.147520	5271
10487	0.136031	10724
10487	0.557496	3320
10487	0.136516	3326
10487	0.134356	27429
821	0.553612	3320
821	0.125723	7284
821	0.127365	2058
821	0.128608	1615
821	0.125506	6709
821	0.126179	1457
821	0.126246	1650
821	0.125724	6129
820	0.118818	5599
54925	0.134715	7586
81567	0.551045	3320
81567	0.128989	10549
81567	0.123864	7532
2908	0.127960	5591
2908	0.132411	367
2908	0.131703	3164
2908	0.133644	10273
2908	0.128283	7295
2908	0.141047	207
2908	0.166160	23764
2908	0.131271	8202
2908	0.134543	3932
2908	0.556140	3320
2908	0.128570	3178
2908	0.128422	6045
2908	0.134052	3329
55249	0.560078	1432
7138	0.124609	7321
7138	0.123481	7431
7138	0.131357	3326
6147	0.125171	7284
6147	0.553061	3320
6147	0.122893	6146
6147	0.126412	6122
6147	0.127103	6161
6147	0.125173	6129
6147	0.126436	100526842
6147	0.126814	2058
6147	0.128057	1615
6147	0.116225	6223
6147	0.124959	6224
6147	0.125700	6189
6147	0.123828	6194
6147	0.130309	120892
6147	0.122209	1915
6147	0.124956	6125
6147	0.126436	6139
6147	0.118300	93144
6147	0.125843	6217
6147	0.125182	6210
6147	0.126068	6233
6146	0.121385	6194
6146	0.123993	6139
6146	0.543910	1432
6146	0.123969	6122
6146	0.122514	6125
6146	0.123401	6217
6146	0.113783	6223
6146	0.123625	6233
6146	0.122517	6224
6146	0.122740	6210
6146	0.122731	6129
6146	0.123993	100526842
6146	0.123258	6189
3308	0.132126	7283
3308	0.128148	1457
3308	0.136316	5970
3308	0.133084	10273
3308	0.134601	3326
3308	0.167342	317
3308	0.129087	203068
3308	0.555581	3320
3308	0.135107	2932
3308	0.134218	1452
3308	0.133493	3329
3308	0.127507	3735
3308	0.130294	3312
3308	0.128667	3315
3308	0.126302	5496
5494	0.555820	1432
5494	0.137890	5594
5494	0.147435	207
5494	0.138809	5601
5494	0.138091	3164
5494	0.135615	3315
142	0.129012	8361
142	0.129012	8360
142	0.129012	8363
142	0.129012	8362
142	0.131418	8505
142	0.129012	8364
142	0.129012	8367
142	0.129012	8366
142	0.129012	8368
142	0.128108	6604
142	0.129012	8294
142	0.550889	836
142	0.147803	834
142	0.126242	4678
142	0.133553	7157
142	0.129481	6667
142	0.126872	6189
142	0.129012	8370
142	0.131418	670
142	0.129012	8359
142	0.129012	554313
142	0.129012	121504
142	0.126052	5591
142	0.126220	7704
142	0.126823	8850
142	0.129595	5594
142	0.133526	841
142	0.128694	1387
3304	0.128767	2623
3304	0.134011	10273
3304	0.129384	7277
3304	0.135827	7157
3304	0.133343	2176
3304	0.130014	203068
3304	0.556507	3320
3304	0.135527	3326
3304	0.134418	3329
3304	0.131220	3312
3304	0.125655	1915
3304	0.134756	5481
3303	0.128767	2623
3303	0.134011	10273
3303	0.129384	7277
3303	0.135827	7157
3303	0.133343	2176
3303	0.130014	203068
3303	0.556507	3320
3303	0.135527	3326
3303	0.134418	3329
3303	0.131220	3312
3303	0.125655	1915
3303	0.134756	5481
4047	0.109112	3164
793	0.582179	836
6789	0.110581	79029
6789	0.143609	207
6789	0.138022	7157
6789	0.136740	6788
6789	0.132640	60485
6789	0.109052	283349
6789	0.136382	7871
6789	0.131469	7314
6789	0.555358	836
6788	0.143732	207
6788	0.135130	1978
6788	0.132763	60485
6788	0.109175	283349
6788	0.555481	836
6788	0.136073	120892
6788	0.136688	4155
6788	0.136505	7871
6667	0.143635	4208
6667	0.130917	2099
6667	0.552692	836
6667	0.135356	7157
6667	0.138921	839
6667	0.125078	1912
6667	0.127855	5591
6667	0.136528	5590
6667	0.128023	7704
6667	0.131398	5594
6667	0.133707	5599
6667	0.129043	6233
10878	0.110012	10549
8807	0.116423	3606
1650	0.125532	7284
1650	0.553422	3320
1650	0.125492	6747
1650	0.132441	3326
1650	0.127887	6748
8809	0.116423	3606
2288	0.138578	10724
2288	0.560044	3320
2288	0.139064	3326
2288	0.136314	367
2288	0.133130	3315
2289	0.141462	4214
2289	0.142486	1147
2289	0.142823	10724
2289	0.144952	10916
2289	0.144759	6885
2289	0.143308	3326
2289	0.564287	3320
2289	0.147554	9641
3661	0.140493	5599
3661	0.562821	3320
3661	0.138973	29110
3661	0.137283	1387
3661	0.146088	9641
581	0.116923	27113
581	0.148132	842
581	0.140452	7157
581	0.140425	841
581	0.139301	637
581	0.140658	2932
581	0.110991	10018
581	0.557789	836
581	0.134139	6233
8202	0.130697	8361
8202	0.130697	8360
8202	0.130697	8363
8202	0.130697	8362
8202	0.130697	8364
8202	0.130697	8367
8202	0.130697	8366
8202	0.130697	8368
8202	0.129403	8290
8202	0.130697	8294
8202	0.130800	2099
8202	0.134116	1147
8202	0.132188	367
8202	0.138523	2115
8202	0.130697	8370
8202	0.135444	2932
8202	0.106060	124152
8202	0.130697	8359
8202	0.130697	554313
8202	0.130697	121504
8202	0.136410	5590
8202	0.128508	8850
8202	0.549210	1432
8202	0.131280	5594
8202	0.133589	5599
8202	0.137883	5241
8202	0.130379	1387
2060	0.127165	7324
2060	0.547867	1432
2060	0.126848	7321
2060	0.127472	7323
2060	0.127156	7328
2060	0.134012	2064
7277	0.126628	7280
7277	0.138172	90627
7277	0.126750	3315
7277	0.130207	347733
7277	0.127170	203068
7277	0.547470	10013
7277	0.128044	7846
7277	0.122812	1915
7277	0.126671	6233
151742	0.119531	6885
91748	0.575889	1432
1432	0.551990	3329
1432	0.558137	995
1432	0.557013	994
1432	0.561451	677
1432	0.557740	8621
1432	0.549440	5594
1432	0.573672	56924
1432	0.544084	26003
1432	0.559576	920
1432	0.555826	1386
1432	0.552192	9261
1432	0.547022	23770
1432	0.544878	5019
1432	0.600233	80824
1432	0.561678	4208
1432	0.561623	5606
1432	0.544800	5496
1432	0.559703	5609
1432	0.564311	5608
1432	0.560739	4205
1432	0.559448	8550
1432	0.576573	1852
1432	0.543118	8880
1432	0.655294	7365
1432	0.547864	7248
1432	0.555412	7531
1432	0.548391	9252
1432	0.548432	7024
1432	0.550938	27429
1432	0.573946	6171
1432	0.562094	4294
1432	0.547306	10987
1432	0.567862	1649
1432	0.594880	79817
1432	0.556561	2048
1432	0.554813	5970
1432	0.545121	23557
1432	0.547971	9031
1432	0.547953	6604
1432	0.655294	55362
1432	0.549640	3164
1432	0.553399	7157
1432	0.560772	4068
1432	0.582442	4820
1432	0.549168	5781
1432	0.556683	2115
1432	0.557280	636
1432	0.575143	2625
1432	0.544824	7298
1432	0.562365	64333
1432	0.558360	3725
1432	0.540677	166
1432	0.543121	1912
1432	0.543226	1915
1432	0.560398	5340
1432	0.549766	4830
1432	0.551941	4155
1432	0.545508	58508
1432	0.557425	9149
1432	0.557012	5600
1432	0.591693	203522
1432	0.548167	159
1432	0.589784	6942
1432	0.546005	3735
1432	0.555366	8569
1432	0.558408	6416
1432	0.547752	8841
1432	0.582664	5801
1432	0.544058	22897
1432	0.584753	2038
1432	0.604391	10071
1432	0.558507	2872
1432	0.558986	207
1432	0.576722	106821730
1432	0.561522	10467
1432	0.542771	6732
1432	0.550383	1978
1432	0.561229	4209
1432	0.558931	3984
1432	0.546450	55671
1432	0.546669	8850
1432	0.581823	9518
10467	0.154925	4068
10467	0.151165	5600
27316	0.121910	1457
27316	0.118490	1915
57215	0.560326	836
2597	0.128012	7284
2597	0.555901	3320
2597	0.134921	3326
2597	0.133813	3329
2597	0.127827	3735
2597	0.129015	7013
2597	0.130281	7846
2597	0.129408	203068
2597	0.132172	367
2597	0.133277	1676
2597	0.137236	7531
2597	0.128720	7532
2597	0.134071	637
2597	0.135428	2932
2597	0.130614	3312
2597	0.125049	1915
2597	0.132665	3280
2597	0.131263	5594
2597	0.128273	55671
2597	0.135337	2064
2597	0.140467	2066
8505	0.554629	836
8507	0.155073	9978
8507	0.154204	8452
57561	0.106077	10015
57561	0.105334	9531
57561	0.106857	154
5034	0.553776	3320
5034	0.132796	3326
5034	0.127003	506
5034	0.131688	3329
5034	0.131720	10549
5034	0.125964	1459
283349	0.105075	60485
9531	0.550768	836
9531	0.133132	3326
9531	0.131797	8878
9531	0.124117	26003
9531	0.131615	10273
9531	0.128825	3312
9531	0.127198	3315
8290	0.129051	8361
8290	0.129051	8360
8290	0.129051	8363
8290	0.129051	8362
8290	0.129051	8364
8290	0.129051	8367
8290	0.129051	8366
8290	0.129051	8368
8290	0.554272	3320
8290	0.129051	8294
8290	0.136911	3654
8290	0.124994	5496
8290	0.126771	4691
8290	0.128985	3312
8290	0.126554	6045
8290	0.129051	8370
8290	0.129051	8359
8290	0.130954	2186
8290	0.129051	554313
8290	0.129051	121504
8290	0.123315	1912
8290	0.134765	5590
8290	0.126862	8850
8290	0.133865	5578
8290	0.125702	58508
8290	0.130665	84181
8290	0.128733	1387
8290	0.126701	3178
8294	0.128157	8850
8294	0.130929	5594
8294	0.129879	9252
8294	0.131798	5058
8294	0.130408	5062
8294	0.130026	5757
8294	0.132248	2186
8294	0.549373	10013
8294	0.129240	8841
8294	0.126288	5496
8294	0.130027	1387
8294	0.132449	9978
4828	0.109943	329
80067	0.111603	9232
2058	0.129536	1615
2058	0.126466	3735
2058	0.554540	3320
2058	0.128047	203068
4821	0.085377	10215
8615	0.550349	836
57106	0.115298	3725
9404	0.549296	10013
9404	0.141115	5609
2115	0.141506	9261
2115	0.141064	5599
2115	0.137704	9252
2115	0.142712	7157
2115	0.135983	8850
2115	0.136399	6233
3083	0.107610	4233
2623	0.549704	836
2623	0.137954	207
2623	0.126134	3315
2626	0.107275	9656
2626	0.109660	5594
8370	0.128157	8850
8370	0.130929	5594
8370	0.129879	9252
8370	0.131798	5058
8370	0.130408	5062
8370	0.130026	5757
8370	0.132248	2186
8370	0.549373	10013
8370	0.129240	8841
8370	0.126288	5496
8370	0.130027	1387
8370	0.132449	9978
6045	0.125658	7324
6045	0.125341	7321
6045	0.125964	7323
6045	0.125649	7328
6045	0.133734	10916
6045	0.126161	6613
6045	0.127422	7024
6045	0.549725	836
6045	0.122111	1912
6045	0.124888	5591
6045	0.140069	842
6045	0.125636	1457
6045	0.125257	1459
6045	0.126076	6233
3428	0.110501	7157
3428	0.124751	834
5108	0.125081	3420
5108	0.134658	636
5108	0.125394	60485
5108	0.130983	2932
5108	0.122745	80076
5108	0.122745	9662
5108	0.129141	8878
5108	0.125429	81631
5108	0.121311	29079
5108	0.121436	22897
10018	0.115553	207
10018	0.108317	5599
10018	0.086030	399664
64333	0.144435	5594
10013	0.549373	8361
10013	0.549373	8360
10013	0.549373	8363
10013	0.549373	8362
10013	0.549373	8364
10013	0.549373	8367
10013	0.550951	10537
10013	0.549373	8368
10013	0.548531	60485
10013	0.974593	3320
10013	0.550415	10376
10013	0.547558	7280
10013	0.551896	156
10013	0.555199	23400
10013	0.549373	121504
10013	0.552665	55917
10013	0.547072	5501
10013	0.554095	26073
10013	0.546865	7321
10013	0.547489	7323
10013	0.543953	1639
10013	0.547173	7328
10013	0.548099	203068
10013	0.548908	7534
10013	0.551357	3280
10013	0.548908	7530
10013	0.548379	23649
10013	0.549373	8366
10013	0.550011	2203
10013	0.555786	467
10013	0.551136	347733
10013	0.549373	8359
10013	0.549373	554313
10013	0.549442	154
10013	0.554918	8411
10013	0.548973	7846
10013	0.552537	10549
10013	0.560752	6173
10013	0.552979	53635
10013	0.547182	7324
10013	0.554186	5578
10013	0.547361	7314
10013	0.546781	1459
10013	0.545359	6194
10013	0.557051	79738
10013	0.565532	122953
10013	0.546602	4678
10013	0.550824	5971
10013	0.554029	2064
10013	0.551741	2065
10013	0.559159	2066
10013	0.552273	7871
26528	0.521473	1728
1912	0.127943	9261
1912	0.122397	1457
1912	0.121942	6129
1915	0.126293	10537
1915	0.121830	6125
1915	0.123285	6122
1915	0.122047	6129
1915	0.132966	100462977
1915	0.135662	835
1915	0.124931	1615
1915	0.123310	100526842
1915	0.130599	10916
1915	0.113099	6223
1915	0.123441	203068
1915	0.123162	506
1915	0.122574	6189
1915	0.121922	7704
1915	0.129462	2932
1915	0.120701	6194
1915	0.120913	1026
1915	0.126795	27429
1915	0.121040	1938
1915	0.123021	3315
1915	0.123310	6139
1915	0.122364	3178
1915	0.137673	27258
1915	0.122717	6217
1915	0.119941	26003
1915	0.122056	6210
1915	0.122351	6696
9232	0.554373	836
9232	0.111603	5348
9232	0.135989	89870
9232	0.132178	1387
3280	0.133113	3164
3280	0.134530	2175
4214	0.130551	7324
4214	0.135825	4155
4214	0.133324	5594
4214	0.130858	7323
4214	0.135634	5599
4214	0.133859	11140
4214	0.142292	6416
4214	0.138273	56850
4214	0.557962	3320
4214	0.134242	5601
4214	0.139296	7531
4214	0.134194	5058
4214	0.130234	7321
4214	0.133524	3164
4214	0.136161	1147
4214	0.142244	3725
4155	0.134012	5594
4155	0.139143	5590
4155	0.136321	5599
4155	0.138243	5578
4155	0.132962	9252
4155	0.130469	5591
4155	0.141584	5600
4155	0.143503	3984
4155	0.134802	29110
4155	0.141917	9641
4155	0.135898	120892
6217	0.125680	7284
6217	0.125465	6125
6217	0.132589	3326
6217	0.126920	6122
6217	0.127611	6161
6217	0.125682	6129
6217	0.126944	100526842
6217	0.126068	4691
6217	0.116733	6223
6217	0.125468	6224
6217	0.126209	6189
6217	0.130818	120892
6217	0.124675	1938
6217	0.134585	730211
6217	0.553569	3320
6217	0.126944	6139
6217	0.118808	93144
6217	0.124876	4292
6217	0.124336	6194
6217	0.125690	6210
6217	0.126576	6233
5606	0.118298	4216
5606	0.137692	1639
5606	0.151678	9149
5606	0.145580	120892
5606	0.158564	5608
6210	0.125019	7284
6210	0.124803	6125
6210	0.126258	6122
6210	0.126950	6161
6210	0.125020	6129
6210	0.126283	100526842
6210	0.124013	1938
6210	0.129451	347733
6210	0.116072	6223
6210	0.126414	203068
6210	0.124806	6224
6210	0.125547	6189
6210	0.127621	3312
6210	0.552908	3320
6210	0.126283	6139
6210	0.128805	11140
6210	0.123674	6194
6210	0.125915	6233
5340	0.145050	10549
5340	0.124664	1361
155061	0.119096	6885
155061	0.118151	2932
55367	0.174645	4097
55367	0.159284	835
10270	0.126592	1457
10270	0.550681	836
10270	0.130707	2186
4209	0.141612	8841
4209	0.141164	10987
4209	0.154598	4205
727764	0.152764	23764
6747	0.552858	3320
6747	0.124753	6125
6747	0.134985	26355
6747	0.122837	22897
26355	0.562914	3320
26355	0.141935	3326
80150	0.110883	2932
6748	0.555252	3320
6748	0.134272	3326
388962	0.170098	51218
7324	0.129854	79444
7324	0.134111	5970
24145	0.576660	836
7321	0.134346	8569
7321	0.134337	8926
7321	0.130226	329
7321	0.129941	9978
7321	0.132585	2932
7321	0.129536	79444
7321	0.133451	6638
7321	0.124036	1026
7321	0.124103	2353
7321	0.133794	5970
7321	0.126066	6233
7323	0.134417	5970
7323	0.134961	8926
7323	0.130160	79444
7323	0.134074	6638
7323	0.126250	1457
7323	0.128062	7846
7323	0.130850	329
7323	0.126690	6233
1615	0.555783	3320
1615	0.129134	6122
1615	0.127709	3735
7328	0.126594	10987
7328	0.119560	2805
7328	0.134102	5970
11243	0.134469	10980
8926	0.141385	7157
8926	0.163153	4097
9149	0.140366	5058
9149	0.139495	5594
8841	0.129240	8361
8841	0.129240	8360
8841	0.129240	8363
8841	0.129240	8362
8841	0.129240	8364
8841	0.129240	8367
8841	0.129240	8366
8841	0.129240	8368
8841	0.129342	2099
8841	0.121060	166
8841	0.133781	7157
8841	0.128124	10488
8841	0.129240	8359
8841	0.129240	554313
8841	0.129240	121504
8841	0.128841	7846
8841	0.126280	5591
8841	0.127028	1457
8841	0.137395	5600
5801	0.164734	5594
329	0.554611	836
329	0.134432	79444
329	0.108389	81926
329	0.141221	9641
329	0.130962	6233
329	0.144954	842
22897	0.124391	3420
2872	0.140577	5594
2872	0.142886	5599
2872	0.133908	6732
2872	0.140097	2099
2872	0.142097	9978
207	0.143808	9261
207	0.143198	10273
207	0.143893	1147
207	0.146810	572
207	0.565694	3320
207	0.141975	5601
207	0.141926	5058
207	0.135055	1639
207	0.141256	3164
207	0.136672	1026
207	0.140576	2099
207	0.142943	120892
207	0.562350	836
207	0.150024	6416
207	0.118053	80146
207	0.136838	7431
207	0.142673	2175
207	0.140009	7534
207	0.141846	29110
207	0.141024	8678
207	0.140009	7530
207	0.118053	8435
207	0.116619	5207
207	0.145221	2932
207	0.153066	677
207	0.141031	999
207	0.116785	23035
207	0.115823	9623
207	0.138781	3315
207	0.139516	4846
207	0.137514	5591
207	0.146186	5590
207	0.138285	8850
207	0.118053	117145
207	0.141999	1978
207	0.143366	5599
207	0.138262	1457
207	0.143966	89870
207	0.163962	26249
207	0.140155	1387
207	0.138701	6233
208	0.136446	5591
208	0.561283	836
208	0.142825	1147
208	0.140931	1978
208	0.144153	2932
208	0.564626	3320
208	0.114755	9623
208	0.114488	6700
208	0.139508	2099
3059	0.130338	1457
3059	0.554427	836
3059	0.130884	7013
6139	0.126272	7284
6139	0.119400	93144
6139	0.126057	6125
6139	0.133182	3326
6139	0.127512	6122
6139	0.128204	6161
6139	0.126088	3735
6139	0.126274	6129
6139	0.117325	6223
6139	0.126059	6224
6139	0.126801	6189
6139	0.131410	120892
6139	0.135177	730211
6139	0.554161	3320
6139	0.124928	6194
6139	0.127169	6233
5366	0.114693	2932
5366	0.107153	7704
4719	0.123488	506
4719	0.546917	836
2353	0.105329	10538
2353	0.131788	468
2353	0.102826	4094
2353	0.133024	467
2353	0.161850	23764
2353	0.124922	6613
2353	0.120524	6732
2353	0.136112	3725
2353	0.126292	1387
2353	0.527864	1728
2353	0.145615	1649
2353	0.125423	6772
2353	0.133578	1386
2353	0.132566	5970
1147	0.558986	3320
1147	0.133867	2099
1147	0.135964	2175
1147	0.108953	4216
1147	0.127679	6732
1147	0.139456	6885
1147	0.142252	9641
1147	0.130805	5591
1147	0.139720	5970
1147	0.134883	11140
1147	0.131553	1457
1147	0.133446	1387
1147	0.132213	10987
9474	0.123461	83734
660	0.567480	836
660	0.150259	2064
3654	0.563426	3320
3654	0.139323	11140
2099	0.138603	994
2099	0.555669	3320
2099	0.131901	5058
2099	0.136924	56950
2099	0.129491	4846
2099	0.131030	5594
2099	0.137634	5241
2099	0.130130	1387
2099	0.128675	6233
5501	0.126493	10987
5501	0.131904	1452
5501	0.130515	120892
5501	0.125379	6129
4678	0.124615	5591
10017	0.157540	317
10017	0.125072	841
80143	0.116528	9641
80143	0.110942	7871
2268	0.563603	3320
2268	0.139873	367
2268	0.139491	4233
2268	0.143039	2064
10015	0.131400	7283
10015	0.131715	27429
10015	0.135180	8411
10015	0.136483	85365
10015	0.121048	2805
23557	0.104896	7442
23557	0.133163	7531
23557	0.124246	6696
23557	0.126144	7534
23557	0.129078	120892
23557	0.127718	4233
23557	0.126144	7530
29110	0.132835	11140
29110	0.134624	8878
29110	0.128227	80076
29110	0.556939	3320
29110	0.128227	9662
29110	0.137674	5970
29110	0.126793	29079
283970	0.109700	27429
995	0.141126	5601
995	0.118378	1040
994	0.141836	9261
994	0.145056	7531
994	0.136290	1457
994	0.140003	5601
994	0.138037	7534
994	0.138037	7530
8433	0.120669	1386
10728	0.557759	836
10728	0.561102	3320
10728	0.140122	3326
10728	0.143278	3002
10728	0.137373	367
10728	0.134189	3315
10728	0.138251	2065
10728	0.134109	6233
5062	0.130408	8361
5062	0.130408	8360
5062	0.130408	8363
5062	0.130408	8362
5062	0.130408	8364
5062	0.130408	8367
5062	0.130408	8366
5062	0.130408	8368
5062	0.129553	5048
5062	0.136916	8569
5062	0.552285	836
5062	0.129944	7534
5062	0.136963	7531
5062	0.129944	7530
5062	0.128447	7532
5062	0.130408	8359
5062	0.130408	554313
5062	0.130408	121504
5062	0.126734	1938
5062	0.129221	6772
5062	0.140482	3984
10724	0.135219	11140
10724	0.138848	2932
10724	0.139987	10916
10724	0.559322	3320
23764	0.212682	9603
23764	0.191893	4097
23764	0.159756	5017
23764	0.194329	571
23764	0.184590	1649
23764	0.154867	55509
23764	0.186400	60468
23764	0.171999	467
999	0.552780	836
999	0.135650	2932
79444	0.553921	836
79444	0.144265	842
79444	0.134124	27429
79444	0.123864	166
79444	0.130271	6233
57448	0.558188	836
57448	0.148532	842
57448	0.140825	841
57448	0.134099	1457
57448	0.138392	27429
5757	0.130026	8361
5757	0.130026	8360
5757	0.130026	8363
5757	0.130026	8362
5757	0.130026	8364
5757	0.130026	8366
5757	0.130026	8368
5757	0.130026	8359
5757	0.130026	8367
5757	0.130026	554313
5757	0.130026	121504
5757	0.127745	4691
5757	0.136580	7531
5757	0.128360	7013
7534	0.133215	9261
7534	0.136218	572
7534	0.142702	4208
7534	0.131334	5058
7534	0.104960	7054
7534	0.128888	7248
7534	0.136436	7531
7534	0.127920	7532
7534	0.105069	4216
7534	0.132350	120892
7534	0.128188	3315
7534	0.135595	5590
7534	0.132773	5599
7534	0.128329	10987
7534	0.133739	1452
7534	0.139955	3984
7534	0.128109	6233
51447	0.139575	7157
51447	0.560256	3320
51447	0.133263	6233
121504	0.128157	8850
121504	0.130929	5594
121504	0.129879	9252
121504	0.131798	5058
121504	0.132248	2186
121504	0.126288	5496
121504	0.130027	1387
121504	0.132449	9978
4233	0.553333	836
4233	0.143369	4068
4233	0.135079	3932
4233	0.131765	5781
4233	0.158981	9655
4233	0.136112	2064
4233	0.133825	2065
5591	0.125583	9656
5591	0.134782	3002
5591	0.133894	8569
5591	0.549263	836
5591	0.131927	7157
5591	0.133271	10916
5591	0.132133	2932
5591	0.125035	3178
5591	0.136888	3725
5591	0.127320	3312
5591	0.128911	1978
5591	0.134572	5241
5591	0.130278	5599
5591	0.125174	1457
5591	0.128887	5601
5591	0.124795	1459
5590	0.133778	4691
5590	0.146553	10000
5590	0.140806	2932
5590	0.561279	3320
5590	0.138964	8878
5590	0.138783	10273
5590	0.142014	5970
5590	0.138528	120892
5590	0.135595	7530
6569	0.567748	3320
6569	0.146768	3326
5594	0.130929	8361
5594	0.130929	8360
5594	0.130929	8363
5594	0.130929	8364
5594	0.130929	8367
5594	0.130929	8368
5594	0.130929	554313
5594	0.134263	9261
5594	0.129361	10980
5594	0.130929	8362
5594	0.128075	3735
5594	0.146382	5608
5594	0.140431	3725
5594	0.141773	5609
5594	0.158644	1852
5594	0.130929	8366
5594	0.106007	7054
5594	0.137436	8569
5594	0.130461	9252
5594	0.108479	2005
5594	0.134552	3932
5594	0.141518	8550
5594	0.135676	2932
5594	0.130502	7024
5594	0.134398	5481
5594	0.109577	56940
5594	0.143149	842
5594	0.130929	8359
5594	0.109656	55
5594	0.132454	1978
5594	0.109320	1845
5594	0.135469	7157
5594	0.135371	5979
5594	0.126155	26003
5594	0.144165	4294
5594	0.137896	1386
5594	0.130610	1387
5594	0.142842	4068
5599	0.139574	572
5599	0.133476	396
5599	0.142740	3725
5599	0.134020	3164
5599	0.144083	5609
5599	0.109474	3727
5599	0.555115	836
5599	0.142788	6416
5599	0.111886	56940
5599	0.108426	4216
5599	0.131272	351
5599	0.136628	637
5599	0.132812	7024
5599	0.133171	3312
5599	0.132983	5516
5599	0.112134	1850
5599	0.142533	843
5599	0.137751	841
5599	0.132773	7530
5599	0.137778	7157
5599	0.128464	26003
5599	0.110788	2005
5599	0.140206	1386
56924	0.156651	367
26003	0.126480	4830
26003	0.126806	8452
26003	0.124765	81631
26003	0.117392	166
920	0.141132	154
920	0.144687	3932
1386	0.116032	10538
1386	0.166057	571
1386	0.126595	55509
1386	0.138815	5601
1386	0.145468	5600
1386	0.146816	3725
1386	0.142491	468
1386	0.143728	467
1386	0.136846	9252
1386	0.156318	1649
1386	0.133841	4292
1386	0.153474	122953
1386	0.136995	1387
1387	0.130027	8361
1387	0.130027	8360
1387	0.130027	8363
1387	0.130027	8362
1387	0.130027	8367
1387	0.130027	8366
1387	0.130027	8368
1387	0.139530	3725
1387	0.130027	8364
1387	0.134568	7157
1387	0.131518	367
1387	0.135205	468
1387	0.130027	8359
1387	0.126225	1026
1387	0.130027	554313
1387	0.127838	8850
1387	0.128840	6772
1387	0.136535	8569
1387	0.135983	5970
1387	0.128255	6233
2064	0.137727	10273
2064	0.113730	55
2064	0.135641	2203
2064	0.128916	6732
2064	0.133816	6772
2064	0.560223	3320
2064	0.135313	5781
2064	0.133230	6233
2064	0.140548	8411
2064	0.143819	23221
2064	0.137372	2065
2064	0.144788	2066
2065	0.144629	4068
2066	0.565352	3320
2066	0.138359	6233
23461	0.110282	3164
10537	0.125838	6732
10538	0.114241	468
10538	0.115478	467
10538	0.128069	1649
10538	0.098346	55509
10538	0.118567	3725
10538	0.085300	3727
317	0.589205	836
317	0.179548	842
317	0.142882	22861
317	0.592548	3320
317	0.152535	57099
6709	0.549338	836
6709	0.130725	4925
6709	0.126274	6772
6709	0.123988	4292
6709	0.129517	2176
6709	0.129660	2175
6709	0.131067	53635
4216	0.115084	6416
4216	0.110281	2932
4216	0.120987	5608
4216	0.105069	7530
9656	0.550420	836
9656	0.126991	10987
9656	0.126331	1457
9656	0.126771	6233
1649	0.139898	64288
1649	0.178094	571
1649	0.126911	8742
1649	0.138632	55509
1649	0.170165	60468
1649	0.148234	10488
1649	0.175658	4097
1649	0.154527	468
1649	0.155764	467
1649	0.150585	8452
1649	0.158853	3725
1649	0.125586	3727
1649	0.147139	1457
9655	0.579748	836
836	0.567468	5271
836	0.578350	8743
836	0.554629	670
836	0.552774	8678
836	0.570891	8681
836	0.552461	396
836	0.565436	51451
836	0.563171	835
836	0.560329	839
836	0.548588	7431
836	0.558777	7531
836	0.550262	7532
836	0.559258	2934
836	0.548549	1938
836	0.549430	7704
836	0.561518	843
836	0.564443	842
836	0.556736	841
836	0.555420	51053
836	0.550655	10980
836	0.551036	6772
836	0.548750	4292
836	0.556665	5979
836	0.557754	56850
836	0.559619	3002
836	0.555643	1630
836	0.570891	100137049
836	0.549586	7295
836	0.555613	637
836	0.548421	1026
836	0.563354	397
836	0.553724	5601
836	0.549859	6696
836	0.554820	1676
836	0.562716	10000
836	0.555488	4925
836	0.556680	2745
836	0.571685	84971
836	0.551068	3420
836	0.550257	351
837	0.125578	843
837	0.120797	841
837	0.105225	3606
834	0.153650	841
834	0.124691	22861
834	0.162502	59082
834	0.167804	8681
834	0.138079	3606
834	0.158431	843
834	0.167804	100137049
835	0.153514	842
835	0.145807	841
835	0.144683	637
835	0.117208	116
835	0.150588	843
839	0.141716	4925
839	0.142965	841
839	0.136884	10980
839	0.136486	351
839	0.147747	843
8880	0.125514	4830
8880	0.120971	7431
7248	0.128888	7530
283971	0.088902	4795
7431	0.131224	841
7431	0.153018	4097
7431	0.131458	2932
7431	0.125143	10980
7431	0.125023	6613
7431	0.122909	1026
7431	0.130203	89870
7431	0.128791	27429
7431	0.123857	3735
7431	0.125018	3315
7431	0.127261	8678
7431	0.124074	7295
367	0.134561	10273
367	0.136078	3326
367	0.557057	3320
367	0.141339	3725
367	0.129648	8850
367	0.135258	1630
367	0.135460	3932
367	0.136377	7157
367	0.143751	4068
367	0.132147	5781
367	0.123657	166
367	0.138873	2934
367	0.159701	106821730
367	0.108073	3727
367	0.129045	7704
367	0.137792	5970
7531	0.135085	7280
7531	0.542694	2938
7531	0.141441	7157
7531	0.143237	572
7531	0.150137	4294
7531	0.135207	3315
7531	0.136436	7530
7531	0.134939	7532
7530	0.133215	9261
7530	0.136218	572
7530	0.142702	4208
7530	0.131334	5058
7530	0.104960	7054
7530	0.127920	7532
7530	0.132350	120892
7530	0.128188	3315
7530	0.128329	10987
7530	0.133739	1452
7530	0.139955	3984
7530	0.128109	6233
7532	0.132926	7157
7532	0.134721	572
7532	0.126833	10987
7532	0.103464	7054
7532	0.126719	7013
7532	0.129837	5058
7532	0.126419	351
7532	0.127529	5048
7532	0.126613	6233
2938	0.915355	6482
2938	0.611290	84268
2938	0.535884	5516
2938	0.549098	27258
6829	0.124775	4691
6829	0.125390	7013
6829	0.124844	1457
6829	0.552276	3320
6829	0.125363	3315
6829	0.124465	1459
2932	0.136858	7283
2932	0.145587	10000
2932	0.560314	3320
2932	0.144595	3725
2932	0.145938	5609
2932	0.139633	7157
2932	0.162808	1852
2932	0.135403	5781
2932	0.182190	9603
2932	0.137562	120892
2932	0.134693	7846
2932	0.138562	5481
2932	0.136618	1978
2932	0.139906	5578
2932	0.143515	636
2932	0.136545	5971
7024	0.134433	841
27429	0.132027	7846
27429	0.140580	5600
27429	0.131153	203068
27429	0.123840	2805
3312	0.133003	10273
3312	0.134520	3326
3312	0.555500	3320
3312	0.136106	23400
3312	0.133412	3329
3312	0.127612	6129
3312	0.130918	2203
3312	0.129006	203068
3312	0.132335	2176
3312	0.133918	10072
3312	0.126605	1938
3312	0.128586	3315
3312	0.128267	7314
10549	0.135276	7283
10549	0.134293	3164
6173	0.144195	120892
5481	0.559036	3320
5481	0.132543	203068
5481	0.138056	3326
5481	0.133416	7846
4057	0.114292	4691
4057	0.096822	100526773
1728	0.534324	10273
1728	0.523794	3912
1728	0.519984	6223
1728	0.536141	7157
1728	0.532508	4830
1728	0.522059	93144
1728	0.523014	2805
10987	0.127677	10488
10987	0.126157	7295
10987	0.134485	6885
10987	0.130028	8452
10987	0.141614	4208
10987	0.138296	3725
10987	0.105029	3727
10987	0.135980	5241
10987	0.127226	10980
10987	0.130896	9978
10987	0.126430	6696
5241	0.126813	55509
5241	0.562752	3320
5241	0.153692	122953
10980	0.124976	1026
10980	0.133292	841
10980	0.138281	3725
10980	0.130881	9978
10980	0.130013	8452
6772	0.135114	5970
6772	0.123740	1639
6772	0.126306	3735
6772	0.133400	3326
6772	0.131215	2176
27258	0.142820	27257
27258	0.141611	3315
51218	0.157691	7295
51744	0.120201	4068
5971	0.137753	5970
5970	0.145804	3725
5970	0.137084	3164
5970	0.151755	5608
5970	0.135834	9252
5970	0.141993	6885
5970	0.128121	166
5970	0.144788	9641
5970	0.134090	1457
5970	0.133710	1459
56850	0.134184	3315
56850	0.133514	6696
391634	0.568808	3320
391634	0.147085	10953
572	0.132881	1026
572	0.134995	6613
572	0.138135	5058
571	0.185397	4097
571	0.251165	7975
8743	0.160987	841
3002	0.142256	841
3002	0.141132	637
3002	0.140339	1676
3002	0.137343	7846
3002	0.143288	8411
10273	0.558291	3320
10273	0.137311	3326
10273	0.131404	7013
10273	0.137610	7157
10273	0.135539	120892
10273	0.131377	3315
10273	0.135975	8878
10273	0.131298	6233
3164	0.130135	23649
3164	0.135369	3326
3164	0.128461	6129
3164	0.135669	7157
3164	0.130521	10910
3164	0.130661	9252
3164	0.138807	79738
2805	0.117726	7298
2805	0.122667	4830
2203	0.134406	1630
2203	0.129319	7013
7157	0.560107	3320
7157	0.136387	5601
7157	0.143041	5600
7157	0.145477	8550
7157	0.141362	56950
7157	0.124142	63973
7157	0.131084	1026
7157	0.141300	467
7157	0.133198	6613
7157	0.140499	6638
7157	0.128800	6732
7157	0.131395	9662
7157	0.133193	3315
7157	0.132697	8850
7157	0.131537	58508
7157	0.131395	80076
7157	0.132675	1457
7157	0.133114	6233
3315	0.131987	9261
3315	0.132893	3326
3315	0.124672	5019
3315	0.133573	79657
3315	0.553874	3320
3315	0.131249	1676
3315	0.130756	9978
3315	0.128186	9252
3315	0.139243	8550
3315	0.131558	8878
3315	0.128891	396
57679	0.114589	8411
7098	0.082284	4153
7098	0.083283	9865
7098	0.121859	5608
10916	0.561451	3320
10916	0.140471	3326
440087	0.109103	5601
10910	0.554959	3320
10910	0.127526	1457
506	0.124992	1026
506	0.554014	3320
506	0.127521	203068
506	0.133034	3326
506	0.130993	2175
506	0.128394	7846
506	0.126654	6189
727	0.095983	1361
468	0.124804	55509
468	0.146368	5609
468	0.111738	4094
468	0.139977	3101
468	0.134406	10488
468	0.141936	467
468	0.145025	3725
468	0.131510	6194
636	0.133349	1639
637	0.138249	841
637	0.135499	347733
637	0.143031	843
637	0.133974	396
7298	0.123675	7295
467	0.148674	4068
467	0.126040	55509
467	0.135643	10488
467	0.146261	3725
467	0.163067	4097
7704	0.123752	1026
7704	0.125887	7013
3725	0.129129	55509
3725	0.565068	3320
3725	0.141349	5601
3725	0.150693	5609
3725	0.149398	6416
3725	0.136499	58508
3725	0.139593	5516
3725	0.116084	3727
3725	0.152068	842
3725	0.137636	1457
3725	0.138076	6233
120892	0.558036	3320
120892	0.135947	3329
120892	0.143660	5609
120892	0.131410	100526842
120892	0.131000	7280
120892	0.134578	347733
120892	0.142365	6416
120892	0.148268	5608
120892	0.131542	203068
120892	0.132415	7846
120892	0.134340	1978
120892	0.131043	6233
3727	0.108082	5601
730211	0.133698	6125
730211	0.140823	3326
730211	0.561802	3320
730211	0.133914	6129
730211	0.135177	100526842
11140	0.135704	3326
11140	0.126045	1639
11140	0.556684	3320
11140	0.134369	8878
11140	0.137155	6885
11140	0.129497	351
11140	0.139951	9641
11140	0.130506	4846
4830	0.127273	5019
4830	0.129588	7013
5578	0.136685	1978
5578	0.111305	5207
80076	0.129761	8878
80076	0.120769	6732
80076	0.130713	1452
80076	0.125999	5048
80076	0.121930	29079
6194	0.123664	7284
6194	0.123449	6125
6194	0.130574	3326
6194	0.124904	6122
6194	0.125595	6161
6194	0.123666	6129
6194	0.124928	100526842
6194	0.129753	1630
6194	0.114718	6223
6194	0.123451	6224
6194	0.124193	6189
6194	0.124052	4691
6194	0.123982	3178
6194	0.122659	1938
6194	0.129939	53635
6194	0.127858	1978
6194	0.124560	6233
1457	0.127278	5048
1457	0.125250	6125
1457	0.125853	4691
1457	0.132375	3326
1457	0.553354	3320
1457	0.131331	51053
1457	0.131040	8878
1457	0.125543	1459
1452	0.559424	3320
1452	0.130713	9662
1452	0.135863	2107
1452	0.132431	6233
2103	0.591034	3320
2103	0.170054	3326
1459	0.125474	4691
8361	0.128157	8850
8361	0.129879	9252
8361	0.131798	5058
8361	0.132248	2186
8361	0.126288	5496
8361	0.132449	9978
8360	0.128157	8850
8360	0.129879	9252
8360	0.131798	5058
8360	0.132248	2186
8360	0.126288	5496
8360	0.132449	9978
8363	0.128157	8850
8363	0.129879	9252
8363	0.131798	5058
8363	0.132248	2186
8363	0.126288	5496
8363	0.132449	9978
8362	0.128157	8850
8362	0.131798	5058
8362	0.129879	9252
8362	0.132248	2186
8362	0.126288	5496
8362	0.132449	9978
10000	0.142365	1978
8364	0.128157	8850
8364	0.129879	9252
8364	0.131798	5058
8364	0.132248	2186
8364	0.126288	5496
8364	0.132449	9978
8367	0.128157	8850
8367	0.131798	5058
8367	0.129879	9252
8367	0.132248	2186
8367	0.126288	5496
8367	0.132449	9978
8366	0.128157	8850
8366	0.131798	5058
8366	0.129879	9252
8366	0.132248	2186
8366	0.126288	5496
8366	0.132449	9978
8368	0.128157	8850
8368	0.129879	9252
8368	0.131798	5058
8368	0.132248	2186
8368	0.126288	5496
8368	0.132449	9978
396	0.139879	843
396	0.130653	154
396	0.135097	841
396	0.128918	7013
396	0.127947	7295
5058	0.557019	3320
5058	0.131798	8359
5058	0.131798	554313
5058	0.141872	3984
23221	0.564383	3320
23221	0.140396	8452
23221	0.143402	3326
8569	0.141095	3326
8569	0.139053	2175
6416	0.153133	4294
6416	0.145587	6885
6416	0.141397	5601
6416	0.150741	5609
6416	0.155350	5608
60468	0.198258	9603
60468	0.177469	4097
60468	0.140442	55509
60468	0.243237	7975
10488	0.176326	9603
10488	0.161332	2993
10488	0.127089	6189
6223	0.116450	4691
6223	0.116590	6189
6223	0.117302	6122
6223	0.115846	6125
6223	0.116958	6233
6223	0.115849	6224
6223	0.115057	1938
6223	0.117325	100526842
6223	0.116063	6129
203068	0.133314	3326
203068	0.131597	156
203068	0.130115	10376
203068	0.127258	7280
203068	0.125399	1938
203068	0.131669	1676
203068	0.128673	7846
203068	0.126710	6696
6224	0.552685	3320
6224	0.124796	7284
6224	0.126035	6122
6224	0.124580	6125
6224	0.126727	6161
6224	0.124797	6129
6224	0.126059	100526842
6224	0.125324	6189
4846	0.554609	3320
4846	0.127423	351
55175	0.107419	8452
3912	0.125673	3329
3912	0.119687	3735
6638	0.162266	4097
6732	0.121909	3178
6732	0.134850	8550
6732	0.120769	9662
6732	0.134333	3984
6732	0.120202	5496
4795	0.118188	843
7846	0.132543	1676
7846	0.139676	90627
7846	0.127062	6125
7846	0.130989	10376
7846	0.126144	1026
7846	0.128132	7280
3932	0.145883	4068
3932	0.559190	3320
142679	0.109386	5601
1978	0.129521	3178
1978	0.142461	8550
1978	0.134772	7871
351	0.126368	7314
3984	0.143753	9261
8850	0.128157	8359
8850	0.128157	554313
9662	0.129761	8878
9662	0.125999	5048
9662	0.121930	29079
55509	0.145935	4097
10215	0.108498	8452
3324	0.111462	3326
3326	0.139507	79657
3326	0.133182	100526842
3326	0.559807	3320
3326	0.133157	6122
3326	0.133849	6161
3326	0.137719	3329
3326	0.144315	90627
3326	0.132920	7013
3327	0.586993	3320
3329	0.129804	1938
3329	0.129497	5019
3329	0.558698	3320
6129	0.125009	7284
6129	0.552899	3320
6129	0.126250	6122
6129	0.126941	6161
6129	0.126274	100526842
6129	0.125397	4691
6129	0.125538	6189
6129	0.124005	1938
6129	0.124795	6125
100526842	0.126272	7284
100526842	0.119400	93144
100526842	0.554161	3320
100526842	0.127512	6122
100526842	0.128204	6161
100526842	0.126088	3735
100526842	0.126801	6189
100526842	0.126057	6125
100526842	0.127169	6233
347733	0.128307	1026
347733	0.133152	10376
10953	0.559064	3320
10953	0.132178	7013
677	0.146273	9261
677	0.141273	7013
554313	0.129879	9252
554313	0.132248	2186
554313	0.126288	5496
554313	0.132449	9978
5516	0.134545	3101
5516	0.126618	4292
5516	0.131592	5601
79738	0.143716	6885
6189	0.553426	3320
6189	0.126777	6122
6189	0.127468	6161
6189	0.124148	5496
6189	0.125924	4691
6189	0.130262	2176
6189	0.125855	3178
6189	0.124532	1938
6189	0.125322	6125
6189	0.126433	6233
8878	0.135153	2186
8878	0.128327	29079
8878	0.134486	8452
8878	0.137765	841
8878	0.129778	4292
8878	0.131240	7314
8878	0.132445	81631
8878	0.131479	6233
81631	0.134053	841
81631	0.124120	1639
26249	0.144112	65267
26249	0.155069	8452
9261	0.149134	5608
9261	0.122168	92241
9261	0.144270	8550
23770	0.134337	23400
23770	0.126844	7013
5019	0.124085	4691
5019	0.125674	159
5019	0.126675	5781
4208	0.125760	85366
4208	0.148858	6885
8681	0.153527	841
5601	0.130960	9031
5601	0.142692	5609
5601	0.142437	8550
5601	0.145083	4294
7975	0.269518	9603
5609	0.146882	6885
5608	0.140381	1639
5608	0.142326	4292
5608	0.151491	6885
4205	0.140539	6613
90627	0.565295	3320
90627	0.139171	6604
90627	0.141118	10376
2176	0.557623	3320
2176	0.134601	2175
2175	0.557766	3320
166	0.117240	29079
3953	0.081416	3952
3953	0.106671	5781
3952	0.109855	3101
8359	0.129879	9252
8359	0.132248	2186
8359	0.126288	5496
8359	0.132449	9978
8452	0.133684	9978
6125	0.552682	3320
6125	0.126033	6122
6125	0.126725	6161
6125	0.130883	1630
6125	0.123788	1938
6125	0.125181	4691
6125	0.128504	10376
6125	0.117921	93144
6125	0.125099	6696
6125	0.125690	6233
1938	0.124035	7295
1938	0.123199	4292
9641	0.564053	3320
843	0.144154	841
843	0.151861	842
842	0.145987	1630
842	0.147080	841
841	0.110555	6609
841	0.132578	4691
841	0.138124	4925
841	0.153527	100137049
841	0.154322	84971
841	0.132496	6696
27257	0.555082	3320
4292	0.124236	7295
4292	0.132007	5429
55540	0.105161	9252
6161	0.126940	7284
6161	0.128180	6122
6161	0.554829	3320
7013	0.133600	79657
7013	0.126865	7280
7013	0.124622	5496
7013	0.132319	10072
1639	0.124071	5048
4068	0.150414	5600
7284	0.126248	6122
7284	0.552898	3320
7284	0.125862	7280
3320	0.562042	56950
3320	0.563818	100462977
3320	0.553216	3178
3320	0.561258	6885
3320	0.560701	5429
3320	0.557332	7283
3320	0.560486	79657
3320	0.553285	4691
3320	0.554137	6122
3320	0.562415	85365
3320	0.554710	5048
9978	0.138140	6885
93144	0.119032	6233
1026	0.123907	7295
1026	0.124772	6233
117	0.087428	116
5600	0.138033	9252
5600	0.134442	5496
7280	0.129574	10376
154	0.132939	156
3735	0.126636	5048
5496	0.121363	29079
4691	0.126636	6122
9603	0.203751	4097
6613	0.126885	6233
