1432 121 0.000000e+00
2938 6 0.000000e+00
1728 14 0.000000e+00
9817 54 0.000000e+00
3320 134 0.000000e+00
27306 5 0.000000e+00
10013 75 0.000000e+00
836 100 0.000000e+00
2944 2 0.000000e+00
4780 39 0.000000e+00
1956 4 7.378000e-04
207 3 7.378000e-04
7157 3 8.090000e-04
7531 3 7.378000e-04
4193 2 8.090000e-04
4780 2 0.000000e+00
196 2 7.378000e-04
5595 2 7.378000e-04
317 2 3.654000e-04
27258 2 7.378000e-04
5578 2 8.090000e-04
2017 2 8.090000e-04
8945 2 8.090000e-04
1649 2 6.617000e-04
6942 2 3.654000e-04
3326 2 8.090000e-04
3329 2 8.090000e-04
2066 2 7.378000e-04
9020 2 6.617000e-04
5970 2 7.378000e-04
2033 2 8.090000e-04
8878 2 8.090000e-04
208 2 7.378000e-04
2064 2 8.090000e-04
3320 2 0.000000e+00
4830 2 8.090000e-04
1499 2 8.090000e-04
10728 2 7.378000e-04
5925 2 8.090000e-04
9817 2 0.000000e+00
10273 2 8.090000e-04
3725 2 7.378000e-04
3551 2 7.378000e-04
2932 2 8.090000e-04
5888 2 8.090000e-04
6790 1 8.090000e-04
9255 1 8.090000e-04
9252 1 8.090000e-04
55291 1 8.090000e-04
7185 1 1.031500e-03
7187 1 8.090000e-04
203068 1 8.090000e-04
2745 1 8.090000e-04
8294 1 8.090000e-04
397 1 7.378000e-04
396 1 8.090000e-04
205 1 1.430000e-04
6217 1 8.090000e-04
6210 1 8.090000e-04
24145 1 6.617000e-04
8841 1 8.090000e-04
367 1 8.090000e-04
5058 1 8.090000e-04
347733 1 8.090000e-04
2805 1 1.031500e-03
26548 1 7.378000e-04
4294 1 7.378000e-04
4292 1 8.090000e-04
81567 1 8.090000e-04
2186 1 8.090000e-04
154 1 8.090000e-04
156 1 8.090000e-04
159 1 8.090000e-04
6189 1 8.090000e-04
10376 1 8.090000e-04
122953 1 6.617000e-04
6233 1 8.090000e-04
9770 1 8.090000e-04
79728 1 8.090000e-04
6430 1 1.031500e-03
9948 1 8.090000e-04
8507 1 6.617000e-04
26528 1 1.031500e-03
10454 1 8.090000e-04
11243 1 7.378000e-04
5801 1 5.092000e-04
10537 1 8.090000e-04
834 1 6.617000e-04
835 1 7.378000e-04
8880 1 1.031500e-03
5241 1 7.378000e-04
468 1 7.378000e-04
3002 1 7.378000e-04
7284 1 8.090000e-04
23221 1 7.378000e-04
6416 1 7.378000e-04
3912 1 1.031500e-03
6732 1 1.031500e-03
554313 1 8.090000e-04
90627 1 7.378000e-04
10000 1 7.378000e-04
90324 1 7.378000e-04
5829 1 8.090000e-04
730211 1 7.378000e-04
64770 1 8.090000e-04
2768 1 7.378000e-04
3065 1 8.090000e-04
55074 1 7.378000e-04
2597 1 8.090000e-04
498 1 8.090000e-04
150864 1 3.654000e-04
7755 1 8.090000e-04
3932 1 8.090000e-04
6711 1 8.090000e-04
3661 1 7.378000e-04
57215 1 7.378000e-04
5034 1 8.090000e-04
8926 1 7.378000e-04
5591 1 8.090000e-04
5590 1 7.378000e-04
5594 1 8.090000e-04
5599 1 8.090000e-04
27257 1 8.090000e-04
10916 1 7.378000e-04
10910 1 8.090000e-04
7298 1 8.090000e-04
7704 1 8.090000e-04
2038 1 3.654000e-04
637 1 8.090000e-04
23770 1 8.090000e-04
8359 1 8.090000e-04
4068 1 7.378000e-04
5781 1 8.090000e-04
85365 1 7.378000e-04
596 1 8.090000e-04
4215 1 7.378000e-04
4214 1 8.090000e-04
5571 1 8.090000e-04
331 1 8.090000e-04
332 1 8.090000e-04
11221 1 6.617000e-04
1938 1 8.090000e-04
22933 1 8.090000e-04
55603 1 7.378000e-04
56950 1 7.378000e-04
10598 1 8.090000e-04
55578 1 7.378000e-04
7013 1 8.090000e-04
8370 1 8.090000e-04
26355 1 7.378000e-04
100507855 1 1.430000e-04
1026 1 8.090000e-04
5340 1 7.378000e-04
9656 1 8.090000e-04
9655 1 5.847000e-04
572 1 7.378000e-04
351 1 8.090000e-04
6125 1 8.090000e-04
6122 1 8.090000e-04
6129 1 8.090000e-04
55917 1 8.090000e-04
10953 1 8.090000e-04
81631 1 8.090000e-04
79657 1 7.378000e-04
166 1 1.031500e-03
3998 1 8.090000e-04
80204 1 7.378000e-04
7867 1 8.090000e-04
26973 1 8.090000e-04
84271 1 1.031500e-03
79001 1 8.090000e-04
5536 1 8.090000e-04
3839 1 8.090000e-04
55249 1 7.378000e-04
6147 1 8.090000e-04
6146 1 8.090000e-04
2058 1 8.090000e-04
4820 1 5.092000e-04
9404 1 8.090000e-04
64333 1 7.378000e-04
7324 1 8.090000e-04
7321 1 8.090000e-04
7323 1 8.090000e-04
7328 1 8.090000e-04
8850 1 8.090000e-04
1386 1 7.378000e-04
1387 1 8.090000e-04
60485 1 8.090000e-04
7846 1 8.090000e-04
1978 1 8.090000e-04
5516 1 8.090000e-04
84292 1 8.090000e-04
51451 1 7.378000e-04
8452 1 8.090000e-04
6161 1 8.090000e-04
51322 1 8.090000e-04
1019 1 8.090000e-04
5778 1 6.617000e-04
8986 1 6.617000e-04
1950 1 7.378000e-04
56924 1 6.617000e-04
3308 1 8.090000e-04
5496 1 8.090000e-04
3303 1 8.090000e-04
2099 1 8.090000e-04
81926 1 1.849040e-02
7365 1 1.430000e-04
7024 1 8.090000e-04
3336 1 8.090000e-04
4082 1 8.090000e-04
4085 1 8.090000e-04
26249 1 6.617000e-04
1852 1 5.847000e-04
2176 1 8.090000e-04
2175 1 8.090000e-04
6885 1 7.378000e-04
8411 1 7.378000e-04
89870 1 8.090000e-04
6667 1 8.090000e-04
6482 1 0.000000e+00
4149 1 8.090000e-04
4141 1 8.090000e-04
3856 1 8.090000e-04
5914 1 8.090000e-04
64689 1 8.090000e-04
7341 1 8.090000e-04
2947 1 1.430000e-04
55054 1 6.617000e-04
84971 1 6.617000e-04
5582 1 7.378000e-04
5108 1 8.090000e-04
2115 1 7.378000e-04
2625 1 5.847000e-04
660 1 6.617000e-04
1912 1 1.031500e-03
1915 1 1.031500e-03
3280 1 8.090000e-04
8434 1 8.090000e-04
79444 1 8.090000e-04
51218 1 5.092000e-04
5971 1 8.090000e-04
80076 1 8.090000e-04
84172 1 8.090000e-04
3327 1 5.092000e-04
6604 1 8.090000e-04
2353 1 8.090000e-04
3735 1 8.090000e-04
4691 1 8.090000e-04
6840 1 8.090000e-04
3096 1 8.090000e-04
1457 1 8.090000e-04
7385 1 8.090000e-04
2908 1 8.090000e-04
23557 1 8.090000e-04
55367 1 6.617000e-04
4719 1 1.031500e-03
4678 1 8.090000e-04
7248 1 8.090000e-04
6829 1 8.090000e-04
10549 1 8.090000e-04
8743 1 5.847000e-04
11140 1 8.090000e-04
58508 1 8.090000e-04
5979 1 8.090000e-04
9261 1 8.090000e-04
3178 1 8.090000e-04
8550 1 7.378000e-04
793 1 5.092000e-04
2316 1 8.090000e-04
5859 1 8.090000e-04
23649 1 8.090000e-04
7266 1 8.090000e-04
8837 1 7.378000e-04
11163 1 1.430000e-04
8505 1 8.090000e-04
28988 1 8.090000e-04
6789 1 8.090000e-04
6788 1 8.090000e-04
292 1 8.090000e-04
9531 1 8.090000e-04
1147 1 8.090000e-04
6772 1 8.090000e-04
81628 1 8.090000e-04
29110 1 8.090000e-04
56850 1 7.378000e-04
120892 1 8.090000e-04
6194 1 8.090000e-04
6223 1 1.540100e-03
6224 1 8.090000e-04
106821730 1 5.847000e-04
80824 1 3.654000e-04
5271 1 6.617000e-04
79738 1 7.378000e-04
5606 1 7.378000e-04
5601 1 8.090000e-04
5600 1 7.378000e-04
5609 1 7.378000e-04
5608 1 6.617000e-04
9978 1 8.090000e-04
5048 1 8.090000e-04
9518 1 5.092000e-04
10197 1 1.031500e-03
8517 1 8.090000e-04
4776 1 6.617000e-04
4778 1 7.378000e-04
4779 1 3.654000e-04
142 1 8.090000e-04
1191 1 7.378000e-04
821 1 8.090000e-04
6747 1 8.090000e-04
6748 1 8.090000e-04
836 1 0.000000e+00
839 1 7.378000e-04
3654 1 7.378000e-04
26073 1 8.090000e-04
10071 1 2.934000e-04
5062 1 8.090000e-04
4647 1 3.654000e-04
55300 1 2.934000e-04
1452 1 8.090000e-04
373509 1 3.654000e-04
55671 1 8.090000e-04
9149 1 7.378000e-04
7975 1 1.430000e-04
847 1 8.090000e-04
843 1 7.378000e-04
55362 1 1.430000e-04
29079 1 8.090000e-04
6721 1 8.090000e-04
6091 1 3.654000e-04
6093 1 8.090000e-04
1459 1 8.090000e-04
8939 1 1.031500e-03
7170 1 8.090000e-04
5583 1 5.847000e-04
5588 1 7.378000e-04
93144 1 1.031500e-03
2288 1 8.090000e-04
4925 1 8.090000e-04
10155 1 8.090000e-04
10013 1 0.000000e+00
23764 1 3.654000e-04
6709 1 8.090000e-04
391634 1 7.378000e-04
3091 1 8.090000e-04
10467 1 7.378000e-04
648 1 8.090000e-04
641 1 8.090000e-04
1676 1 8.090000e-04
23005 1 8.090000e-04
1410 1 8.090000e-04
4208 1 7.378000e-04
4209 1 7.378000e-04
4205 1 7.378000e-04
23400 1 7.378000e-04
7283 1 8.090000e-04
7280 1 8.090000e-04
9451 1 7.378000e-04
3420 1 8.090000e-04
7701 1 5.847000e-04
54925 1 6.617000e-04
7138 1 8.090000e-04
1650 1 8.090000e-04
581 1 7.378000e-04
329 1 8.090000e-04
6139 1 8.090000e-04
9474 1 6.617000e-04
571 1 5.847000e-04
57448 1 7.378000e-04
2060 1 8.090000e-04
2065 1 8.090000e-04
5019 1 8.090000e-04
27429 1 8.090000e-04
467 1 7.378000e-04
8361 1 8.090000e-04
8360 1 8.090000e-04
8363 1 8.090000e-04
8362 1 8.090000e-04
8365 1 8.090000e-04
8364 1 8.090000e-04
8367 1 8.090000e-04
8366 1 8.090000e-04
8368 1 8.090000e-04
3984 1 7.378000e-04
7871 1 8.090000e-04
9641 1 7.378000e-04
53635 1 8.090000e-04
1630 1 8.090000e-04
1639 1 1.031500e-03
84268 1 2.158000e-04
100137049 1 6.617000e-04
5429 1 7.378000e-04
4241 1 8.090000e-04
6159 1 8.090000e-04
55905 1 8.090000e-04
4846 1 8.090000e-04
2268 1 7.378000e-04
81620 1 7.378000e-04
79817 1 3.654000e-04
91748 1 5.847000e-04
79624 1 8.090000e-04
8681 1 6.617000e-04
261734 1 8.090000e-04
4035 1 8.090000e-04
5494 1 7.378000e-04
2872 1 7.378000e-04
5501 1 8.090000e-04
51447 1 8.090000e-04
7534 1 8.090000e-04
7530 1 8.090000e-04
7532 1 8.090000e-04
6173 1 7.378000e-04
6171 1 5.847000e-04
10980 1 8.090000e-04
135892 1 8.090000e-04
2203 1 8.090000e-04
2993 1 5.092000e-04
51053 1 8.090000e-04
6696 1 8.090000e-04
8621 1 7.378000e-04
4174 1 8.090000e-04
4170 1 7.378000e-04
4172 1 8.090000e-04
10724 1 8.090000e-04
7314 1 8.090000e-04
7316 1 8.090000e-04
7311 1 8.090000e-04
8615 1 8.090000e-04
920 1 7.378000e-04
9662 1 8.090000e-04
5585 1 8.090000e-04
3312 1 8.090000e-04
3315 1 8.090000e-04
5481 1 8.090000e-04
5580 1 7.378000e-04
5581 1 7.378000e-04
506 1 8.090000e-04
636 1 7.378000e-04
4155 1 8.090000e-04
6714 1 8.090000e-04
100462977 1 7.378000e-04
130872 1 6.617000e-04
9603 1 3.654000e-04
9031 1 8.090000e-04
3101 1 8.090000e-04
54915 1 1.031500e-03
8678 1 8.090000e-04
4097 1 5.847000e-04
2289 1 7.378000e-04
1849 1 5.092000e-04
1843 1 6.617000e-04
1846 1 5.092000e-04
3297 1 8.090000e-04
8290 1 8.090000e-04
100527963 1 7.378000e-04
57561 1 1.849040e-02
4131 1 8.090000e-04
27316 1 1.031500e-03
2048 1 7.378000e-04
6045 1 8.090000e-04
2623 1 8.090000e-04
10015 1 8.090000e-04
84181 1 8.090000e-04
842 1 7.378000e-04
10270 1 8.090000e-04
22897 1 8.090000e-04
841 1 8.090000e-04
5757 1 8.090000e-04
100532731 1 8.090000e-04
840 1 7.378000e-04
7431 1 8.090000e-04
5465 1 8.090000e-04
203522 1 3.654000e-04
1615 1 8.090000e-04
2103 1 3.654000e-04
2107 1 8.090000e-04
10488 1 8.090000e-04
10487 1 8.090000e-04
57820 1 7.378000e-04
5467 1 8.090000e-04
677 1 7.378000e-04
670 1 8.090000e-04
23148 1 7.378000e-04
3059 1 8.090000e-04
10072 1 8.090000e-04
10294 1 8.090000e-04
1060 1 7.378000e-04
9232 1 8.090000e-04
6613 1 8.090000e-04
6569 1 7.378000e-04
132 1 8.090000e-04
4233 1 8.090000e-04
10987 1 8.090000e-04
8805 1 8.090000e-04
8202 1 8.090000e-04
995 1 7.378000e-04
994 1 7.378000e-04
999 1 8.090000e-04
998 1 8.090000e-04
121504 1 8.090000e-04
26003 1 8.090000e-04
2934 1 7.378000e-04
3164 1 8.090000e-04
8569 1 7.378000e-04
6638 1 7.378000e-04
100526842 1 8.090000e-04
7272 1 8.090000e-04
7277 1 8.090000e-04
3304 1 8.090000e-04
7295 1 8.090000e-04
