9070	0.131253	57680
9070	0.131398	6594
9070	0.161958	11091
9070	0.188010	284312
9070	0.130294	127294
9070	0.129745	9757
9070	0.129706	8290
9070	0.133385	58499
9070	0.140499	3169
9070	0.129559	84661
9070	0.129557	4221
9070	0.131341	84074
9070	0.131006	7158
9070	0.131262	7157
9070	0.134327	5705
9070	0.138835	2078
9070	0.134370	367
9070	0.167149	5929
9070	0.134873	30827
9070	0.183295	23054
9070	0.130805	9219
9070	0.131999	2186
9070	0.582403	5468
9070	0.131277	3054
9070	0.145910	171023
9070	0.134162	8085
9070	0.130306	4297
9070	0.131362	58508
9070	0.132527	55636
9070	0.140050	7404
9070	0.135194	7403
10295	0.111116	2494
6667	0.154417	9612
6667	0.100496	6879
6667	0.108537	30012
6667	0.100921	4088
6667	0.099954	54880
6667	0.099949	6721
6667	0.104426	6720
6667	0.102795	3065
6667	0.126865	3064
6667	0.104018	2099
6667	0.102456	6908
6667	0.099618	5580
6667	0.101263	7157
6667	0.102774	5451
6667	0.099911	4087
6667	0.135571	5371
6667	0.116501	4487
6667	0.132784	2033
6667	0.101879	6047
6667	0.128048	10524
6667	0.107746	6736
6667	0.099939	1869
6667	0.101278	3054
6667	0.169000	9314
6667	0.104260	1958
6667	0.143554	9611
6667	0.099727	5595
6667	0.101577	5594
6667	0.104563	3227
6667	0.102130	4208
6667	0.101457	3090
6667	0.102202	3091
6667	0.114748	5914
6667	0.101226	7528
6667	0.104905	2100
6667	0.111415	2516
6722	0.121417	1051
6722	0.116016	10973
6722	0.163495	9612
6722	0.117959	93649
6722	0.120363	153443
6722	0.124978	51008
6722	0.137453	7329
6722	0.140294	6258
6722	0.176249	8648
6722	0.123826	5914
6722	0.113792	6714
6722	0.144950	1387
6722	0.158337	6256
6722	0.114273	7403
6722	0.185384	9325
6721	0.096674	10401
6721	0.094868	5595
6721	0.096718	5594
6721	0.096101	1024
6721	0.096405	7157
6721	0.123516	7329
6721	0.130338	10987
6721	0.094965	7750
6721	0.096084	8216
6721	0.122632	7791
6721	0.099567	6720
6721	0.131542	8554
6721	0.122007	3064
6721	0.143398	5469
6721	0.096606	1385
6721	0.131014	1387
6721	0.097466	51586
6721	0.099402	1958
6721	0.098738	10001
6720	0.103214	10001
6720	0.192323	190
6720	0.100880	7157
6720	0.104952	9282
6720	0.132402	2033
6720	0.113546	201501
6720	0.100360	9443
6720	0.099310	2932
6720	0.103553	9441
6720	0.099837	23411
6720	0.147874	5469
6720	0.104228	9862
6720	0.106496	4602
6720	0.100577	1024
6720	0.099345	5595
6720	0.101194	5594
6720	0.101926	9968
6720	0.100909	9439
6720	0.101082	1385
6720	0.135489	1387
6720	0.101942	51586
6720	0.101485	9969
9670	0.113268	2710
9670	0.106301	2101
9670	0.108301	8092
9670	0.126118	7329
136227	0.098220	6908
136227	0.128958	871
23369	0.118147	340719
23369	0.103176	9439
6517	0.097281	1616
6517	0.124955	7329
6517	0.107866	153443
4783	0.116347	10538
4783	0.132211	4097
4783	0.203958	23764
4783	0.117390	1649
10103	0.111628	4192
10103	0.156130	4793
4780	0.222241	9603
4780	0.204573	23764
4780	0.132826	4097
4780	0.112072	468
4780	0.107338	5580
4780	0.140765	5578
4780	0.135945	571
4780	0.114132	196
4780	0.107411	2932
4780	0.108458	6942
4780	0.142850	8805
4780	0.109009	7341
4780	0.188947	7975
4780	0.122467	5914
4780	0.143591	1387
4780	0.116073	4778
3727	0.109144	10538
3727	0.135098	10987
3727	0.110186	1649
3727	0.103885	8061
3727	0.132685	2033
3727	0.134909	3725
3727	0.104271	367
3727	0.099460	4221
8092	0.138534	2033
8092	0.141622	1387
3551	0.127584	2735
3551	0.128750	1147
3551	0.129213	7291
3551	0.154591	3064
3551	0.173705	5495
3551	0.162733	3725
3551	0.133703	2309
3551	0.128049	79004
3551	0.127343	5580
3551	0.128988	7157
3551	0.580129	5468
3551	0.127721	8517
3551	0.177833	8202
3551	0.130558	1499
3551	0.132439	6714
3551	0.127733	8533
3551	0.129303	4790
3551	0.129764	4791
3551	0.175562	4793
3551	0.160562	5970
3551	0.160771	5578
3551	0.162921	10987
3551	0.163597	1387
3551	0.207688	4582
51303	0.138202	5970
115950	0.180488	2516
10891	0.174477	2100
10891	0.169791	23411
10891	0.188070	3172
10891	0.177161	2908
10891	0.169264	2932
10891	0.197946	7329
10891	0.218830	6256
10891	0.185289	2494
10891	0.185538	5465
10891	0.188128	9970
10891	0.621976	5468
10891	0.178129	2101
10891	0.202409	5970
10891	0.185561	8856
10891	0.172895	6097
10891	0.176865	2104
10587	0.150952	23054
10587	0.141209	9611
10587	0.148509	10499
10587	0.099141	10474
10788	0.132622	5970
10788	0.147620	4793
9937	0.138801	8554
84307	0.101185	55663
84307	0.127759	8543
84307	0.098007	51282
9935	0.134759	468
9935	0.142606	4094
9935	0.158632	571
9935	0.134390	8061
9935	0.134795	2353
9935	0.171637	51201
9463	0.098687	2899
9463	0.129003	5578
9463	0.104865	2917
9463	0.095497	2891
9463	0.096743	2892
9463	0.124278	7874
9463	0.096208	2672
9463	0.104405	7832
2917	0.150261	23426
2918	0.137532	8554
715	0.132685	2033
1993	0.116246	3225
1993	0.197573	10002
1993	0.116964	1996
5465	0.132099	10062
5465	0.165576	9612
5465	0.126927	6955
5465	0.154712	9611
5465	0.160417	6256
5465	0.143942	2033
5465	0.218694	7141
5465	0.139533	7329
5465	0.142374	6258
5465	0.119621	1018
5465	0.218967	2168
5465	0.178329	8648
5465	0.150961	3171
5465	0.170034	51102
5465	0.115872	6714
5465	0.142973	29982
5465	0.169705	8204
5467	0.170895	8431
5467	0.146368	10048
5467	0.163004	9612
5467	0.143933	5629
5467	0.152140	9611
5467	0.112916	5705
5467	0.216123	7141
5467	0.139803	6258
5467	0.110843	2752
5467	0.109814	3066
5467	0.175758	8648
5467	0.114127	8668
5467	0.141371	2033
5467	0.211460	6257
5467	0.157846	6256
5469	0.147045	10001
5469	0.143894	112950
5469	0.146477	8295
5469	0.146679	10025
5469	0.147467	2099
5469	0.147419	219541
5469	0.154381	7421
5469	0.144712	7157
5469	0.148783	9282
5469	0.182274	547
5469	0.162005	9970
5469	0.143776	2709
5469	0.167302	81857
5469	0.147385	9441
5469	0.144934	54797
5469	0.146091	400569
5469	0.595853	5468
5469	0.148060	9862
5469	0.152252	6095
5469	0.159218	6955
5469	0.145172	80854
5469	0.144408	1024
5469	0.148354	2100
5469	0.145757	9968
5469	0.152189	7376
5469	0.192708	6256
5469	0.145774	51586
5469	0.143827	9412
5469	0.144917	55588
5469	0.144741	9439
5469	0.158197	5914
5469	0.179321	1387
5469	0.246322	6257
5469	0.145316	9969
5468	0.580789	871
5468	0.579545	8543
5468	0.599894	253980
5468	0.583167	5371
5468	0.586421	547
5468	0.609904	8431
5468	0.575643	10524
5468	0.599140	3832
5468	0.644450	23764
5468	0.572449	1956
5468	0.586900	6840
5468	0.578500	4734
5468	0.571924	7316
5468	0.583468	1387
5468	0.650470	6257
5468	0.596855	6256
5468	0.585377	10048
5468	0.655030	6857
5468	0.656901	8031
5468	0.640301	190
5468	0.575917	7874
5468	0.578839	5604
5468	0.593576	5495
5468	0.577747	81
5468	0.593715	2308
5468	0.582727	8805
5468	0.606143	8204
5468	0.597704	8202
5468	0.814574	247
5468	0.599677	3159
5468	0.616596	9314
5468	0.610664	221037
5468	0.571678	6421
5468	0.580642	5578
5468	0.670713	4488
5468	0.582793	10987
5468	0.655132	7141
5468	0.578091	6772
5468	0.655405	2168
5468	0.606585	10902
5468	0.593524	8721
5468	0.580434	5970
5468	0.595228	57409
5468	0.579555	11091
5468	0.588982	6604
5468	0.575086	7791
5468	0.588245	3164
5468	0.664514	9326
5468	0.623902	9325
5468	0.580569	857
5468	0.759186	26137
5468	0.602062	23019
5468	0.575439	11331
5468	0.582604	3725
5468	0.583686	1020
5468	0.600359	221504
5468	0.598449	10499
5468	0.602013	9612
5468	0.645196	10002
5468	0.591149	9611
5468	0.605607	284312
5468	0.604182	64324
5468	0.574461	3064
5468	0.631619	84838
5468	0.593757	23426
5468	0.856020	85441
5468	0.645481	79842
5468	0.665026	4929
5468	0.575970	7329
5468	0.766998	221895
5468	0.580380	2033
5468	0.585619	8841
5468	0.584746	5929
5468	0.583811	2648
5468	0.662118	9603
5468	0.600892	23054
5468	0.583996	8554
5468	0.595433	4793
5468	0.608992	51701
5468	0.594818	29109
5468	0.604575	688
5468	0.614767	8648
5468	0.642150	9925
5468	0.627559	4582
6840	0.182127	57409
6840	0.136469	255967
6840	0.134783	57496
6840	0.134802	4297
6840	0.142085	2908
6840	0.144576	399909
6840	0.138866	367
6840	0.138514	2099
6095	0.109536	8668
6095	0.133021	55629
6095	0.154849	10499
6095	0.139342	5629
6095	0.108323	5705
6095	0.139191	10987
6095	0.196701	190
6095	0.111637	79364
6095	0.160581	64324
6095	0.136779	2033
6095	0.171166	8648
6095	0.105240	79365
6095	0.139282	10957
6097	0.104055	8668
6097	0.105802	9575
6097	0.102844	5705
6097	0.100510	406
6097	0.165686	8648
6097	0.151811	23054
6097	0.105189	4862
6097	0.099760	79365
6097	0.134387	1387
6097	0.107320	6096
6096	0.133023	55629
6096	0.115667	4878
6096	0.111284	9575
6096	0.108325	5705
6096	0.162544	8204
6096	0.164012	4135
6096	0.132372	7329
6096	0.160583	64324
6096	0.171168	8648
6096	0.157293	23054
6096	0.109538	8668
6096	0.108711	6714
6096	0.139284	10957
6096	0.108913	7136
5308	0.104243	1499
5308	0.224527	4488
5308	0.218328	9326
5308	0.104570	2296
5308	0.112043	4205
255967	0.112546	9924
4734	0.127586	6340
4734	0.126771	139067
4734	0.162187	1020
4734	0.127018	4088
4734	0.150423	7316
4734	0.126584	54765
4734	0.126771	57471
4734	0.126771	94015
4734	0.150949	1956
4734	0.134450	4778
4734	0.161104	3725
4734	0.130809	6714
4734	0.126771	221002
4734	0.128013	6338
4734	0.127322	7528
4734	0.129591	10110
2313	0.096116	4088
2313	0.131595	8554
2313	0.123569	7329
2313	0.094813	5580
2313	0.096485	7341
64708	0.129928	10987
64708	0.094739	8533
64708	0.094511	10920
64708	0.102861	9318
286827	0.105166	2100
286827	0.104279	2099
55588	0.097105	112950
55588	0.100631	219541
55588	0.099891	10025
55588	0.100257	10001
55588	0.098985	51586
55588	0.101994	9282
55588	0.099302	400569
55588	0.097039	9412
55588	0.098145	54797
55588	0.097952	9439
55588	0.101271	9862
55588	0.098969	9968
55588	0.098528	9969
84547	0.137471	342945
84547	0.149002	3164
84547	0.113728	55663
84547	0.110550	51282
5915	0.177710	9612
5915	0.133921	2625
5915	0.127621	5705
5915	0.240723	4929
5915	0.123204	4087
5915	0.183308	4135
5915	0.172552	6256
5915	0.154509	6258
5915	0.148283	55806
5915	0.190464	8648
5915	0.128833	8668
5915	0.226166	6257
5915	0.158580	10957
5915	0.128367	25865
5914	0.112972	23532
5914	0.110109	6497
5914	0.164357	9612
5914	0.133793	81857
5914	0.153494	9611
5914	0.117529	2908
5914	0.118679	7376
5914	0.138261	7874
5914	0.129233	5881
5914	0.111168	3066
5914	0.111230	7341
5914	0.140091	81
5914	0.113958	2099
5914	0.162021	3159
5914	0.141754	29982
5914	0.114268	5705
5914	0.227370	4929
5914	0.145511	5371
5914	0.113875	6688
5914	0.129144	7068
5914	0.116614	4862
5914	0.145227	10957
5914	0.172248	8431
5914	0.138966	55629
5914	0.117227	9575
5914	0.160793	10499
5914	0.109731	2624
5914	0.163236	23054
5914	0.168486	8204
5914	0.160048	8202
5914	0.112129	23133
5914	0.164405	23019
5914	0.134930	55806
5914	0.118070	9318
5914	0.114653	6714
5914	0.125852	171023
5914	0.126730	7080
5914	0.111517	5594
5914	0.111425	10474
5914	0.111231	1022
5914	0.166526	64324
5914	0.155329	50805
5914	0.141156	6258
5914	0.168816	51102
5914	0.177111	8648
5914	0.113991	8850
5914	0.212813	6257
5914	0.159199	6256
5914	0.119042	10865
252884	0.167561	284312
252884	0.114924	55663
252884	0.119316	54925
780851	0.179357	64324
6594	0.101464	30827
6594	0.096151	84661
6594	0.128550	11091
6594	0.098800	6597
6594	0.096361	6599
6594	0.096336	9757
6594	0.099976	58499
6594	0.097396	9219
6594	0.098591	2186
6594	0.097869	3054
6594	0.133740	5929
6595	0.096229	605
6595	0.096277	1024
6595	0.096312	9274
6595	0.097527	6597
6595	0.095060	6598
6595	0.095087	6599
6595	0.138871	9611
6595	0.097519	3091
6595	0.136704	6604
6595	0.096545	3066
6595	0.098112	3065
6595	0.099688	367
6595	0.098679	8110
6595	0.128155	5970
6595	0.099335	2099
6595	0.096864	8289
56751	0.148338	7089
6598	0.095847	605
6598	0.095894	1024
6598	0.095930	9274
6598	0.097144	6597
6598	0.096198	7157
6598	0.094705	6599
6598	0.095573	55193
6598	0.138488	9611
6598	0.096298	58508
6598	0.095386	6907
6598	0.097463	55636
6598	0.136322	6604
6598	0.096162	3066
6598	0.097730	3065
6598	0.095734	10498
6598	0.098297	8110
6598	0.130807	1387
6598	0.096143	5971
6598	0.096482	8289
6599	0.095874	605
6599	0.095921	1024
6599	0.095957	9274
6599	0.097171	6597
6599	0.095600	55193
6599	0.096170	5971
6599	0.096225	7157
6599	0.097490	55636
6599	0.136349	6604
6599	0.097757	3065
6599	0.095761	10498
6599	0.098324	8110
6599	0.132111	5929
6599	0.138515	9611
6599	0.096509	8289
196	0.102101	6879
196	0.101480	904
196	0.103600	406
196	0.101170	5925
196	0.103767	405
196	0.134389	2033
196	0.168776	8648
196	0.112105	3169
196	0.104438	1499
196	0.106319	6714
196	0.104061	6908
190	0.246444	8204
190	0.195487	2908
190	0.196028	9318
190	0.196456	2101
190	0.199313	2516
190	0.195191	2104
58508	0.096115	84661
58508	0.128514	11091
58508	0.097562	7158
58508	0.149851	23054
58508	0.096301	9757
58508	0.096261	8290
58508	0.106606	7404
58508	0.131563	3725
58508	0.133705	5929
58508	0.101750	7403
58508	0.097818	7157
79726	0.137197	2033
79722	0.174777	284312
117154	0.141046	10379
2268	0.102237	367
2268	0.122720	1956
2268	0.113855	8856
2268	0.108798	7421
1018	0.103220	5925
1018	0.104614	1024
1018	0.107302	1033
29915	0.099195	4297
29915	0.100167	3054
29915	0.130848	11091
29915	0.136039	5929
29915	0.098447	4221
8517	0.202622	6857
8517	0.096213	1147
8517	0.123315	727764
8517	0.096131	8216
8517	0.095684	6879
8517	0.098976	54934
8517	0.193073	79842
8517	0.097067	6047
8517	0.145295	8202
8517	0.095931	9443
8517	0.120040	1956
8517	0.094880	2932
8517	0.095196	8533
8517	0.096765	4790
8517	0.097226	4791
8517	0.143024	4793
8517	0.128025	5970
8517	0.119515	7316
8517	0.105472	1649
8517	0.131059	1387
8517	0.095352	79155
4211	0.118702	3196
4211	0.100579	3227
4211	0.098048	3229
4211	0.097957	3202
4211	0.133625	2018
4197	0.103099	8850
4197	0.100339	9439
4197	0.127422	7329
4197	0.103437	2353
4197	0.100504	3090
4197	0.100337	7341
4197	0.134055	3725
4197	0.100273	7528
4197	0.134919	1387
4197	0.103235	3726
4197	0.099420	2355
7994	0.096758	7157
7994	0.095201	8290
7994	0.095801	4297
7994	0.127454	11091
57472	0.142143	9337
57472	0.132931	29883
57472	0.132833	9125
57472	0.131845	25904
57472	0.142388	4848
57472	0.176967	23019
22908	0.132207	5578
8668	0.121673	10062
8668	0.118432	5916
8668	0.125408	4306
8668	0.119937	7068
8668	0.104750	2099
8668	0.116722	8856
8668	0.111664	7421
8668	0.108026	2104
8668	0.119289	9970
8668	0.109291	2101
8668	0.105637	2100
8668	0.111067	3174
9847	0.122624	2101
79365	0.103146	1050
79365	0.128396	11091
79365	0.096130	2932
79365	0.099232	3065
79365	0.103724	9575
195814	0.233539	51701
195814	0.429037	2134
2516	0.135633	55629
2516	0.111481	30827
2516	0.143007	8554
2516	0.141954	5629
2516	0.120358	6662
2516	0.165154	8204
2516	0.134982	7329
2516	0.173778	8648
2516	0.152535	8721
2516	0.109440	1499
2516	0.150761	55809
8693	0.216632	4582
8289	0.097651	605
8289	0.097734	9274
8289	0.098948	6597
8289	0.097377	55193
8289	0.098195	3090
8289	0.138126	6604
8289	0.097538	10498
8289	0.100101	8110
904	0.096027	1024
904	0.095563	6879
904	0.096075	7158
904	0.099085	2099
904	0.130638	5371
904	0.097391	51586
904	0.127851	2033
904	0.145921	10499
904	0.097522	6908
904	0.097376	9968
904	0.096935	9969
904	0.095416	125050
5578	0.136978	7376
5578	0.127945	8290
5578	0.133772	3007
5578	0.136686	7832
5578	0.161022	2033
5578	0.128426	4968
5578	0.127883	9421
5578	0.129936	94274
5578	0.130992	9332
5578	0.127931	2932
5578	0.133817	4255
5578	0.132193	6674
5578	0.129129	3151
5578	0.153091	1956
5578	0.130688	5207
5578	0.180320	3159
5578	0.140976	6402
5578	0.130201	5598
5578	0.135174	3010
5578	0.235774	7141
5578	0.132161	7142
5578	0.139003	3150
5578	0.185217	688
5578	0.129357	1576
113179	0.206728	7068
6278	0.141751	10048
6278	0.139166	10987
247	0.411428	6256
1845	0.097579	4760
1845	0.121140	1956
1845	0.096014	5595
1845	0.097864	5594
7709	0.100349	604
7709	0.101305	2100
7709	0.101324	5241
7709	0.096651	2672
7709	0.097679	3054
7709	0.132272	1387
7709	0.100418	2099
3090	0.098181	10401
3090	0.100091	2122
3090	0.125023	7329
3090	0.133049	8554
3090	0.099482	1499
3150	0.117815	5568
3150	0.114405	7832
3150	0.138741	2033
3150	0.114311	4778
387893	0.096092	7157
387893	0.123203	7329
387893	0.095836	7158
430	0.169235	23054
430	0.153089	5929
54556	0.119931	10062
54556	0.107731	7376
54880	0.123467	7874
54880	0.099094	604
54880	0.096348	112939
54880	0.149563	9612
8463	0.167788	8648
8463	0.108152	7392
7341	0.102518	10773
7341	0.150899	9612
7341	0.121157	4306
7341	0.124803	7874
7341	0.127725	5604
7341	0.096702	28996
7341	0.096693	3659
7341	0.099338	7227
7341	0.096802	835
7341	0.097183	1616
7341	0.099985	51341
7341	0.132053	5371
7341	0.124856	7329
7341	0.096048	5925
7341	0.098361	6047
7341	0.100852	367
7341	0.107115	4205
7341	0.096306	7750
7341	0.098015	10401
7341	0.102102	467
7341	0.132882	8554
7341	0.097085	6304
7341	0.131490	3725
7341	0.114980	3172
7341	0.099925	2122
7341	0.098103	6996
7341	0.097490	7158
7341	0.100872	2353
7341	0.097745	7157
7341	0.105063	53335
7341	0.100313	1386
7341	0.132354	1387
7341	0.112471	8856
9282	0.100971	112950
9282	0.101486	1024
9282	0.104496	219541
9282	0.103757	10025
9282	0.124379	81857
9282	0.102850	51586
9282	0.108116	2908
9282	0.104462	9441
9282	0.116294	6955
9282	0.103168	400569
9282	0.100905	9412
9282	0.103553	8295
9282	0.101818	9439
9282	0.102011	54797
9282	0.105136	9862
9282	0.102834	9968
9282	0.102393	9969
9282	0.104123	10001
9326	0.217015	2100
9326	0.231314	7068
9326	0.230608	3172
9326	0.261369	6256
9326	0.324625	9214
3291	0.132982	2648
3291	0.100819	8850
9324	0.112757	7421
9324	0.121030	7068
857	0.132536	367
857	0.135755	2908
857	0.128077	4087
857	0.152493	7316
857	0.134859	5740
857	0.153019	1956
857	0.129401	5338
857	0.132879	6714
857	0.132184	2099
857	0.128418	5743
9611	0.159685	10062
9611	0.142694	604
9611	0.193163	9612
9611	0.140955	6597
9611	0.146335	2908
9611	0.139197	6907
9611	0.139973	3066
9611	0.141540	3065
9611	0.173754	3725
9611	0.175146	8554
9611	0.142763	2099
9611	0.139770	1147
9611	0.141342	11177
9611	0.144782	10773
9611	0.140008	7157
9611	0.174316	5371
9611	0.158632	4848
9611	0.143116	367
9611	0.139176	9682
9611	0.156277	2649
9611	0.165611	3064
9611	0.139023	2874
9611	0.166589	11331
9611	0.140746	2186
9611	0.176769	8841
9611	0.142206	10014
9611	0.143650	2100
9611	0.157950	7068
9611	0.149236	7067
9611	0.147485	7376
9611	0.145294	9572
9611	0.156444	5916
9611	0.195724	688
9611	0.149677	7421
9611	0.174617	1387
9611	0.154734	8856
9611	0.140388	8819
5705	0.120460	10062
5705	0.131479	11091
5705	0.103539	2099
5705	0.124196	4306
5705	0.118077	9970
5705	0.149628	8202
5705	0.103910	2353
5705	0.109854	3174
5705	0.117220	5916
5705	0.118725	7068
5705	0.123848	7316
5705	0.115510	8856
5705	0.110452	7421
5705	0.108078	2101
5705	0.104426	2100
5705	0.148780	6256
5705	0.106814	2104
3458	0.105494	3459
3459	0.127288	6772
3516	0.131833	2648
3516	0.150036	9612
3516	0.096882	7157
3516	0.095311	2932
3516	0.096911	9439
3516	0.099670	8850
387103	0.141601	10987
25904	0.124177	9337
25904	0.114964	29883
25904	0.114867	9125
25904	0.108193	57690
25904	0.123731	246175
25904	0.124422	4848
25904	0.112847	4849
25904	0.159001	23019
25904	0.119916	9924
55154	0.142322	10062
55154	0.154166	2033
3897	0.133447	10048
27287	0.118784	7089
27287	0.106829	10379
26873	0.122679	2710
4776	0.102249	2626
4776	0.111925	8856
6617	0.109898	3206
6617	0.194342	10002
6617	0.099197	6908
4773	0.129754	3725
4773	0.130618	1387
4773	0.099135	2353
1464	0.097803	80852
1464	0.142046	23426
91	0.149861	6256
90	0.165656	6256
90	0.127329	7421
90	0.135602	7068
4778	0.114256	6758
4778	0.107597	8850
4778	0.107899	468
4778	0.105743	51282
4778	0.218068	9603
4778	0.139418	1387
4779	0.233842	9603
4779	0.121792	58487
4779	0.144427	4097
4779	0.123673	468
4779	0.216174	23764
4779	0.119012	2932
4779	0.185799	60468
4779	0.120598	3054
4779	0.123470	923
6758	0.163913	284312
6758	0.108260	84105
6759	0.124572	5083
6759	0.109959	3091
6759	0.109796	7494
6759	0.108700	8216
3202	0.112553	11036
3202	0.107417	1649
3202	0.098620	7291
1628	0.112341	1050
1628	0.113835	1054
1628	0.114875	10538
1628	0.111253	467
1628	0.115918	1649
1628	0.125361	55509
1628	0.114473	116071
1628	0.106692	2034
1628	0.121993	3131
1628	0.112920	9575
64324	0.168486	7101
64324	0.162710	7421
64324	0.169310	2649
64324	0.170982	7068
64324	0.167495	2494
64324	0.201037	6256
64324	0.151484	8290
64324	0.157312	3007
64324	0.165347	7026
64324	0.168712	7025
64324	0.156148	367
64324	0.235801	84838
64324	0.160336	2101
64324	0.216990	2063
64324	0.155796	2099
64324	0.162112	3174
221504	0.154223	55628
221504	0.151261	91612
221504	0.160299	7544
221504	0.155544	2908
221504	0.155674	133522
221504	0.149532	4790
83478	0.122728	3064
5810	0.095851	3364
5810	0.130771	10987
150000	0.145771	3164
29883	0.125262	9337
29883	0.115953	9125
29883	0.109279	57690
29883	0.124816	246175
29883	0.125507	4848
29883	0.136117	6772
29883	0.105826	10766
29883	0.160086	23019
29883	0.114069	7832
29883	0.121002	9924
29883	0.113933	4849
284312	0.154037	84525
284312	0.174777	84684
284312	0.153946	9443
284312	0.172399	246175
284312	0.153582	9412
284312	0.159472	55628
284312	0.174777	57057
284312	0.153699	6879
284312	0.159878	4862
57786	0.095442	5925
57786	0.100247	367
63946	0.113530	10379
440515	0.137080	5371
3066	0.095980	84661
3066	0.096126	8290
3066	0.099214	3065
3066	0.150837	9612
3066	0.095985	5925
3066	0.097683	7157
3066	0.099922	51341
3066	0.098629	6597
3066	0.131551	8805
3066	0.098621	3091
3066	0.097022	6304
3066	0.097908	7291
3066	0.097225	9219
3066	0.148501	3159
3066	0.107351	26240
3066	0.153398	688
3066	0.129257	5970
3066	0.098062	8819
3065	0.152404	9612
3065	0.100196	6597
3065	0.105576	2908
3065	0.126361	7329
3065	0.097693	8290
3065	0.102005	2099
3065	0.098264	3364
3065	0.104696	1050
3065	0.097553	5925
3065	0.098687	1616
3065	0.100762	5451
3065	0.128670	5017
3065	0.133558	5371
3065	0.100025	4791
3065	0.133119	8805
3065	0.130771	2033
3065	0.136011	8841
3065	0.160295	8431
3065	0.126034	10524
3065	0.097778	2624
3065	0.098265	2874
3065	0.125831	11331
3065	0.098793	9219
3065	0.122977	55806
3065	0.102357	367
3065	0.097926	1869
3065	0.099565	4790
3065	0.099195	5971
3065	0.098908	4088
3065	0.098590	6304
3065	0.097734	860
3065	0.099250	7157
3065	0.101490	51341
3065	0.099213	7528
3065	0.130825	5970
3065	0.099629	8819
3065	0.111556	7026
3064	0.124655	11177
3064	0.123082	1147
3064	0.123320	7157
3064	0.124382	51586
3064	0.126620	3227
3064	0.122436	9412
3064	0.124005	4209
3064	0.122763	29993
3064	0.158458	8554
3064	0.121928	23613
3064	0.124891	1499
3064	0.157930	1387
3064	0.123635	4790
2709	0.095211	2932
5458	0.107146	2099
1051	0.143745	2648
1051	0.109107	5594
1051	0.109568	60489
1051	0.108794	7157
1051	0.114409	4602
1051	0.115120	2908
1051	0.117816	1649
1051	0.112068	10221
1051	0.140315	2033
1051	0.164510	688
1051	0.108329	10498
1051	0.108995	1385
1051	0.111582	8850
1051	0.111548	2099
1051	0.111791	1958
1051	0.187494	4582
1053	0.107935	1050
1053	0.116647	11036
1053	0.104456	10025
1053	0.109428	1054
1053	0.105579	468
1053	0.110468	10538
1053	0.104000	5451
1053	0.106846	467
1053	0.111511	1649
1053	0.129601	7329
1053	0.105210	8061
1053	0.120954	55509
1053	0.110066	116071
1053	0.137626	8554
1053	0.105616	2353
1053	0.136234	3725
1053	0.101234	8533
1053	0.101050	7750
1054	0.110103	1050
1054	0.107747	468
1054	0.112637	10538
1054	0.109015	467
1054	0.113680	1649
1054	0.123123	55509
1054	0.112235	116071
1054	0.160374	688
1054	0.107784	2353
1054	0.138402	3725
1054	0.107226	1386
1054	0.107379	8061
79004	0.100440	5241
79004	0.095243	5595
79004	0.097093	5594
79004	0.096541	1147
83758	0.160575	8431
5451	0.152384	9612
5451	0.114240	3225
5451	0.120652	3196
5451	0.106562	10379
5451	0.099245	3054
5451	0.100422	6908
51282	0.097165	55888
51282	0.097116	5595
51282	0.107155	54925
159296	0.125561	11036
5925	0.096967	6597
5925	0.123079	7874
5925	0.095981	51176
5925	0.123132	7329
5925	0.098693	6688
5925	0.099128	367
5925	0.095188	9682
5925	0.094556	23741
5925	0.122805	10524
5925	0.106400	26959
5925	0.148054	23054
5925	0.127542	2033
5925	0.094977	23411
5925	0.094697	1869
5925	0.129766	3725
5925	0.096480	80854
5925	0.130848	1020
5925	0.096959	3091
5925	0.096050	9439
133522	0.122255	130557
133522	0.106929	2099
133522	0.117410	7752
51102	0.173272	7068
51102	0.162187	54516
51102	0.172566	3172
51102	0.203327	6256
5929	0.133596	57680
5929	0.164301	11091
5929	0.132087	9757
5929	0.132048	8290
5929	0.135727	58499
5929	0.131902	84661
5929	0.131900	4221
5929	0.133684	84074
5929	0.133349	7158
5929	0.133605	7157
5929	0.160716	7329
5929	0.137215	30827
5929	0.185638	23054
5929	0.133148	9219
5929	0.134342	2186
5929	0.133620	3054
5929	0.136505	8085
5929	0.132648	4297
5929	0.134870	55636
5929	0.142393	7404
5929	0.137537	7403
1050	0.129948	10524
1050	0.106254	468
1050	0.116058	1044
1050	0.111144	10538
1050	0.107521	467
1050	0.152009	8202
1050	0.121630	55509
1050	0.110741	116071
1050	0.158880	688
1050	0.106290	2353
1050	0.105733	1386
1050	0.105885	8061
1050	0.106438	10221
23054	0.169428	10062
23054	0.186269	10048
23054	0.148048	84661
23054	0.180447	11091
23054	0.148399	4087
23054	0.149410	4088
23054	0.156077	2908
23054	0.157227	7376
23054	0.148233	9757
23054	0.202905	9612
23054	0.152506	2099
23054	0.149496	7158
23054	0.149751	7157
23054	0.152859	367
23054	0.165652	6957
23054	0.159420	7421
23054	0.148427	1869
23054	0.153201	6714
23054	0.166986	3172
23054	0.164256	6955
23054	0.153393	2100
23054	0.167692	7068
23054	0.158979	7067
23054	0.197747	6256
23054	0.195710	29109
23054	0.179704	6258
23054	0.150584	63925
23054	0.215659	8648
23054	0.149780	9439
23054	0.158539	7404
23054	0.152319	1386
23054	0.184360	1387
23054	0.150812	51586
23054	0.164477	8856
23054	0.153683	7403
4255	0.104789	2099
9441	0.100087	1024
9441	0.102358	10025
9441	0.101453	51586
9441	0.102156	8295
9441	0.122981	81857
9441	0.100420	9439
9441	0.103739	9862
9441	0.101436	9968
9441	0.100996	9969
2186	0.102066	30827
2186	0.096753	84661
2186	0.129152	11091
2186	0.096938	9757
2186	0.096899	8290
2186	0.100578	58499
2186	0.097999	9219
2186	0.098471	3054
79918	0.131249	5970
2122	0.102686	8850
2122	0.127009	7329
2122	0.103024	2353
2122	0.099927	9439
2122	0.133643	3725
2122	0.099861	7528
2122	0.134507	1387
2122	0.102823	3726
2122	0.099007	2355
26063	0.127709	2033
1280	0.131248	5970
1280	0.099877	3373
4664	0.105735	1958
51586	0.101113	10001
51586	0.100158	400569
51586	0.100544	8295
51586	0.100747	10025
51586	0.099001	54797
51586	0.121369	81857
51586	0.097962	112950
51586	0.102127	9862
51586	0.098476	1024
51586	0.098808	9439
51586	0.133388	1387
51586	0.099825	9968
51586	0.099384	9969
79842	0.208498	11036
79842	0.199390	2626
79842	0.228424	5629
79842	0.247508	80032
79842	0.225692	3664
79842	0.193998	4088
79842	0.200666	2908
79842	0.205736	5316
79842	0.197433	23338
79842	0.194301	51176
79842	0.203568	7067
79842	0.300370	26287
79842	0.192901	7750
29109	0.142285	23613
29109	0.154186	1380
688	0.206589	9612
688	0.151863	2932
688	0.180545	7329
688	0.188043	1387
8648	0.183303	10062
8648	0.187038	4306
8648	0.164573	6597
8648	0.167287	5241
8648	0.169953	2908
8648	0.171102	7376
8648	0.197371	3725
8648	0.208524	23426
8648	0.166381	2099
8648	0.166414	8850
8648	0.163626	7157
8648	0.174470	602
8648	0.164525	405
8648	0.195147	2033
8648	0.164242	6047
8648	0.168796	9971
8648	0.180919	9970
8648	0.166733	367
8648	0.238669	9325
8648	0.179895	2649
8648	0.173295	7421
8648	0.212471	8202
8648	0.173227	79447
8648	0.166752	2353
8648	0.180861	3172
8648	0.172697	3174
8648	0.179153	7080
8648	0.167268	2100
8648	0.172854	7067
8648	0.197559	10987
8648	0.181567	7068
8648	0.179297	7025
8648	0.178080	2494
8648	0.187454	3170
8648	0.211622	6256
8648	0.180062	5916
8648	0.213216	10499
8648	0.163162	10498
8648	0.170921	2101
8648	0.198235	1387
8648	0.265236	6257
8648	0.178352	8856
8648	0.169656	2104
7181	0.172057	8841
7181	0.192580	8204
7181	0.169604	5371
7181	0.151338	7182
7181	0.138404	367
7182	0.138979	126382
7182	0.113241	868
7182	0.331898	221895
7182	0.116867	367
7182	0.130995	3172
7182	0.215370	6257
11036	0.119150	30012
11036	0.114740	56676
11036	0.135719	4097
11036	0.114966	468
11036	0.127428	5083
11036	0.115176	3227
11036	0.207467	23764
11036	0.133299	3196
11036	0.148221	2018
11036	0.118093	4990
11036	0.126887	3225
1576	0.111836	2710
6035	0.129918	5970
10062	0.223566	6857
10062	0.123721	2908
10062	0.117075	8216
10062	0.122110	2309
10062	0.178440	8431
10062	0.174679	8204
10062	0.166240	8202
10062	0.123774	79364
10062	0.120845	6714
10062	0.136527	54929
10062	0.147348	6258
10062	0.162060	8721
10062	0.120183	8850
10062	0.219006	6257
10062	0.165391	6256
2710	0.111391	325
2710	0.151365	3164
2710	0.159976	6256
2928	0.098308	6047
5740	0.102138	5743
5079	0.097292	1616
5079	0.132464	1387
5079	0.129375	2033
5079	0.098168	5594
7227	0.126423	7329
7227	0.099928	6047
1499	0.099050	1147
1499	0.100235	6597
1499	0.098476	6907
1499	0.098278	5743
1499	0.144186	23426
1499	0.128176	81
1499	0.102077	8850
1499	0.144145	2308
1499	0.126399	7329
1499	0.130809	2033
1499	0.102396	367
1499	0.099249	51176
1499	0.097717	2932
1499	0.098244	23411
1499	0.098628	6304
1499	0.102739	6714
1499	0.116523	3172
1499	0.099603	4790
1499	0.133897	1387
1499	0.113742	2494
1499	0.108957	7421
1499	0.130862	5970
1499	0.147284	6256
23598	0.120195	604
23598	0.144473	571
23598	0.115805	4286
23598	0.118126	6047
23598	0.182725	60468
221895	0.363853	6256
8013	0.137352	10987
10346	0.127140	7874
10346	0.100284	1385
10346	0.099316	6879
8543	0.127768	79977
8543	0.126833	2932
23585	0.133470	10048
23585	0.123706	55262
5629	0.155214	4306
5629	0.136461	81606
5629	0.131460	4088
5629	0.146256	2494
5629	0.163322	2033
5629	0.139097	2101
5629	0.149037	3172
5629	0.137832	2104
406	0.129145	11091
406	0.098246	2034
406	0.099388	3091
406	0.097406	23411
406	0.104473	9575
406	0.103861	4862
406	0.113547	3131
406	0.133058	1387
405	0.098478	57491
405	0.099556	3091
405	0.098414	2034
405	0.098478	6492
405	0.148208	10499
405	0.102068	6714
2034	0.097173	4088
2034	0.106537	1649
2034	0.105092	116071
2034	0.115980	55509
2034	0.096471	23411
2034	0.098381	4208
2034	0.131260	3725
2034	0.105494	10538
2019	0.144291	3725
2018	0.153349	7089
4862	0.109154	9575
4862	0.151125	6256
932	0.119823	1033
9682	0.095328	8290
7750	0.095937	4088
7750	0.130586	5371
7750	0.123390	7329
7750	0.096480	1385
55629	0.142716	3172
55629	0.128236	2099
55629	0.141917	5916
55629	0.139935	2494
55629	0.173477	6256
55629	0.128588	367
55629	0.132776	2101
55629	0.129123	2100
55629	0.134552	3174
55629	0.131512	2104
10524	0.127610	367
10524	0.128144	2100
10524	0.123459	23411
10524	0.122946	8290
10524	0.124503	7157
10524	0.124817	4790
10524	0.130829	2908
10524	0.124728	7291
10524	0.135347	602
10524	0.151560	7874
10524	0.126267	8295
10524	0.124532	9439
10524	0.156077	5970
10524	0.127257	2099
10524	0.123241	1909
10524	0.142584	130557
158399	0.188275	84838
158399	0.133369	342945
338322	0.109399	367
79977	0.098678	57822
1956	0.124435	2353
1956	0.200008	4582
1956	0.121308	7157
1956	0.127555	6414
1956	0.127634	2908
1956	0.155616	5371
1956	0.122915	6773
1956	0.150540	6772
1956	0.124415	367
1956	0.119610	399694
1956	0.124758	6714
1956	0.150196	81
1956	0.120789	868
5991	0.136985	3664
5991	0.117028	5316
5991	0.105834	1385
400569	0.101065	10025
400569	0.101431	10001
400569	0.098279	112950
400569	0.098213	9412
400569	0.099319	54797
400569	0.102444	9862
400569	0.100142	9968
6714	0.124581	4306
6714	0.107495	2908
6714	0.108645	7376
6714	0.099907	1909
6714	0.101141	5338
6714	0.103924	2099
6714	0.179869	4582
6714	0.101168	7157
6714	0.118461	9970
6714	0.137929	8841
6714	0.103738	2113
6714	0.104276	367
6714	0.110240	3174
6714	0.131148	5604
6714	0.104829	5241
6714	0.115623	2494
6714	0.102107	3091
6714	0.110838	7421
6714	0.100705	10498
6714	0.108464	2101
6714	0.104811	2100
6714	0.202779	6257
6714	0.115895	8856
6714	0.107199	2104
1958	0.100715	7157
1958	0.132236	2033
1958	0.135324	1387
317772	0.137197	2033
8877	0.118338	5916
8877	0.133423	2033
7316	0.122551	23532
7316	0.143601	6421
7316	0.120264	868
7316	0.120220	1616
7316	0.154716	10987
7316	0.120231	10661
7316	0.147840	7874
7316	0.120783	7157
7316	0.152303	2033
7316	0.121399	6047
7316	0.154527	3725
7316	0.150762	5604
7316	0.120744	51176
7316	0.119684	79155
7316	0.119731	3659
4135	0.172905	5916
4135	0.172141	7025
54929	0.124327	7376
4487	0.115663	219541
4487	0.112956	7157
4487	0.132242	7089
4487	0.128507	5083
4487	0.113123	1746
4487	0.147564	1387
4487	0.234810	4488
4487	0.116576	51147
4487	0.114148	6908
54514	0.134870	10048
7528	0.100807	2353
7528	0.096914	6879
7528	0.105157	7376
7528	0.129202	2033
7528	0.131426	3725
7528	0.097882	1385
7528	0.100249	1386
7528	0.100469	8850
7528	0.097995	4790
7528	0.100606	3726
7528	0.098060	8819
7528	0.096791	2355
4488	0.238858	7089
4488	0.225899	2908
4488	0.259541	51201
54925	0.134076	342945
54925	0.104735	55888
54925	0.106740	7586
54925	0.110334	55663
6857	0.210215	2908
6857	0.205845	784
84525	0.104564	30012
2908	0.140563	10048
2908	0.157199	9612
2908	0.127457	4306
2908	0.200382	10002
2908	0.104991	6597
2908	0.186805	84838
2908	0.212087	8031
2908	0.143430	3164
2908	0.103789	7158
2908	0.103482	1616
2908	0.138352	5371
2908	0.131156	7329
2908	0.314372	26137
2908	0.107152	367
2908	0.118874	29893
2908	0.153635	10499
2908	0.161328	8204
2908	0.199635	23764
2908	0.152890	8202
2908	0.180937	225689
2908	0.116350	7026
2908	0.126634	81857
2908	0.118693	171023
2908	0.103587	9219
2908	0.167993	2063
2908	0.205655	6257
7031	0.101604	2099
7031	0.102491	2100
7031	0.147694	8202
58499	0.103451	30827
58499	0.130536	11091
58499	0.098323	9757
58499	0.099383	9219
58499	0.098138	84661
58499	0.099856	3054
5495	0.142197	1147
5495	0.141439	2580
9862	0.103399	10001
9862	0.102830	8295
9862	0.103033	10025
9862	0.103773	219541
9862	0.101288	54797
9862	0.104173	367
9862	0.099495	2932
9862	0.100248	112950
9862	0.115571	6955
9862	0.100762	1024
9862	0.102111	9968
9862	0.100181	9412
9862	0.123656	81857
9862	0.101095	9439
9862	0.101670	9969
81	0.127306	5598
81	0.155838	6772
7136	0.108666	2101
7136	0.110442	3174
2309	0.102747	5594
2309	0.102433	7157
2309	0.109909	7376
2309	0.102091	4088
2309	0.103371	3091
2309	0.101389	23411
2309	0.137042	1387
2309	0.105188	2099
2308	0.174095	2033
2308	0.141004	2932
2308	0.141531	23411
2308	0.145682	367
2308	0.177183	1387
2308	0.145330	2099
10973	0.178436	9325
10973	0.134968	5970
10973	0.137138	3725
10973	0.118031	51008
6662	0.108689	860
6662	0.111252	9968
6662	0.137317	7329
6662	0.121144	4094
246175	0.124720	9125
246175	0.118045	57690
246175	0.115331	8216
246175	0.122700	4849
246175	0.168853	23019
246175	0.129768	9924
8805	0.134677	468
8805	0.131586	7157
8805	0.130820	6879
8805	0.134308	8061
8805	0.131935	6882
8805	0.135229	2100
8805	0.134342	2099
3664	0.150493	3196
9443	0.099531	10001
9443	0.124309	7329
9443	0.131506	5371
9443	0.098293	84105
9443	0.096878	8216
8204	0.162478	7376
8204	0.157756	2099
8204	0.191762	8841
8204	0.153677	1869
8204	0.172237	3172
8204	0.157199	10014
8204	0.172943	7068
8204	0.169456	2494
8204	0.164670	7421
8204	0.162297	2101
8204	0.158643	2100
8204	0.256612	6257
8204	0.161032	2104
8202	0.151284	64210
8202	0.154039	7376
8202	0.154181	93649
8202	0.149318	2099
8202	0.149032	8405
8202	0.149351	8850
8202	0.178084	2033
8202	0.149670	367
8202	0.146325	1147
8202	0.207608	8431
8202	0.156232	7421
8202	0.144992	2932
8202	0.165018	124152
8202	0.162234	7025
8202	0.148947	1033
8202	0.145239	1869
8202	0.162090	7080
8202	0.150205	2100
8202	0.146877	5594
8202	0.145006	8290
8202	0.164504	7068
8202	0.150224	5241
8202	0.161017	2494
8202	0.161289	8856
8202	0.162999	5916
8202	0.146099	10498
8202	0.153858	2101
8202	0.181172	1387
8202	0.194559	6256
3151	0.100135	8850
3151	0.128867	2033
3151	0.124457	7329
64699	0.163818	6256
55806	0.120634	6907
55806	0.158205	8841
55806	0.123642	10014
55809	0.172130	2033
4542	0.114553	10379
7629	0.131867	2033
7629	0.135484	8554
7629	0.101539	6908
25950	0.124238	7329
1387	0.132089	1147
1387	0.135082	2099
1387	0.131776	10661
1387	0.147854	7080
1387	0.132685	6996
1387	0.135004	5618
1387	0.130791	5595
1387	0.132641	5594
1387	0.132528	1385
1387	0.134896	1386
1387	0.133273	6597
1387	0.134539	8521
1387	0.162280	6258
1387	0.135435	367
1387	0.181918	10499
1387	0.132356	9439
1387	0.183146	3159
1387	0.200065	9314
1387	0.134984	51621
1387	0.131371	4297
1387	0.161559	6772
1387	0.133935	6773
1387	0.133266	3091
1387	0.141996	7421
1387	0.163902	5970
1387	0.130771	8290
1387	0.207370	9325
1387	0.133329	3217
1387	0.132327	7157
1387	0.130975	4087
1387	0.134999	6688
1387	0.134896	2113
1387	0.135288	2114
1387	0.135417	468
1387	0.130855	2624
1387	0.131331	2580
1387	0.131003	1869
1387	0.166072	3725
1387	0.149562	3172
1387	0.137942	4602
1387	0.145739	4603
1387	0.132024	1024
1387	0.154917	81857
1387	0.131863	10498
1387	0.135454	2353
1387	0.135013	604
1387	0.134661	10001
1387	0.131986	4088
1387	0.131252	4762
1387	0.133884	10365
1387	0.131765	1616
1387	0.159438	7329
1387	0.139376	4849
1387	0.130862	23741
1387	0.142707	26959
1387	0.167464	8554
1387	0.133103	4791
1387	0.192460	51701
1387	0.135115	8850
7141	0.214586	5568
7142	0.110973	5568
284358	0.124659	93649
10902	0.203440	6256
10902	0.173386	7068
8721	0.169494	7329
23129	0.142088	3164
23129	0.122404	9723
9125	0.125166	9337
9125	0.112403	4602
9125	0.109182	57690
9125	0.125411	4848
9125	0.113836	4849
9125	0.159990	23019
9125	0.120904	9924
30012	0.124278	7089
30012	0.112324	10379
30012	0.107561	2113
30012	0.108613	51147
8290	0.094459	84661
8290	0.126858	11091
8290	0.096384	10474
8290	0.094457	4221
8290	0.097354	6908
8290	0.127682	2033
8290	0.131113	2648
8290	0.099255	23338
8290	0.095394	6879
8290	0.097088	23133
8290	0.095704	9219
8290	0.096510	6882
8290	0.095020	6883
8290	0.096621	80854
8290	0.098950	8850
8290	0.118980	6421
8290	0.095205	4297
8290	0.094617	6239
8290	0.145752	10499
8290	0.099782	51147
8290	0.100094	7403
1875	0.129741	2033
8295	0.134434	2648
8295	0.099179	1024
8295	0.098716	6879
8295	0.099483	7157
8295	0.100528	9968
8295	0.101450	10025
8295	0.122073	81857
8295	0.099512	9439
8295	0.102238	2099
8295	0.100087	9969
8295	0.102271	8850
8110	0.100763	6597
8110	0.131391	5970
3699	0.137197	2033
2056	0.129693	2033
6597	0.098313	605
6597	0.138788	6604
6597	0.151819	9612
6597	0.101419	2099
6597	0.098665	7157
6597	0.132972	5371
6597	0.101772	367
6597	0.098396	9274
6597	0.098039	55193
6597	0.101589	3726
6597	0.127897	6772
6597	0.100272	6773
6597	0.099930	55636
6597	0.099603	3091
6597	0.098200	10498
6597	0.098610	5971
6597	0.097613	3659
7494	0.159540	8431
7494	0.097090	2735
7494	0.099704	58487
7494	0.099589	84105
7494	0.125606	7329
7494	0.097600	3005
7494	0.099433	3091
7494	0.109796	548313
7494	0.173538	9325
79370	0.136889	10987
6047	0.132642	5371
6047	0.101995	5241
6047	0.125446	7329
6047	0.097810	6942
6047	0.101442	367
6047	0.149153	3159
6047	0.115569	3172
6047	0.101089	2099
6047	0.099527	6908
23019	0.169299	9337
23019	0.168862	7068
23019	0.165920	340719
23019	0.153315	57690
23019	0.169544	4848
23019	0.157969	4849
23019	0.165038	9924
23019	0.198916	6256
2113	0.100602	4790
2113	0.100601	5594
2113	0.099724	1616
2113	0.100988	5598
2113	0.127398	7329
2113	0.099945	4088
2113	0.131808	2033
2113	0.100316	9439
2113	0.103395	367
2113	0.103248	2114
2113	0.101062	4791
2114	0.100679	7157
2114	0.108252	2078
2114	0.132200	2033
2114	0.134424	3725
2114	0.101455	4791
57109	0.111618	2100
57109	0.110731	2099
25865	0.146427	23426
25865	0.149526	6256
10401	0.097327	6304
10401	0.101629	2100
10401	0.096282	4286
10401	0.121399	4306
10401	0.129508	2033
10401	0.101649	5241
10401	0.125099	7329
10401	0.096975	2672
10401	0.098981	2752
10401	0.147578	10499
10401	0.101095	367
10401	0.129562	5970
10401	0.100742	2099
10401	0.099180	6908
9337	0.134720	4848
9337	0.123146	4849
9337	0.115038	10766
9337	0.123282	7832
2626	0.103082	5594
79400	0.124238	7329
2624	0.131197	2648
2624	0.130554	5371
2624	0.098918	6688
2624	0.127767	2033
2624	0.108551	7026
2624	0.133006	8841
23338	0.104432	51147
23338	0.183571	84838
23338	0.100254	29993
23338	0.194102	9925
56413	0.134915	10048
11331	0.127054	2099
10011	0.215348	6257
10014	0.153070	9612
10014	0.098271	5580
10014	0.195506	23764
10014	0.127027	7329
10014	0.099643	57763
10014	0.100194	4772
10014	0.103215	3227
6049	0.099461	367
3159	0.164973	5916
3159	0.151325	8850
3159	0.147622	125050
3159	0.147494	28996
3159	0.196532	6256
3159	0.182281	3725
860	0.129946	3725
860	0.099328	2353
7216	0.132502	7874
7216	0.103800	5580
100528030	0.216632	4582
2752	0.133849	8554
2752	0.099026	4790
2752	0.125823	7329
10499	0.154785	7376
10499	0.150063	2099
10499	0.178829	2033
10499	0.150416	367
10499	0.156977	7421
10499	0.147338	9439
10499	0.162979	7025
10499	0.164544	3172
10499	0.162835	7080
10499	0.165250	7068
10499	0.161763	2494
10499	0.162034	8856
10499	0.146844	10498
10499	0.147475	1746
10499	0.150950	2100
10499	0.195304	6256
10498	0.124365	7329
10498	0.096691	1616
10498	0.128775	2033
10498	0.132391	8554
10498	0.097569	4790
10498	0.142152	23426
7404	0.104804	84661
7404	0.137203	11091
7404	0.106251	7158
7404	0.125793	7089
7404	0.104989	9757
7404	0.110438	7403
7403	0.116298	171023
7403	0.101394	7158
7403	0.099947	84661
7403	0.132346	11091
7403	0.100693	4297
7403	0.110887	3169
7403	0.100132	9757
7403	0.104550	8085
7403	0.104519	6910
7403	0.109223	2078
7403	0.104758	367
7403	0.169387	9314
54988	0.137197	2033
9757	0.096280	84074
9757	0.099811	30827
9757	0.126896	11091
9757	0.095945	7158
9757	0.095859	4088
9757	0.095244	4297
9757	0.094496	4221
9757	0.095744	9219
9757	0.094498	84661
9757	0.096216	3054
10474	0.097940	7157
10474	0.129462	2033
10474	0.100695	2099
10474	0.112667	8856
4762	0.128164	2033
84838	0.208333	342945
84838	0.184590	55663
23426	0.145724	367
23426	0.144083	2899
23426	0.158287	7025
23426	0.151844	7067
23426	0.140894	2891
23426	0.169727	7329
23426	0.145371	2099
23426	0.142139	2892
23426	0.174137	2033
23426	0.168843	7791
23426	0.244227	6257
3235	0.156654	3225
3235	0.252895	9214
1616	0.100263	367
1616	0.128730	5970
1616	0.097156	7157
1616	0.124267	7329
1616	0.124214	7874
1616	0.131464	5371
1616	0.097357	1385
1616	0.099625	8405
1616	0.103186	2104
7329	0.148241	4306
7329	0.123787	28996
7329	0.127584	2099
7329	0.124591	1147
7329	0.159137	5371
7329	0.124238	128553
7329	0.125188	6996
7329	0.124169	6304
7329	0.139284	2494
7329	0.125031	1385
7329	0.172825	6256
7329	0.161348	10048
7329	0.124018	6907
7329	0.154809	5604
7329	0.125696	4208
7329	0.126022	6908
7329	0.123124	4286
7329	0.123886	835
7329	0.127937	367
7329	0.123786	23411
7329	0.127398	1386
7329	0.147648	6421
7329	0.158763	10987
7329	0.132306	7376
7329	0.154062	6772
7329	0.132148	53335
7329	0.123817	2672
7329	0.151056	7791
7329	0.124574	7158
7329	0.124829	7157
7329	0.127070	51341
7329	0.129186	467
7329	0.125108	4772
7329	0.123688	6883
7329	0.158575	3725
7329	0.142064	3172
7329	0.130445	4602
7329	0.127956	2353
7329	0.177984	9612
7329	0.125768	3091
7329	0.156351	2033
7329	0.134199	4205
7329	0.159781	2648
7329	0.124769	112939
7329	0.159967	8554
7329	0.142771	7068
7329	0.134057	7067
7329	0.139555	8856
4929	0.247818	10987
4929	0.213907	1032
4929	0.315496	6257
4929	0.261881	6256
8031	0.208868	367
8031	0.253756	6256
8031	0.215429	7421
51084	0.106954	368
325	0.131062	10987
8841	0.195524	8431
8841	0.187633	9612
8841	0.134206	57763
8841	0.133493	2874
8841	0.134479	7157
8841	0.134793	4790
8841	0.134417	112939
8841	0.139764	9572
8841	0.135163	4209
8841	0.132935	6239
8841	0.134757	4772
8841	0.137234	2099
55663	0.129685	342945
55663	0.100344	55888
775	0.115262	784
775	0.147240	10987
775	0.112443	783
2874	0.157778	8431
2874	0.149887	9612
2874	0.099823	468
2874	0.095921	6907
2874	0.115356	4848
7101	0.120481	53335
28512	0.144456	4793
8647	0.142607	3164
3054	0.097813	84074
3054	0.098943	58487
3054	0.128430	11091
3054	0.096777	4297
3054	0.101344	30827
3054	0.098660	23133
3054	0.096410	1869
3054	0.096031	84661
3054	0.096029	4221
3054	0.097277	9219
687	0.110151	5241
7067	0.160100	9612
7067	0.129536	81857
7067	0.106974	1022
7067	0.112628	8638
7067	0.113813	9318
7067	0.106062	9412
7067	0.107295	6882
7067	0.113194	6414
7067	0.109701	2099
7067	0.154942	6256
7067	0.114785	10865
7066	0.130631	2033
9925	0.193249	51341
1763	0.137197	2033
51147	0.132913	5970
51147	0.101338	7157
79155	0.149774	9612
79155	0.096934	5594
79155	0.128140	2033
79155	0.095612	1326
79155	0.128194	5970
79155	0.096934	4790
79155	0.097395	4791
79155	0.096381	1147
3075	0.100558	4088
3075	0.132420	2033
3075	0.110569	7421
57680	0.128406	11091
57680	0.099949	51341
57680	0.098974	55636
57680	0.097911	1385
4306	0.156267	8554
4306	0.151523	2180
4306	0.124238	367
4306	0.169126	6256
3492	0.172944	9970
3659	0.103998	10379
571	0.148525	4097
571	0.220272	23764
571	0.133703	1649
571	0.204646	7975
571	0.127250	1386
29982	0.145504	3172
29982	0.176265	6256
29982	0.146210	7068
2099	0.153628	9612
2099	0.105194	64210
2099	0.118503	5881
2099	0.135610	8554
2099	0.104115	2100
2099	0.100235	1147
2099	0.098769	4221
2099	0.131994	2033
2099	0.138035	547
2099	0.161518	8431
2099	0.115303	29893
2099	0.110852	26959
2099	0.116144	7025
2099	0.117708	3172
2099	0.100933	80854
2099	0.123063	81857
2099	0.115121	171023
2099	0.107146	143384
2099	0.100831	6996
2099	0.100787	5594
2099	0.100501	1022
2099	0.104134	5241
2099	0.110880	4878
2099	0.108313	10865
4603	0.171263	51701
547	0.183276	6256
547	0.138387	367
64091	0.116123	7832
8431	0.158792	4760
8431	0.176056	9970
8431	0.161871	367
8431	0.157298	23741
8431	0.157720	23411
8431	0.175998	3172
8431	0.167834	3174
8431	0.175199	5916
8431	0.174315	5083
8431	0.173217	2494
8431	0.173489	8856
8431	0.168432	7421
8431	0.166058	2101
8431	0.162405	2100
8431	0.206759	6256
8431	0.164794	2104
9274	0.137573	6604
7392	0.135565	5970
7392	0.135511	2033
7392	0.107117	2353
23764	0.306568	9603
23764	0.217152	4097
23764	0.222729	5017
23764	0.197666	467
23764	0.202331	1649
23764	0.220174	727764
23764	0.258525	60468
23764	0.200886	116071
23764	0.196435	2353
23764	0.211774	55509
8533	0.130396	10987
8533	0.105485	1649
8533	0.094980	10920
8533	0.103330	9318
8533	0.130208	3725
8533	0.095837	55193
8533	0.098932	8405
283643	0.112378	1649
5595	0.113417	3172
5595	0.097368	5207
5595	0.126162	5604
5595	0.105851	7421
5595	0.129927	3725
5595	0.098750	1386
5595	0.144178	6256
5595	0.096496	5594
5594	0.097690	4088
5594	0.128012	5604
5594	0.098032	7157
5594	0.129553	2033
5594	0.096462	2932
5594	0.131777	3725
5594	0.115267	3172
5594	0.104364	10370
5594	0.101674	2100
5594	0.098971	3091
5594	0.107701	7421
5594	0.100601	1386
5594	0.146028	6256
5598	0.098366	113763
5598	0.132726	5371
5598	0.099285	4208
5598	0.099103	4209
5598	0.101545	2353
5598	0.113145	8856
5598	0.107789	4205
4878	0.125360	3172
4878	0.122579	2494
23161	0.119739	9970
9572	0.156158	9612
9572	0.199341	10002
416	0.130641	2033
6258	0.144107	5916
6258	0.180825	9612
6258	0.137340	7421
6258	0.145612	7068
6258	0.135147	7376
6258	0.132842	9971
6258	0.142397	8856
9575	0.102786	4297
9575	0.151738	6256
85415	0.115340	5916
1385	0.096349	2932
1385	0.097919	7157
1385	0.133056	8554
1385	0.129440	2033
1385	0.100488	1386
1385	0.103535	4602
1385	0.112374	2494
1386	0.108266	10538
1386	0.118752	55509
1386	0.099945	4088
1386	0.131807	2033
1386	0.103377	468
1386	0.104644	467
1386	0.103008	8061
1386	0.134031	3725
1386	0.103211	3726
1386	0.109309	1649
1386	0.103413	2353
2063	0.179608	7068
2063	0.168985	53335
2063	0.173972	7026
2063	0.178102	5916
2063	0.209663	6256
6257	0.208998	7421
6257	0.302543	84885
6257	0.217270	7068
6257	0.206805	7376
6257	0.214055	8856
6257	0.201798	8405
6257	0.215765	5916
6256	0.144143	2932
6256	0.156558	602
6256	0.152581	9318
6256	0.153191	7376
6256	0.163744	5881
6256	0.150885	9971
6256	0.198869	9612
6256	0.185100	3164
6256	0.220757	9325
6256	0.155383	7421
6256	0.144771	835
6256	0.144362	4087
6256	0.180022	5371
6256	0.163007	9970
6256	0.192288	4793
6256	0.160544	29893
6256	0.150695	1514
6256	0.146906	6908
6256	0.168304	81857
6256	0.177289	5970
6256	0.207518	221037
6256	0.163656	7068
6256	0.174947	6772
6256	0.162150	5916
6256	0.160440	8856
6256	0.153554	10865
23461	0.141060	3164
10773	0.105177	604
10773	0.102430	112939
10773	0.155645	9612
10538	0.108788	468
10538	0.110054	467
10538	0.114720	1649
10538	0.124163	55509
10538	0.108824	2353
10538	0.139442	3725
10538	0.108622	3726
23613	0.123384	7874
23613	0.098566	51341
54934	0.130940	11091
4286	0.095974	51176
4221	0.096093	84074
4221	0.127588	5970
4221	0.094311	84661
4221	0.126710	11091
4221	0.096328	4790
4221	0.095057	4297
4221	0.096789	4791
113201	0.156422	7421
368	0.138587	3164
367	0.137344	10048
367	0.153980	9612
367	0.100484	4088
367	0.127883	7874
367	0.135962	8554
367	0.175868	9325
367	0.134570	3725
367	0.110063	3169
367	0.118060	3172
367	0.099830	2580
367	0.103294	8405
367	0.103725	8085
367	0.108399	2078
367	0.132346	2033
367	0.115655	29893
367	0.103614	8850
367	0.099782	23411
367	0.107309	6736
367	0.107693	9318
367	0.099128	399694
367	0.115474	171023
367	0.109092	1644
367	0.162630	221037
367	0.100853	1022
367	0.099869	4297
367	0.132400	5970
367	0.100825	7157
367	0.108665	10865
58487	0.102017	468
2932	0.106991	602
2932	0.097230	29947
2932	0.097704	10365
2932	0.096147	7157
2932	0.209406	9603
2932	0.118966	6421
2932	0.131284	8554
2932	0.129892	3725
2932	0.096462	4790
2932	0.096093	5971
23411	0.097542	4208
23411	0.122901	7791
23411	0.096674	7157
23411	0.130983	5371
23411	0.101845	9971
23411	0.096015	6304
23411	0.130419	3725
23411	0.097134	80854
23411	0.099463	8850
23411	0.095718	4297
23411	0.099801	2353
23411	0.103969	2101
23411	0.128249	5970
7026	0.145160	8554
7026	0.117341	53335
7026	0.110483	80854
7026	0.185066	9325
7025	0.120257	9318
7025	0.120707	53335
80852	0.096650	2891
80852	0.097895	2892
80854	0.096854	1869
80854	0.129752	5970
80854	0.096475	84661
80854	0.098178	7157
80854	0.097411	6879
80854	0.165915	9314
1644	0.137559	5970
5580	0.174773	4582
5580	0.096074	7157
5580	0.127594	2033
5580	0.125306	6772
51621	0.131895	2033
51621	0.103163	8850
10987	0.168170	10048
10987	0.131414	1147
10987	0.142495	602
10987	0.130390	1909
10987	0.132336	4209
10987	0.165397	3725
10987	0.134121	8405
10987	0.131396	7158
10987	0.130665	3364
10987	0.131966	4790
10987	0.148887	3172
10987	0.130300	4087
10987	0.133198	3362
10987	0.130641	5743
10987	0.130474	8455
10987	0.132519	4208
10987	0.138519	9318
10987	0.140723	3174
10987	0.132823	51250
10987	0.135313	5241
10987	0.146106	2494
10987	0.130169	10920
10987	0.141601	284014
1649	0.112378	64288
1649	0.125205	55509
1649	0.109209	8405
1649	0.171956	60468
1649	0.138261	2033
1649	0.130584	4097
1649	0.109830	468
1649	0.111097	467
1649	0.109462	8061
1649	0.114317	116071
1649	0.140485	3725
1649	0.109664	3726
1649	0.105258	10920
1649	0.109867	2353
1649	0.105849	2355
6772	0.130077	2353
6772	0.128558	6773
6772	0.126630	8216
6772	0.158471	2033
6772	0.162087	8554
6772	0.158525	5970
6772	0.134282	10379
6773	0.106657	10379
55636	0.159116	51701
55636	0.129679	11091
55636	0.098358	55193
55636	0.139107	6604
5971	0.097312	605
5971	0.108508	602
5971	0.102644	1514
5971	0.129238	5970
5971	0.097978	4790
5971	0.098439	4791
5970	0.182447	9612
5970	0.128951	4088
5970	0.130375	29947
5970	0.156351	7874
5970	0.130485	6908
5970	0.128285	1326
5970	0.163038	3725
5970	0.204336	9325
5970	0.131532	51341
5970	0.140136	602
5970	0.160813	2033
5970	0.175866	4793
5970	0.129055	1147
5970	0.136870	116071
5970	0.129607	4790
5970	0.130068	4791
5970	0.168678	3164
5970	0.143930	51008
5970	0.128281	2672
5970	0.132419	2353
9968	0.101097	10001
9968	0.100731	10025
9968	0.101471	219541
9968	0.098986	54797
9968	0.097945	112950
9968	0.113269	6955
9968	0.098460	1024
9968	0.097879	9412
9968	0.121354	81857
9968	0.098793	9439
9968	0.099368	9969
9969	0.098019	1024
9969	0.101030	219541
9969	0.100290	10025
9969	0.120913	81857
9969	0.097504	112950
9969	0.097438	9412
9969	0.098352	9439
9969	0.098545	54797
9969	0.100656	10001
8819	0.151252	9612
8819	0.097640	9219
10865	0.109200	2100
605	0.137490	6604
11091	0.126712	84661
11091	0.128159	7158
11091	0.128414	7157
11091	0.159935	2033
11091	0.128494	84074
11091	0.132024	30827
11091	0.129340	23133
11091	0.127957	9219
11091	0.131314	8085
11091	0.127458	4297
11091	0.134793	79364
8216	0.097747	6882
8216	0.099365	10025
8216	0.108700	548313
3005	0.131651	1020
3007	0.133510	2033
3169	0.121604	171023
3169	0.109855	8085
3169	0.105998	4297
3169	0.114528	2078
3169	0.142092	8554
3164	0.139664	55160
3164	0.137103	7157
3164	0.190258	9612
3164	0.136762	4088
3164	0.145771	4047
3164	0.168625	2033
3164	0.137126	1032
3164	0.137418	4790
7158	0.097463	7157
7157	0.134236	10048
7157	0.124776	7874
7157	0.096366	4087
7157	0.132026	5371
7157	0.129239	2033
7157	0.115659	7068
7157	0.096675	28996
7157	0.107387	7421
7157	0.102075	467
7157	0.096708	5743
7157	0.132855	8554
7157	0.101329	30827
7157	0.096900	112950
7157	0.157851	51701
7157	0.097377	4088
7157	0.100506	8850
7157	0.098076	6996
7157	0.097746	1022
7157	0.097261	9219
7157	0.176418	4582
6688	0.101582	6908
10661	0.128688	2033
7291	0.097486	9219
7291	0.129464	2033
7291	0.100732	8850
7291	0.098257	4790
468	0.119274	55509
468	0.111745	4094
468	0.132329	2033
468	0.105165	467
468	0.103529	8061
468	0.108385	116071
468	0.134553	3725
468	0.103733	3726
468	0.103934	2353
467	0.104797	8061
467	0.120540	55509
467	0.105202	2353
467	0.135820	3725
467	0.125918	4097
467	0.104999	3726
23133	0.097321	1869
7849	0.136653	2033
7849	0.104895	1147
1869	0.096090	1024
1869	0.096422	1022
1869	0.096709	4790
1869	0.097586	6908
3725	0.134149	604
3725	0.184617	9612
3725	0.142307	602
3725	0.149928	55509
3725	0.134387	3726
3725	0.206506	9325
3725	0.146100	51008
3725	0.165771	5371
3725	0.132655	6908
3725	0.131821	6996
3725	0.162984	2033
3725	0.134184	8061
3725	0.139040	116071
3725	0.166600	8554
3725	0.138330	9318
3725	0.131122	4088
3725	0.129980	10920
3725	0.134590	2353
3725	0.130572	2355
3726	0.101000	6996
3726	0.119108	55509
3726	0.100301	4088
3726	0.108219	116071
3726	0.132163	2033
3726	0.103769	2353
3726	0.103364	8061
3726	0.099752	2355
51523	0.098633	4088
51523	0.108644	7421
6955	0.114191	10025
2891	0.095518	2892
84105	0.133121	5371
84105	0.097929	9412
79812	0.156422	7421
81857	0.120005	1024
81857	0.122275	10025
81857	0.138249	7068
81857	0.120337	9439
9439	0.100081	10001
9439	0.096929	112950
9439	0.099714	10025
9439	0.100535	8850
9439	0.100455	219541
9439	0.097969	54797
9439	0.129268	2033
9439	0.097444	1024
9439	0.096863	9412
79364	0.111573	7376
2101	0.107801	8850
2101	0.105952	3091
2101	0.111044	2104
2100	0.106081	64210
2100	0.136497	8554
2100	0.176403	9325
2100	0.133290	871
2100	0.132881	2033
2100	0.135384	10957
2100	0.116190	29893
2100	0.147933	4793
2100	0.163164	221037
2104	0.104831	29947
2104	0.137772	10957
2734	0.099323	4791
9612	0.187391	10048
9612	0.153558	604
9612	0.150635	1147
9612	0.150061	6907
9612	0.216088	60468
9612	0.169496	4848
9612	0.158349	7376
9612	0.151187	4790
9612	0.167308	5916
9612	0.168814	7068
9612	0.154533	5241
9612	0.165327	2494
9612	0.165598	8856
9612	0.153999	2353
9612	0.160542	7421
10001	0.099234	112950
10001	0.099748	1024
10001	0.102759	219541
10001	0.102019	10025
10001	0.099167	9412
10001	0.100274	54797
10002	0.194825	3229
10002	0.201374	53335
10002	0.203725	7421
10002	0.201387	10379
4087	0.132884	10048
4087	0.096062	1024
4087	0.095273	6497
4087	0.097700	11177
4087	0.096128	1147
4087	0.126345	5604
4087	0.096024	4088
4087	0.127887	2033
4088	0.133895	10048
4088	0.096283	6497
4088	0.097138	1147
4088	0.113813	5916
4088	0.097337	51176
4088	0.128897	2033
4088	0.097073	1024
4088	0.124435	7874
4088	0.100676	3227
4088	0.098315	3091
4088	0.107045	7421
4088	0.100503	2353
5241	0.136516	8554
5241	0.119844	55509
5241	0.102571	6908
10365	0.130796	2033
10365	0.102064	8850
54797	0.097122	112950
54797	0.100648	219541
54797	0.099907	10025
54797	0.097056	9412
6907	0.137030	6604
8405	0.107760	2078
8405	0.135324	8554
8405	0.107054	9318
8405	0.098705	10920
84074	0.096095	84661
6414	0.135487	2033
60468	0.276193	9603
60468	0.181399	55509
60468	0.242899	7975
60468	0.186777	4097
10763	0.133813	1020
3091	0.122500	4097
3091	0.130178	2033
3091	0.177357	4582
3091	0.109959	548313
2033	0.129001	1147
2033	0.129200	51176
2033	0.129518	4772
2033	0.128196	28996
2033	0.130106	4208
2033	0.137197	57047
2033	0.136106	9318
2033	0.196976	9314
2033	0.138908	7421
2033	0.137197	163732
2033	0.204282	9325
2033	0.128298	133746
2033	0.134409	9971
2033	0.131960	8061
2033	0.134854	4602
2033	0.132365	2353
2033	0.137197	2354
2033	0.128348	2355
2033	0.131925	604
2033	0.140083	602
2033	0.129597	6996
2033	0.127774	23741
2033	0.139618	26959
2033	0.140176	4094
2033	0.135722	6736
2033	0.129553	4790
2033	0.135571	10370
2033	0.132027	8850
2033	0.207939	4582
4849	0.107162	57690
4849	0.123391	4848
4849	0.118885	9924
143279	0.138801	8554
26959	0.214127	26287
112939	0.100343	604
219541	0.099608	112950
219541	0.099541	9412
219541	0.102393	10025
4790	0.097795	1147
4790	0.108877	602
4790	0.097025	1326
4790	0.173075	9325
4790	0.132340	5371
4790	0.098808	4791
4790	0.144606	4793
4791	0.097486	1326
4791	0.098255	1147
4791	0.109338	602
4791	0.145067	4793
4793	0.144054	1147
4793	0.146532	51341
8085	0.115266	171023
8085	0.099662	4297
8085	0.108191	2078
3229	0.113498	3225
3225	0.120061	10379
8850	0.100785	4772
8850	0.099847	6304
8850	0.106122	4602
9924	0.114231	57690
9924	0.130459	4848
8856	0.129679	3172
8856	0.126898	2494
55509	0.140027	4097
6879	0.097300	6882
6879	0.098143	6908
4772	0.133134	8554
5371	0.134712	604
5371	0.159084	7874
5371	0.130984	28996
5371	0.137641	4602
5371	0.131366	6304
5371	0.142964	4094
5371	0.132384	6996
5371	0.167163	8554
1071	0.144091	5568
10957	0.148977	3172
10957	0.148178	5916
10957	0.146197	2494
10957	0.140813	3174
28996	0.133194	10048
28996	0.156808	51701
28996	0.112202	7080
28996	0.097543	4208
28996	0.102291	4602
30827	0.099626	84661
30827	0.100872	9219
30827	0.102521	6908
6996	0.113603	7080
57690	0.118736	4848
51701	0.157811	51176
51701	0.163466	4602
3131	0.118431	4602
3131	0.121887	3174
51176	0.107348	7421
548313	0.124572	5083
171023	0.111410	4297
171023	0.119940	2078
10048	0.139577	953
10048	0.143308	3174
10048	0.152178	7068
1326	0.096472	1147
1326	0.126690	5604
7874	0.129497	64210
7874	0.132252	7376
4209	0.107773	4205
7975	0.290942	9603
1024	0.099382	10025
1024	0.096597	112950
1024	0.096530	9412
26287	0.315000	9214
10025	0.098867	112950
10025	0.098801	9412
5568	0.109637	6262
5568	0.144150	5128
2078	0.104334	4297
6304	0.098392	11177
6304	0.132195	8554
6304	0.096601	9219
9325	0.190702	7068
9325	0.188313	5083
9318	0.114254	7421
9318	0.122527	7068
9318	0.103103	10920
112950	0.096016	9412
221037	0.177464	7068
5083	0.132556	7089
4297	0.095059	84661
7376	0.114863	7421
53335	0.107276	51341
53335	0.104579	9219
7421	0.107735	6882
7421	0.107415	1022
51341	0.102643	604
51341	0.101292	11177
51341	0.099501	9219
84661	0.095558	9219
6604	0.137216	55193
29893	0.130489	7068
29893	0.111042	84057
6882	0.096925	6883
6882	0.099259	6908
6883	0.097769	6908
3171	0.155544	7089
3172	0.121285	10370
4602	0.138285	2648
4602	0.114271	4094
4602	0.138470	8554
1020	0.132574	1022
2353	0.111688	602
2353	0.102037	6908
2353	0.111782	4094
2353	0.099954	2355
6340	0.098599	6338
6908	0.134047	8554
6908	0.177611	4582
2648	0.140246	116071
9603	0.234821	4097
4094	0.111377	8061
10379	0.126473	3196
