1728 14 0.000000e+00
2938 6 0.000000e+00
2939 2 0.000000e+00
27306 5 0.000000e+00
1576 7 0.000000e+00
2941 4 0.000000e+00
4780 39 0.000000e+00
5578 2 1.930600e-02
10273 2 1.957320e-01
2805 1 1.957320e-01
6233 1 1.957320e-01
8507 1 1.930600e-02
26528 1 1.957320e-01
11243 1 1.930600e-02
834 1 1.930600e-02
468 1 1.930600e-02
3912 1 1.957320e-01
196 1 1.930600e-02
27258 1 8.929987e-01
8945 1 1.957320e-01
6942 1 1.930600e-02
84271 1 1.957320e-01
3839 1 1.957320e-01
1387 1 1.957320e-01
5516 1 8.929987e-01
51322 1 1.930600e-02
81926 1 9.828198e-01
6482 1 2.184000e-04
5914 1 1.957320e-01
7341 1 1.957320e-01
2941 1 0.000000e+00
5582 1 1.930600e-02
10857 1 1.957320e-01
2353 1 1.957320e-01
267 1 1.957320e-01
6223 1 1.957320e-01
4778 1 1.930600e-02
2710 1 1.930600e-02
8878 1 1.957320e-01
836 1 1.957320e-01
7157 1 1.957320e-01
7975 1 4.653500e-03
8939 1 1.957320e-01
5583 1 5.012300e-03
5588 1 1.930600e-02
93144 1 1.957320e-01
10155 1 1.957320e-01
23764 1 1.930600e-02
5566 1 1.957320e-01
9451 1 1.930600e-02
9446 1 8.929987e-01
7138 1 1.957320e-01
571 1 1.930600e-02
84268 1 1.930600e-02
4241 1 8.929987e-01
7531 1 8.929987e-01
4830 1 1.957320e-01
7311 1 1.957320e-01
5580 1 1.957320e-01
9817 1 1.957320e-01
9603 1 5.012300e-03
3101 1 4.796963e-01
54915 1 1.957320e-01
4097 1 1.930600e-02
100527963 1 1.930600e-02
57561 1 9.828198e-01
27316 1 1.957320e-01
84181 1 1.930600e-02
130813 1 1.441000e-04
10488 1 1.957320e-01
6613 1 1.957320e-01
132 1 1.957320e-01
8805 1 1.957320e-01
2939 1 0.000000e+00
2932 1 1.957320e-01
