#Id Score P-value
760 1.0 0.0
57540 0.98348 0.0
55139 0.425622 0.0006536
84300 0.267288 0.0023811
89876 0.179359 0.0094913
158798 0.179359 0.0094913
60560 0.144914 0.017893
79607 0.113932 0.0757482
55245 0.093119 0.526597
84073 0.0898 0.8108967
80023 0.083687 0.8108967
3329 0.081362 0.8108967
10235 0.080913 0.8108967
51280 0.079955 0.9560736
29803 0.078938 0.9560736
2130 0.075885 0.9560736
1291 0.075278 0.9560736
143244 0.072468 0.9560736
55701 0.072005 0.9560736
7157 0.064541 0.9866321
7329 0.064334 0.9866321
8165 0.064128 0.9866321
56648 0.063299 0.9866321
672 0.062033 0.9866321
2033 0.061884 0.9866321
1956 0.061637 0.9866321
7316 0.061002 0.9866321
6233 0.06098 0.9866321
3845 0.060961 0.9866321
1915 0.060789 0.9866321
4670 0.060663 0.9866321
3315 0.060653 0.9866321
1457 0.060484 0.9866321
6733 0.060145 0.9866321
7389 0.059954 0.995258
207 0.05994 0.995258
23028 0.059719 0.995258
4609 0.059559 0.995258
29952 0.059454 0.995258
10524 0.059291 0.995258
4193 0.059212 0.995258
2885 0.059161 0.995258
367 0.059098 0.995258
7186 0.059001 0.995258
5987 0.058939 0.995258
1387 0.058649 0.995258
90293 0.058616 0.995258
9903 0.058616 0.995258
4000 0.058608 0.995258
3190 0.058551 0.995258
1460 0.058534 0.995258
3309 0.058469 0.995258
2801 0.058381 0.995258
6310 0.058272 0.995258
8358 0.058264 0.995258
8350 0.058264 0.995258
8351 0.058264 0.995258
8352 0.058264 0.995258
8353 0.058264 0.995258
8354 0.058264 0.995258
8355 0.058264 0.995258
8356 0.058264 0.995258
8357 0.058264 0.995258
8968 0.058264 0.995258
5300 0.058187 0.995258
1398 0.058166 0.995258
6714 0.058044 0.995258
1026 0.057917 0.995258
145508 0.057878 0.995258
2932 0.057877 0.995258
5591 0.057874 0.995258
6386 0.057869 0.995258
3064 0.057861 0.995258
6427 0.057859 0.995258
131034 0.057828 0.995258
7341 0.057824 0.995258
117178 0.057792 0.995258
3320 0.057662 0.995258
8945 0.057642 0.995258
7534 0.057636 0.995258
7530 0.057636 0.995258
3065 0.057607 0.995258
4088 0.057599 0.995258
125115 0.057571 0.995258
7415 0.057565 0.995258
2597 0.057561 0.995258
6774 0.057512 0.995258
23140 0.057496 0.995258
5499 0.057488 0.995258
3838 0.057485 0.995258
3725 0.057389 0.995258
3312 0.057321 0.995258
2547 0.05732 0.995258
56893 0.057307 0.995258
3192 0.0573 0.995258
166 0.057291 0.995258
5315 0.05726 0.995258
221184 0.057254 0.995258
84708 0.057243 0.995258
200728 0.057237 0.995258
10565 0.057196 0.995258
3326 0.057084 0.995258
5925 0.05708 0.995258
5970 0.057079 0.995258
29079 0.057071 0.995258
3184 0.057068 0.995258
10768 0.057035 0.995258
5010 0.057019 0.995258
1499 0.05701 0.995258
7874 0.057004 0.995258
23411 0.056987 0.995258
5430 0.056974 0.995258
580 0.056944 0.995258
6790 0.056928 0.995258
7431 0.056845 0.995258
85302 0.056817 0.995258
5682 0.056779 0.995258
2099 0.056752 0.995258
84445 0.056739 0.995258
5594 0.056702 0.995258
60 0.056689 0.995258
7321 0.056684 0.995258
5111 0.056674 0.995258
10521 0.056663 0.995258
983 0.056653 0.995258
168374 0.056635 0.995258
7311 0.056617 0.995258
23390 0.056613 0.995258
7013 0.056559 0.995258
29979 0.056548 0.995258
22981 0.056527 0.995258
1107 0.056526 0.995258
3609 0.056511 0.995258
5597 0.056484 0.995258
10273 0.056446 0.995258
1432 0.056444 0.995258
6732 0.056377 0.995258
3183 0.056375 0.995258
8554 0.05637 0.995258
1072 0.056361 0.995258
1616 0.05636 0.995258
7514 0.056357 0.995258
4691 0.056349 0.995258
9146 0.056349 0.995258
6421 0.056338 0.995258
3308 0.056319 0.995258
10657 0.0563 0.995258
7531 0.056297 0.995258
6613 0.056273 0.995258
5599 0.056271 0.995258
2908 0.056229 0.995258
1639 0.056205 0.995258
4841 0.056165 0.995258
9611 0.056161 0.995258
7159 0.056161 0.995258
7917 0.05614 0.995258
7295 0.05612 0.995258
5347 0.056112 0.995258
22938 0.05611 0.995258
386682 0.056095 0.995258
1048 0.056094 0.995258
3178 0.056079 0.995258
10963 0.056075 0.995258
2316 0.056067 0.995258
8878 0.05605 0.995258
5371 0.056049 0.995258
11338 0.056048 0.995258
3921 0.056047 0.995258
7205 0.056037 0.995258
1660 0.056026 0.995258
7322 0.056 0.995258
8481 0.055979 0.995258
7704 0.055953 0.995258
26003 0.055941 0.995258
10987 0.055937 0.995258
5966 0.055928 0.995258
7178 0.055864 0.995258
4223 0.055863 0.995258
3476 0.055847 0.995258
5684 0.055832 0.995258
324 0.055825 0.995258
388677 0.055819 0.995258
100996717 0.055819 0.995258
100996763 0.055819 0.995258
11030 0.055817 0.995258
8517 0.055815 0.995258
8904 0.055772 0.995258
1017 0.055771 0.995258
1822 0.055771 0.995258
3304 0.05575 0.995258
3303 0.05575 0.995258
1147 0.055729 0.995258
55791 0.055729 0.995258
4087 0.055726 0.995258
1655 0.055706 0.995258
6426 0.055692 0.995258
6606 0.055691 0.995258
6607 0.055691 0.995258
3313 0.055686 0.995258
55183 0.055685 0.995258
811 0.055658 0.995258
4089 0.055626 0.995258
7251 0.055623 0.995258
55660 0.055604 0.995258
4188 0.055577 0.995258
4005 0.055569 0.995258
4137 0.055555 0.995258
2064 0.055537 0.995258
5496 0.055493 0.995258
25 0.05548 0.995258
5886 0.05548 0.995258
10236 0.055479 0.995258
7189 0.055471 0.995258
3608 0.055454 0.995258
2146 0.05545 0.995258
57159 0.055441 0.995258
2023 0.055439 0.995258
8290 0.055437 0.995258
9513 0.055426 0.995258
10980 0.055415 0.995258
4869 0.055412 0.995258
3181 0.055408 0.995258
6772 0.055407 0.995258
1937 0.055396 0.995258
5859 0.055371 0.995258
5887 0.055371 0.995258
9859 0.055347 0.995258
9869 0.055346 0.995258
25913 0.055328 0.995258
998 0.055312 0.995258
5764 0.055299 0.995258
10048 0.055292 0.995258
6477 0.055195 0.995258
3881 0.055178 0.995258
7020 0.055168 0.995258
51588 0.055165 0.995258
26986 0.055153 0.995258
10971 0.055152 0.995258
4086 0.055146 0.995258
51631 0.055138 0.995258
5359 0.055133 0.995258
3066 0.055123 0.995258
226 0.055122 0.995258
7273 0.055106 0.995258
1642 0.055078 0.995258
6597 0.055051 0.995258
26292 0.055049 0.995258
6749 0.055049 0.995258
7083 0.05504 0.995258
1938 0.05503 0.995258
6188 0.055011 0.995258
3276 0.055006 0.995258
988 0.055 0.995258
7536 0.054997 0.995258
26524 0.054994 0.995258
120892 0.054986 0.995258
22827 0.054971 0.995258
9961 0.05496 0.995258
836 0.054953 0.995258
6925 0.054952 0.995258
6605 0.05494 0.995258
1912 0.054919 0.995258
6829 0.054918 0.995258
7337 0.054918 0.995258
8339 0.054912 0.995258
8344 0.054912 0.995258
3017 0.054912 0.995258
8343 0.054912 0.995258
8347 0.054912 0.995258
8346 0.054912 0.995258
5034 0.054906 0.995258
5108 0.05489 0.995258
10241 0.054878 0.995258
8440 0.054878 0.995258
6125 0.054875 0.995258
6428 0.054857 0.995258
7185 0.054844 0.995258
10399 0.054844 0.995258
5515 0.054832 0.995258
1213 0.054821 0.995258
6622 0.05482 0.995258
6625 0.054818 0.995258
22919 0.05481 0.995258
5903 0.054806 0.995258
5479 0.054783 0.995258
5093 0.054779 0.995258
7791 0.05477 0.995258
310 0.054766 0.995258
554313 0.054763 0.995258
8359 0.054763 0.995258
8370 0.054763 0.995258
8294 0.054763 0.995258
8361 0.054763 0.995258
8360 0.054763 0.995258
8363 0.054763 0.995258
8362 0.054763 0.995258
8365 0.054763 0.995258
8364 0.054763 0.995258
8367 0.054763 0.995258
8366 0.054763 0.995258
8368 0.054763 0.995258
121504 0.054763 0.995258
1195 0.054746 0.995258
11091 0.054746 0.995258
1400 0.054741 0.995258
7532 0.054733 0.995258
80321 0.054732 0.995258
373 0.054722 0.995258
4809 0.054721 0.995258
5710 0.05472 0.995258
55294 0.054714 0.995258
6647 0.054712 0.995258
6045 0.054704 0.995258
5894 0.054693 0.995258
6175 0.054688 0.995258
3336 0.054686 0.995258
2274 0.054683 0.995258
26123 0.054681 0.995258
10989 0.054659 0.995258
3551 0.054658 0.995258
3927 0.054653 0.995258
7323 0.054646 0.995258
7086 0.054641 0.995258
4214 0.05464 0.995258
11140 0.054637 0.995258
867 0.054635 0.995258
8607 0.054633 0.995258
386675 0.054622 0.995258
1029 0.054612 0.995258
23322 0.054594 0.995258
5295 0.054564 0.995258
3945 0.05456 0.995258
6294 0.054549 0.995258
6430 0.054547 0.995258
3875 0.054547 0.995258
9094 0.05452 0.995258
351 0.05451 0.995258
7529 0.054502 0.995258
5705 0.054502 0.995258
801 0.054501 0.995258
4292 0.054494 0.995258
1778 0.054487 0.995258
808 0.054485 0.995258
805 0.054485 0.995258
11064 0.054468 0.995258
7334 0.054467 0.995258
9295 0.054466 0.995258
60491 0.054465 0.995258
5478 0.054452 0.995258
54386 0.054443 0.995258
821 0.054442 0.995258
2521 0.054437 0.995258
57062 0.054435 0.995258
2923 0.054424 0.995258
200081 0.054422 0.995258
3093 0.054416 0.995258
1027 0.054415 0.995258
705 0.054392 0.995258
5685 0.054389 0.995258
57154 0.054385 0.995258
7533 0.054371 0.995258
9584 0.05437 0.995258
396 0.054369 0.995258
22976 0.054369 0.995258
4176 0.054367 0.995258
5562 0.054363 0.995258
5770 0.05436 0.995258
5595 0.054346 0.995258
6778 0.054329 0.995258
5717 0.054313 0.995258
23450 0.054289 0.995258
10856 0.054289 0.995258
57562 0.054278 0.995258
4734 0.05427 0.995258
9212 0.054261 0.995258
80076 0.054256 0.995258
6117 0.054256 0.995258
9662 0.054256 0.995258
7520 0.054244 0.995258
10155 0.054244 0.995258
8841 0.05424 0.995258
9531 0.05424 0.995258
142 0.05424 0.995258
10262 0.054236 0.995258
6210 0.054231 0.995258
6601 0.05423 0.995258
11198 0.054229 0.995258
10540 0.054225 0.995258
4093 0.05422 0.995258
11100 0.054219 0.995258
3014 0.054219 0.995258
5928 0.054219 0.995258
51726 0.054212 0.995258
23603 0.054174 0.995258
6711 0.054172 0.995258
6204 0.054169 0.995258
2017 0.054164 0.995258
6135 0.054155 0.995258
7317 0.054147 0.995258
4792 0.054145 0.995258
5468 0.054144 0.995258
4110 0.054139 0.995258
7965 0.054124 0.995258
11200 0.054118 0.995258
641 0.054118 0.995258
5879 0.054107 0.995258
813 0.054106 0.995258
55835 0.054094 0.995258
6187 0.054091 0.995258
2010 0.054066 0.995258
23020 0.054061 0.995258
3801 0.054057 0.995258
6453 0.054054 0.995258
80125 0.054054 0.995258
1478 0.054053 0.995258
10564 0.05404 0.995258
9113 0.054034 0.995258
1665 0.054032 0.995258
132320 0.054031 0.995258
6223 0.054023 0.995258
10813 0.054018 0.995258
23451 0.054016 0.995258
55093 0.053991 0.995258
857 0.05399 0.995258
10482 0.053982 0.995258
26121 0.05398 0.995258
6602 0.05398 0.995258
7001 0.053974 0.995258
6839 0.053971 0.995258
1856 0.053967 0.995258
6667 0.053966 0.995258
1653 0.053965 0.995258
5713 0.053965 0.995258
5071 0.05396 0.995258
472 0.053956 0.995258
27316 0.05395 0.995258
5905 0.053947 0.995258
3185 0.053946 0.995258
1785 0.053938 0.995258
51199 0.053936 0.995258
3164 0.053928 0.995258
6118 0.053924 0.995258
8553 0.053922 0.995258
10594 0.053902 0.995258
8850 0.053896 0.995258
220988 0.053886 0.995258
10254 0.053886 0.995258
115106 0.053884 0.995258
6184 0.053876 0.995258
331 0.05387 0.995258
71 0.053869 0.995258
5861 0.053864 0.995258
5566 0.053862 0.995258
6129 0.053861 0.995258
23281 0.05385 0.995258
10492 0.05385 0.995258
10419 0.053843 0.995258
6194 0.05384 0.995258
84676 0.053832 0.995258
55611 0.053819 0.995258
3692 0.053814 0.995258
5706 0.05379 0.995258
5036 0.053786 0.995258
9092 0.053772 0.995258
5976 0.053766 0.995258
5604 0.053761 0.995258
9802 0.05376 0.995258
5601 0.053755 0.995258
6176 0.053745 0.995258
6189 0.053744 0.995258
5725 0.053741 0.995258
7167 0.053721 0.995258
7150 0.053719 0.995258
4904 0.053712 0.995258
26060 0.053704 0.995258
5862 0.053701 0.995258
3028 0.053701 0.995258
4478 0.053699 0.995258
11052 0.053694 0.995258
27185 0.053691 0.995258
3728 0.053686 0.995258
6137 0.053683 0.995258
6432 0.053679 0.995258
5578 0.053679 0.995258
5052 0.053673 0.995258
1936 0.053672 0.995258
409 0.053672 0.995258
10413 0.053668 0.995258
5701 0.053646 0.995258
23054 0.053625 0.995258
7993 0.053619 0.995258
79609 0.053619 0.995258
84923 0.053619 0.995258
57805 0.053618 0.995258
11244 0.053616 0.995258
8503 0.053615 0.995258
6709 0.053606 0.995258
10075 0.053605 0.995258
84675 0.053599 0.995258
9349 0.053598 0.995258
4957 0.053598 0.995258
2617 0.053592 0.995258
7879 0.05359 0.995258
6128 0.053585 0.995258
9093 0.053582 0.995258
11007 0.053581 0.995258
4436 0.053573 0.995258
154796 0.053561 0.995258
9978 0.053553 0.995258
10534 0.053543 0.995258
6598 0.053542 0.995258
25898 0.053541 0.995258
10539 0.05354 0.995258
10919 0.053539 0.995258
5663 0.053539 0.995258
152185 0.053527 0.995258
4287 0.053517 0.995258
55165 0.053511 0.995258
10253 0.05351 0.995258
10013 0.053507 0.995258
1207 0.053505 0.995258
5888 0.053505 0.995258
1385 0.053499 0.995258
328 0.053499 0.995258
10728 0.053498 0.995258
11043 0.053488 0.995258
8202 0.053481 0.995258
23524 0.05348 0.995258
11051 0.053476 0.995258
55577 0.05347 0.995258
10121 0.053461 0.995258
9063 0.053459 0.995258
4790 0.053444 0.995258
6449 0.053441 0.995258
5747 0.05344 0.995258
6142 0.053433 0.995258
6160 0.05343 0.995258
7158 0.053429 0.995258
467 0.053427 0.995258
11059 0.053409 0.995258
51035 0.053404 0.995258
7430 0.053397 0.995258
6464 0.053395 0.995258
7414 0.053394 0.995258
6133 0.053389 0.995258
5687 0.053387 0.995258
7319 0.053386 0.995258
10130 0.053381 0.995258
10015 0.053381 0.995258
87 0.053377 0.995258
498 0.053372 0.995258
7184 0.053371 0.995258
23385 0.053366 0.995258
1019 0.053355 0.995258
1855 0.053344 0.995258
6741 0.053342 0.995258
5728 0.053339 0.995258
6303 0.053339 0.995258
6599 0.053333 0.995258
7022 0.053331 0.995258
5230 0.053331 0.995258
9099 0.053328 0.995258
7014 0.053312 0.995258
5700 0.053312 0.995258
10291 0.053309 0.995258
7153 0.053308 0.995258
285753 0.053306 0.995258
7846 0.053304 0.995258
51259 0.053293 0.995258
386681 0.053286 0.995258
5702 0.053284 0.995258
9319 0.053281 0.995258
5707 0.05328 0.995258
6136 0.053278 0.995258
81 0.053278 0.995258
6138 0.053277 0.995258
55729 0.053275 0.995258
6256 0.053272 0.995258
9618 0.05327 0.995258
1025 0.053268 0.995258
84984 0.053266 0.995258
4236 0.053266 0.995258
5708 0.053254 0.995258
6193 0.053254 0.995258
6191 0.053249 0.995258
5757 0.053245 0.995258
8454 0.053241 0.995258
83878 0.053236 0.995258
5501 0.053236 0.995258
6993 0.053234 0.995258
5914 0.053213 0.995258
6434 0.053212 0.995258
387521 0.053193 0.995258
387522 0.053193 0.995258
7335 0.053193 0.995258
1021 0.053193 0.995258
64182 0.053176 0.995258
9659 0.053176 0.995258
1487 0.053176 0.995258
653513 0.053176 0.995258
8826 0.053173 0.995258
2810 0.053172 0.995258
4627 0.05317 0.995258
5565 0.053163 0.995258
526 0.053161 0.995258
841 0.053159 0.995258
7332 0.053157 0.995258
3191 0.053156 0.995258
84528 0.05315 0.995258
1654 0.053139 0.995258
10197 0.053136 0.995258
23392 0.05313 0.995258
7203 0.053129 0.995258
355 0.053126 0.995258
9070 0.053122 0.995258
1647 0.053117 0.995258
10541 0.053113 0.995258
6217 0.053107 0.995258
65125 0.053105 0.995258
8848 0.053087 0.995258
80817 0.053085 0.995258
57473 0.05308 0.995258
7307 0.053072 0.995258
102724594 0.053072 0.995258
7385 0.053059 0.995258
11124 0.053058 0.995258
7416 0.053047 0.995258
9040 0.053023 0.995258
7132 0.053023 0.995258
29115 0.053022 0.995258
8161 0.053018 0.995258
10318 0.053016 0.995258
3337 0.053016 0.995258
7324 0.05301 0.995258
5434 0.05301 0.995258
6201 0.053008 0.995258
2534 0.053007 0.995258
7347 0.053006 0.995258
5930 0.052994 0.995258
7277 0.052988 0.995258
7411 0.052987 0.995258
220717 0.052978 0.995258
22806 0.052976 0.995258
81565 0.052971 0.995258
7916 0.052969 0.995258
2091 0.052964 0.995258
6632 0.052964 0.995258
5686 0.05296 0.995258
3189 0.05296 0.995258
6696 0.05296 0.995258
6500 0.052954 0.995258
10574 0.052948 0.995258
84292 0.052939 0.995258
23435 0.052936 0.995258
284058 0.052935 0.995258
5931 0.052933 0.995258
387 0.05293 0.995258
50618 0.05293 0.995258
11034 0.052928 0.995258
5518 0.052926 0.995258
10477 0.052921 0.995258
26227 0.05291 0.995258
9612 0.052907 0.995258
29978 0.052906 0.995258
10498 0.052905 0.995258
10946 0.052903 0.995258
10606 0.052902 0.995258
23468 0.052901 0.995258
9406 0.052889 0.995258
6626 0.052888 0.995258
3866 0.052885 0.995258
5335 0.052878 0.995258
6124 0.052877 0.995258
203068 0.052875 0.995258
10425 0.052875 0.995258
2 0.052872 0.995258
81567 0.052857 0.995258
23607 0.052856 0.995258
2353 0.052855 0.995258
4591 0.052853 0.995258
10286 0.052853 0.995258
10055 0.052853 0.995258
10054 0.052852 0.995258
29110 0.052849 0.995258
4673 0.052848 0.995258
10525 0.052847 0.995258
54535 0.05283 0.995258
9343 0.052823 0.995258
7525 0.05282 0.995258
523 0.052817 0.995258
171483 0.052812 0.995258
10432 0.052807 0.995258
100526737 0.052807 0.995258
30011 0.052805 0.995258
80254 0.052801 0.995258
9656 0.0528 0.995258
53615 0.0528 0.995258
2661 0.052799 0.995258
8301 0.052796 0.995258
10944 0.052796 0.995258
6230 0.052795 0.995258
7919 0.052789 0.995258
378465 0.052784 0.995258
57695 0.052782 0.995258
6229 0.052782 0.995258
3939 0.052781 0.995258
6721 0.052771 0.995258
6228 0.05277 0.995258
6181 0.052769 0.995258
5563 0.052768 0.995258
6418 0.05276 0.995258
2275 0.052753 0.995258
8761 0.05275 0.995258
3981 0.05275 0.995258
8548 0.052749 0.995258
596 0.052746 0.995258
9101 0.052745 0.995258
22995 0.05274 0.995258
8543 0.052739 0.995258
9759 0.052738 0.995258
9533 0.052731 0.995258
5019 0.052731 0.995258
2026 0.052725 0.995258
6455 0.052717 0.995258
51593 0.052715 0.995258
6231 0.052713 0.995258
101929876 0.052713 0.995258
5689 0.052704 0.995258
6130 0.052704 0.995258
79577 0.052698 0.995258
8880 0.052695 0.995258
6141 0.052695 0.995258
445 0.052688 0.995258
64750 0.052685 0.995258
230 0.052684 0.995258
6631 0.052683 0.995258
79869 0.052678 0.995258
6207 0.052678 0.995258
26994 0.052677 0.995258
54971 0.052673 0.995258
339 0.052669 0.995258
4361 0.052661 0.995258
1854 0.05266 0.995258
10152 0.05266 0.995258
55666 0.052658 0.995258
7320 0.052654 0.995258
3091 0.052652 0.995258
8328 0.05265 0.995258
8805 0.052648 0.995258
9129 0.05264 0.995258
3575 0.052631 0.995258
6612 0.05263 0.995258
4723 0.052627 0.995258
595 0.052626 0.995258
1434 0.052626 0.995258
10802 0.052618 0.995258
7428 0.052613 0.995258
1975 0.05261 0.995258
140890 0.052609 0.995258
54464 0.052605 0.995258
506 0.052605 0.995258
7376 0.052605 0.995258
7138 0.0526 0.995258
5058 0.052596 0.995258
2960 0.052595 0.995258
1495 0.052595 0.995258
7170 0.052587 0.995258
23647 0.052584 0.995258
9240 0.052583 0.995258
6615 0.05258 0.995258
2059 0.052579 0.995258
7161 0.052573 0.995258
10277 0.052571 0.995258
9948 0.052559 0.995258
9987 0.052554 0.995258
3055 0.052553 0.995258
29896 0.052552 0.995258
2512 0.052549 0.995258
6498 0.052549 0.995258
875 0.052547 0.995258
102724560 0.052547 0.995258
10036 0.052545 0.995258
25828 0.052543 0.995258
81631 0.052536 0.995258
6202 0.052536 0.995258
1454 0.052536 0.995258
6132 0.052534 0.995258
9001 0.05253 0.995258
302 0.05253 0.995258
5585 0.052529 0.995258
9318 0.052522 0.995258
3094 0.052519 0.995258
3688 0.052517 0.995258
6168 0.052511 0.995258
11186 0.052505 0.995258
10598 0.052498 0.995258
8407 0.05249 0.995258
10542 0.052488 0.995258
6224 0.052488 0.995258
23542 0.052487 0.995258
9810 0.052487 0.995258
1488 0.052483 0.995258
6314 0.05248 0.995258
6633 0.052477 0.995258
7528 0.05247 0.995258
5688 0.052469 0.995258
54819 0.052467 0.995258
102724770 0.052464 0.995258
8214 0.052464 0.995258
1459 0.05246 0.995258
4297 0.052454 0.995258
3566 0.052447 0.995258
408 0.052445 0.995258
5579 0.052443 0.995258
147687 0.052441 0.995258
5432 0.052438 0.995258
8239 0.052434 0.995258
9500 0.052432 0.995258
29888 0.052431 0.995258
823 0.052431 0.995258
51421 0.052425 0.995258
6872 0.052425 0.995258
7353 0.052424 0.995258
51377 0.052417 0.995258
51366 0.052414 0.995258
4839 0.052413 0.995258
10101 0.052411 0.995258
2317 0.052411 0.995258
10484 0.052409 0.995258
2140 0.052403 0.995258
10454 0.052398 0.995258
84140 0.05239 0.995258
3846 0.052388 0.995258
4851 0.052387 0.995258
9782 0.052386 0.995258
9958 0.052382 0.995258
6888 0.052368 0.995258
6636 0.052359 0.995258
51003 0.05235 0.995258
891 0.052348 0.995258
7052 0.052346 0.995258
23327 0.052346 0.995258
386676 0.052335 0.995258
386678 0.052335 0.995258
1399 0.052323 0.995258
57332 0.052322 0.995258
5062 0.052316 0.995258
3305 0.052312 0.995258
65057 0.052307 0.995258
10383 0.052303 0.995258
10449 0.052296 0.995258
3301 0.052293 0.995258
26135 0.052291 0.995258
3735 0.05229 0.995258
2065 0.052286 0.995258
26277 0.052286 0.995258
5296 0.052283 0.995258
88 0.052283 0.995258
163 0.052277 0.995258
7421 0.052276 0.995258
6234 0.052274 0.995258
1674 0.052273 0.995258
10614 0.052272 0.995258
83737 0.052272 0.995258
26019 0.052269 0.995258
10921 0.05226 0.995258
5431 0.052257 0.995258
9045 0.052256 0.995258
79867 0.052251 0.995258
440 0.052248 0.995258
79723 0.052247 0.995258
23557 0.052245 0.995258
5771 0.052244 0.995258
10016 0.052244 0.995258
24144 0.05224 0.995258
56478 0.052238 0.995258
2058 0.052237 0.995258
10133 0.052235 0.995258
257169 0.052229 0.995258
9609 0.052229 0.995258
6919 0.052228 0.995258
573 0.052227 0.995258
1933 0.052223 0.995258
10320 0.052223 0.995258
301 0.052218 0.995258
3096 0.052217 0.995258
287015 0.052216 0.995258
1656 0.052212 0.995258
1973 0.052208 0.995258
27339 0.052207 0.995258
79026 0.052205 0.995258
6147 0.052199 0.995258
81876 0.052198 0.995258
89870 0.052197 0.995258
613 0.052193 0.995258
3932 0.052192 0.995258
6143 0.052191 0.995258
773 0.052189 0.995258
5901 0.052188 0.995258
102800317 0.052181 0.995258
57142 0.052177 0.995258
10528 0.052175 0.995258
4001 0.05217 0.995258
2475 0.052168 0.995258
3316 0.05216 0.995258
10189 0.052156 0.995258
55898 0.052148 0.995258
55145 0.052148 0.995258
9915 0.052146 0.995258
8626 0.052142 0.995258
9601 0.052142 0.995258
22927 0.052141 0.995258
5500 0.052141 0.995258
483 0.052135 0.995258
6897 0.052133 0.995258
79571 0.052125 0.995258
8661 0.052124 0.995258
7168 0.052118 0.995258
5050 0.052117 0.995258
1627 0.052116 0.995258
5997 0.05211 0.995258
598 0.052104 0.995258
2318 0.052102 0.995258
9851 0.052097 0.995258
84324 0.052094 0.995258
10099 0.052091 0.995258
8724 0.052088 0.995258
10342 0.052087 0.995258
5202 0.052086 0.995258
2495 0.052085 0.995258
2288 0.052081 0.995258
3646 0.05208 0.995258
7572 0.052078 0.995258
9111 0.052072 0.995258
10933 0.052069 0.995258
3693 0.052069 0.995258
7175 0.052067 0.995258
3187 0.052064 0.995258
10401 0.05206 0.995258
1832 0.052055 0.995258
81628 0.052052 0.995258
7343 0.052051 0.995258
56658 0.052051 0.995258
4736 0.052046 0.995258
2969 0.052041 0.995258
22803 0.05204 0.995258
1111 0.052038 0.995258
9775 0.052035 0.995258
100652766 0.052031 0.995258
667 0.052031 0.995258
6152 0.052031 0.995258
64170 0.052031 0.995258
8452 0.052024 0.995258
10458 0.052021 0.995258
1108 0.052016 0.995258
7187 0.052011 0.995258
908 0.052011 0.995258
57019 0.05201 0.995258
8078 0.052009 0.995258
57120 0.052006 0.995258
55143 0.052005 0.995258
6908 0.052003 0.995258
3146 0.052001 0.995258
8648 0.051999 0.995258
9218 0.051999 0.995258
23650 0.051995 0.995258
7015 0.051994 0.995258
5201 0.051992 0.995258
10084 0.051991 0.995258
6595 0.051989 0.995258
8027 0.051988 0.995258
6643 0.051987 0.995258
4233 0.051984 0.995258
8312 0.051983 0.995258
6208 0.051978 0.995258
5715 0.051978 0.995258
25843 0.05197 0.995258
154 0.051967 0.995258
5954 0.051966 0.995258
6047 0.051959 0.995258
5962 0.051955 0.995258
2175 0.051954 0.995258
2287 0.051952 0.995258
63898 0.05194 0.995258
2176 0.051939 0.995258
10403 0.051938 0.995258
4217 0.051935 0.995258
9112 0.051935 0.995258
30008 0.051932 0.995258
55905 0.05193 0.995258
5869 0.051927 0.995258
6146 0.051919 0.995258
9921 0.051915 0.995258
10979 0.051915 0.995258
51562 0.051911 0.995258
10611 0.051907 0.995258
8260 0.051906 0.995258
90933 0.0519 0.995258
10097 0.051892 0.995258
7410 0.051892 0.995258
7375 0.051889 0.995258
648 0.051871 0.995258
100532731 0.051871 0.995258
993 0.051869 0.995258
1869 0.051869 0.995258
10188 0.051868 0.995258
9817 0.051865 0.995258
51545 0.051864 0.995258
6205 0.051862 0.995258
3550 0.051862 0.995258
356 0.051861 0.995258
7458 0.051859 0.995258
191 0.051859 0.995258
5921 0.051859 0.995258
4215 0.051858 0.995258
23243 0.051855 0.995258
8907 0.051853 0.995258
51569 0.051852 0.995258
9188 0.051846 0.995258
5718 0.051844 0.995258
9025 0.051839 0.995258
23085 0.051839 0.995258
476 0.051838 0.995258
11331 0.051838 0.995258
2962 0.051837 0.995258
6840 0.051837 0.995258
11143 0.051837 0.995258
23641 0.051836 0.995258
60314 0.051828 0.995258
4867 0.051827 0.995258
871 0.051824 0.995258
55072 0.051824 0.995258
26528 0.051823 0.995258
5094 0.051823 0.995258
5693 0.051823 0.995258
56259 0.051821 0.995258
22948 0.05181 0.995258
6929 0.051808 0.995258
5929 0.051803 0.995258
7088 0.051794 0.995258
79084 0.051793 0.995258
471 0.051788 0.995258
116840 0.051787 0.995258
26260 0.051785 0.995258
27043 0.051783 0.995258
83755 0.051783 0.995258
7171 0.051781 0.995258
5436 0.05178 0.995258
7284 0.051778 0.995258
1977 0.051778 0.995258
1984 0.051778 0.995258
6627 0.051771 0.995258
8539 0.051769 0.995258
54888 0.051769 0.995258
5936 0.051764 0.995258
7114 0.051757 0.995258
7448 0.051756 0.995258
2335 0.051756 0.995258
1965 0.051755 0.995258
11060 0.051753 0.995258
9588 0.051753 0.995258
3643 0.051741 0.995258
57819 0.05174 0.995258
5690 0.051738 0.995258
8533 0.051735 0.995258
5709 0.051733 0.995258
5516 0.051731 0.995258
5829 0.05173 0.995258
7336 0.051728 0.995258
51729 0.051725 0.995258
10040 0.051725 0.995258
51138 0.051718 0.995258
4846 0.051717 0.995258
572 0.051715 0.995258
10488 0.051714 0.995258
8676 0.051711 0.995258
5590 0.051705 0.995258
6275 0.051704 0.995258
1994 0.051696 0.995258
4735 0.051692 0.995258
10142 0.051691 0.995258
293 0.051689 0.995258
4155 0.051689 0.995258
5910 0.051683 0.995258
23636 0.051682 0.995258
27336 0.05168 0.995258
1386 0.051679 0.995258
8697 0.051679 0.995258
1024 0.051678 0.995258
10094 0.051676 0.995258
6491 0.05167 0.995258
6015 0.051669 0.995258
51100 0.051667 0.995258
5720 0.051667 0.995258
10801 0.051662 0.995258
10213 0.051657 0.995258
10499 0.051656 0.995258
3159 0.051655 0.995258
10912 0.051651 0.995258
79165 0.051651 0.995258
9939 0.051646 0.995258
1981 0.051643 0.995258
6144 0.051641 0.995258
54472 0.051638 0.995258
7511 0.051637 0.995258
6794 0.051636 0.995258
5204 0.051633 0.995258
51586 0.051631 0.995258
6776 0.051628 0.995258
7867 0.051626 0.995258
54955 0.051619 0.995258
7409 0.051618 0.995258
333 0.051616 0.995258
29117 0.051615 0.995258
5781 0.051613 0.995258
84970 0.051613 0.995258
7681 0.051612 0.995258
3198 0.051611 0.995258
6389 0.051609 0.995258
468 0.051608 0.995258
1891 0.051607 0.995258
890 0.051606 0.995258
7706 0.051604 0.995258
1196 0.051602 0.995258
25942 0.051602 0.995258
473 0.0516 0.995258
2739 0.051598 0.995258
6651 0.051591 0.995258
124245 0.051585 0.995258
10910 0.051582 0.995258
2624 0.051578 0.995258
2623 0.051571 0.995258
25959 0.051569 0.995258
79036 0.051569 0.995258
292 0.051564 0.995258
6222 0.05156 0.995258
6195 0.051546 0.995258
9757 0.051542 0.995258
10576 0.051539 0.995258
6139 0.051539 0.995258
100526842 0.051539 0.995258
6996 0.051531 0.995258
11065 0.051528 0.995258
38 0.051526 0.995258
449003 0.051523 0.995258
126961 0.051523 0.995258
333932 0.051523 0.995258
653604 0.051523 0.995258
84619 0.051516 0.995258
53 0.051516 0.995258
5336 0.051514 0.995258
1759 0.051514 0.995258
1104 0.051514 0.995258
553115 0.051513 0.995258
23578 0.051513 0.995258
23429 0.051513 0.995258
55968 0.051513 0.995258
10567 0.051508 0.995258
10250 0.051504 0.995258
10949 0.051502 0.995258
5683 0.051501 0.995258
10615 0.051495 0.995258
8882 0.051494 0.995258
7345 0.051494 0.995258
4149 0.051492 0.995258
2100 0.051489 0.995258
6462 0.051485 0.995258
1058 0.05148 0.995258
10992 0.051475 0.995258
11116 0.051474 0.995258
10226 0.051473 0.995258
11335 0.051472 0.995258
79753 0.051471 0.995258
10114 0.051468 0.995258
1152 0.051462 0.995258
790 0.05146 0.995258
5536 0.051458 0.995258
8453 0.051457 0.995258
26088 0.051457 0.995258
5660 0.051453 0.995258
4174 0.051449 0.995258
8976 0.05144 0.995258
54187 0.051436 0.995258
4134 0.051434 0.995258
55958 0.051431 0.995258
9261 0.05143 0.995258
1978 0.051426 0.995258
9709 0.051426 0.995258
6628 0.051423 0.995258
6720 0.051423 0.995258
100034701 0.051422 0.995258
84164 0.051417 0.995258
6850 0.051416 0.995258
127557 0.051414 0.995258
153241 0.051414 0.995258
653121 0.051414 0.995258
4171 0.051413 0.995258
55363 0.051407 0.995258
2036 0.051404 0.995258
7325 0.051401 0.995258
8518 0.051392 0.995258
51493 0.051387 0.995258
22794 0.051383 0.995258
9252 0.05138 0.995258
27246 0.05138 0.995258
22897 0.051374 0.995258
1022 0.051371 0.995258
9352 0.05137 0.995258
2669 0.051369 0.995258
27101 0.051367 0.995258
1786 0.051366 0.995258
2194 0.051365 0.995258
55914 0.051362 0.995258
23371 0.051359 0.995258
1453 0.051355 0.995258
10762 0.05135 0.995258
7417 0.051349 0.995258
5932 0.051348 0.995258
51031 0.051346 0.995258
10808 0.051346 0.995258
5704 0.051345 0.995258
3054 0.051339 0.995258
7280 0.051337 0.995258
3920 0.051336 0.995258
1315 0.051333 0.995258
7936 0.051331 0.995258
8650 0.051331 0.995258
112950 0.05133 0.995258
55170 0.05133 0.995258
2804 0.051328 0.995258
23543 0.051328 0.995258
7257 0.051326 0.995258
5719 0.051325 0.995258
51322 0.051323 0.995258
161742 0.05132 0.995258
311 0.051317 0.995258
6155 0.051317 0.995258
7314 0.051313 0.995258
10452 0.05131 0.995258
4666 0.051308 0.995258
22832 0.051305 0.995258
5885 0.051303 0.995258
29922 0.051302 0.995258
5049 0.051301 0.995258
79155 0.051298 0.995258
5048 0.051291 0.995258
11161 0.051286 0.995258
54512 0.051286 0.995258
8576 0.051283 0.995258
11168 0.051279 0.995258
208 0.051277 0.995258
2957 0.051276 0.995258
23118 0.051274 0.995258
481 0.051272 0.995258
6924 0.051268 0.995258
79600 0.051268 0.995258
6742 0.051264 0.995258
6431 0.051263 0.995258
5481 0.051261 0.995258
3799 0.051256 0.995258
3880 0.051253 0.995258
29789 0.05125 0.995258
57175 0.051249 0.995258
9219 0.051247 0.995258
2539 0.051246 0.995258
342371 0.051243 0.995258
11345 0.051241 0.995258
80764 0.051241 0.995258
11319 0.051241 0.995258
23589 0.051236 0.995258
5464 0.051235 0.995258
3925 0.05123 0.995258
23648 0.051228 0.995258
23317 0.051225 0.995258
79005 0.051224 0.995258
100534012 0.051224 0.995258
999 0.051224 0.995258
27005 0.051223 0.995258
4363 0.051222 0.995258
7276 0.051221 0.995258
4172 0.051219 0.995258
3603 0.051218 0.995258
6885 0.051218 0.995258
8467 0.051216 0.995258
51602 0.051214 0.995258
54458 0.051214 0.995258
153527 0.051212 0.995258
84289 0.051211 0.995258
2286 0.05121 0.995258
4701 0.051204 0.995258
84260 0.0512 0.995258
902 0.051199 0.995258
80198 0.051198 0.995258
4698 0.05119 0.995258
9586 0.05119 0.995258
23352 0.051188 0.995258
6227 0.051187 0.995258
9322 0.051186 0.995258
6232 0.05118 0.995258
79174 0.051179 0.995258
90678 0.051176 0.995258
6780 0.051175 0.995258
1192 0.051169 0.995258
6642 0.051168 0.995258
7064 0.051167 0.995258
6844 0.051165 0.995258
27429 0.051162 0.995258
91647 0.051161 0.995258
4008 0.05116 0.995258
93487 0.05116 0.995258
2271 0.051157 0.995258
3376 0.051157 0.995258
54517 0.051153 0.995258
56254 0.051152 0.995258
54507 0.051148 0.995258
1452 0.051142 0.995258
654364 0.051141 0.995258
1974 0.051141 0.995258
4831 0.051141 0.995258
2203 0.051139 0.995258
7265 0.051136 0.995258
28964 0.051134 0.995258
28996 0.051123 0.995258
54550 0.051123 0.995258
9729 0.05112 0.995258
545 0.05112 0.995258
329 0.051118 0.995258
54828 0.051118 0.995258
23787 0.051116 0.995258
6904 0.051113 0.995258
358 0.051113 0.995258
997 0.051105 0.995258
4637 0.051104 0.995258
51755 0.051104 0.995258
9260 0.051101 0.995258
5245 0.051099 0.995258
3895 0.051092 0.995258
2034 0.051092 0.995258
84914 0.051091 0.995258
29925 0.05109 0.995258
4692 0.05109 0.995258
5504 0.051088 0.995258
2060 0.051083 0.995258
1191 0.05108 0.995258
56993 0.051079 0.995258
4738 0.051079 0.995258
3482 0.051078 0.995258
8655 0.051077 0.995258
11047 0.051075 0.995258
7272 0.051075 0.995258
6811 0.051074 0.995258
85363 0.051074 0.995258
6788 0.051074 0.995258
9097 0.051071 0.995258
91694 0.051062 0.995258
7040 0.051061 0.995258
4282 0.051059 0.995258
54477 0.051056 0.995258
51019 0.051053 0.995258
23624 0.051049 0.995258
9414 0.051049 0.995258
7453 0.051045 0.995258
10007 0.051044 0.995258
4281 0.051041 0.995258
9296 0.051037 0.995258
5692 0.051036 0.995258
11252 0.051035 0.995258
3856 0.051033 0.995258
55284 0.051025 0.995258
4830 0.051024 0.995258
6301 0.051023 0.995258
2027 0.051022 0.995258
1777 0.051021 0.995258
4067 0.051019 0.995258
10616 0.051009 0.995258
5908 0.051009 0.995258
6457 0.051008 0.995258
9306 0.051008 0.995258
58517 0.051008 0.995258
4090 0.051007 0.995258
23476 0.050999 0.995258
868 0.050996 0.995258
5589 0.050993 0.995258
57761 0.05099 0.995258
6672 0.050976 0.995258
158 0.050974 0.995258
6472 0.050974 0.995258
2618 0.050974 0.995258
26036 0.050974 0.995258
3265 0.050969 0.995258
892 0.050957 0.995258
55644 0.050955 0.995258
5159 0.050951 0.995258
10713 0.050948 0.995258
7112 0.050948 0.995258
9141 0.050947 0.995258
58500 0.050946 0.995258
1892 0.050945 0.995258
8683 0.050944 0.995258
4780 0.05094 0.995258
8349 0.05094 0.995258
23210 0.050938 0.995258
55720 0.050936 0.995258
6206 0.050936 0.995258
2963 0.050935 0.995258
4836 0.050934 0.995258
989 0.050933 0.995258
54778 0.050933 0.995258
7328 0.05093 0.995258
51619 0.05093 0.995258
3182 0.050928 0.995258
6156 0.050923 0.995258
9738 0.050919 0.995258
56647 0.050911 0.995258
22954 0.05091 0.995258
10783 0.05091 0.995258
2670 0.050909 0.995258
4092 0.050909 0.995258
6611 0.050908 0.995258
7068 0.050906 0.995258
25930 0.050904 0.995258
10131 0.050903 0.995258
1676 0.050902 0.995258
57085 0.050901 0.995258
140809 0.050898 0.995258
7419 0.050897 0.995258
3998 0.050896 0.995258
8479 0.050895 0.995258
55705 0.050893 0.995258
134359 0.050889 0.995258
51068 0.050888 0.995258
113878 0.050886 0.995258
9804 0.050886 0.995258
581 0.050886 0.995258
2272 0.050885 0.995258
9470 0.050885 0.995258
708 0.050882 0.995258
5795 0.05088 0.995258
84902 0.050879 0.995258
64793 0.050877 0.995258
29763 0.050872 0.995258
10589 0.05087 0.995258
79173 0.05087 0.995258
1020 0.050868 0.995258
10445 0.050863 0.995258
51720 0.050862 0.995258
2549 0.050861 0.995258
115426 0.050861 0.995258
23786 0.050857 0.995258
64753 0.050856 0.995258
6122 0.050855 0.995258
183 0.050855 0.995258
5214 0.050854 0.995258
2771 0.050851 0.995258
10211 0.050851 0.995258
55755 0.05085 0.995258
51807 0.050846 0.995258
1962 0.050846 0.995258
2280 0.050841 0.995258
3615 0.05084 0.995258
170082 0.050837 0.995258
84936 0.050834 0.995258
7090 0.050834 0.995258
547 0.050833 0.995258
10474 0.050832 0.995258
7298 0.050831 0.995258
58490 0.050829 0.995258
10549 0.050827 0.995258
84736 0.050824 0.995258
6157 0.050824 0.995258
64770 0.050823 0.995258
699 0.050822 0.995258
91746 0.050821 0.995258
4683 0.05082 0.995258
9439 0.050818 0.995258
8204 0.050817 0.995258
1649 0.050812 0.995258
5691 0.050806 0.995258
3839 0.050804 0.995258
23043 0.050804 0.995258
10523 0.050803 0.995258
8985 0.050791 0.995258
3163 0.050787 0.995258
3188 0.050786 0.995258
5527 0.050784 0.995258
9232 0.050782 0.995258
26043 0.050779 0.995258
54487 0.050779 0.995258
55236 0.050776 0.995258
9918 0.050773 0.995258
26168 0.05077 0.995258
64976 0.05077 0.995258
84707 0.05077 0.995258
3398 0.050767 0.995258
1857 0.050764 0.995258
10210 0.050763 0.995258
509 0.050763 0.995258
5984 0.05076 0.995258
55138 0.05076 0.995258
8573 0.050759 0.995258
56061 0.050758 0.995258
9444 0.050757 0.995258
9400 0.050757 0.995258
7507 0.050755 0.995258
1983 0.050755 0.995258
2935 0.050755 0.995258
54926 0.050752 0.995258
604 0.050752 0.995258
54820 0.050752 0.995258
3297 0.050746 0.995258
5573 0.050744 0.995258
25824 0.050743 0.995258
51765 0.050742 0.995258
6198 0.050742 0.995258
8570 0.050737 0.995258
7128 0.050735 0.995258
4605 0.050735 0.995258
1080 0.050735 0.995258
25796 0.050734 0.995258
8663 0.050733 0.995258
8220 0.050733 0.995258
51343 0.050731 0.995258
386680 0.050731 0.995258
2673 0.050731 0.995258
1602 0.05073 0.995258
23421 0.05073 0.995258
50813 0.050725 0.995258
51778 0.050724 0.995258
22826 0.050721 0.995258
27236 0.05072 0.995258
22872 0.050719 0.995258
7408 0.050714 0.995258
24148 0.050711 0.995258
5437 0.050711 0.995258
85291 0.050706 0.995258
6238 0.050704 0.995258
7718 0.050702 0.995258
10376 0.0507 0.995258
8812 0.050699 0.995258
862 0.050699 0.995258
79839 0.050698 0.995258
148581 0.050698 0.995258
8666 0.05069 0.995258
9026 0.05069 0.995258
134492 0.05069 0.995258
30968 0.050684 0.995258
6880 0.05068 0.995258
54793 0.05068 0.995258
6169 0.050677 0.995258
7155 0.050672 0.995258
9815 0.050671 0.995258
23420 0.050669 0.995258
8773 0.050666 0.995258
83593 0.05066 0.995258
2956 0.050657 0.995258
6687 0.050653 0.995258
5580 0.050653 0.995258
5358 0.050651 0.995258
9883 0.050649 0.995258
5782 0.050648 0.995258
4677 0.050647 0.995258
7165 0.050644 0.995258
3837 0.050639 0.995258
140735 0.050637 0.995258
7024 0.050636 0.995258
8668 0.050634 0.995258
59349 0.050629 0.995258
10456 0.050625 0.995258
79666 0.050624 0.995258
10483 0.050621 0.995258
10397 0.05062 0.995258
10923 0.050618 0.995258
3661 0.050616 0.995258
79169 0.050615 0.995258
23039 0.05061 0.995258
8721 0.05061 0.995258
22985 0.050606 0.995258
10270 0.050606 0.995258
6203 0.050604 0.995258
5830 0.050601 0.995258
29766 0.050598 0.995258
8915 0.050597 0.995258
7248 0.050597 0.995258
6240 0.050596 0.995258
55658 0.05059 0.995258
23212 0.050583 0.995258
55536 0.050581 0.995258
27250 0.050575 0.995258
10174 0.050575 0.995258
4331 0.050574 0.995258
114932 0.050573 0.995258
54904 0.050573 0.995258
8125 0.050569 0.995258
10200 0.050562 0.995258
5493 0.05056 0.995258
170954 0.050559 0.995258
6697 0.050556 0.995258
6134 0.050552 0.995258
5694 0.050551 0.995258
3149 0.050547 0.995258
10190 0.050546 0.995258
2309 0.050545 0.995258
23633 0.050545 0.995258
57326 0.050545 0.995258
165918 0.050544 0.995258
80268 0.050543 0.995258
8473 0.050543 0.995258
3068 0.050539 0.995258
9402 0.050539 0.995258
5447 0.050538 0.995258
6293 0.050535 0.995258
3306 0.050533 0.995258
197131 0.050532 0.995258
3916 0.050529 0.995258
86 0.050529 0.995258
8550 0.050526 0.995258
6396 0.050521 0.995258
11315 0.050516 0.995258
3716 0.050513 0.995258
10726 0.050512 0.995258
9731 0.05051 0.995258
27044 0.050509 0.995258
9368 0.050507 0.995258
8502 0.050506 0.995258
10421 0.050506 0.995258
55758 0.050506 0.995258
6638 0.050505 0.995258
81542 0.050502 0.995258
8649 0.050498 0.995258
23 0.050498 0.995258
222484 0.050497 0.995258
51194 0.050495 0.995258
51185 0.050489 0.995258
5433 0.050489 0.995258
9841 0.050488 0.995258
10529 0.050485 0.995258
995 0.050483 0.995258
23022 0.05048 0.995258
2071 0.050476 0.995258
689 0.050476 0.995258
3480 0.050476 0.995258
84557 0.050475 0.995258
637 0.050473 0.995258
7486 0.050471 0.995258
1173 0.050469 0.995258
54623 0.050466 0.995258
5902 0.050466 0.995258
10284 0.050463 0.995258
4082 0.050461 0.995258
5290 0.050461 0.995258
55916 0.05046 0.995258
9131 0.050459 0.995258
4672 0.050459 0.995258
22890 0.050458 0.995258
5868 0.050454 0.995258
9342 0.050454 0.995258
1153 0.050453 0.995258
1031 0.050452 0.995258
4860 0.05045 0.995258
8766 0.050448 0.995258
6635 0.050448 0.995258
10915 0.050443 0.995258
6874 0.050443 0.995258
375 0.050441 0.995258
10807 0.050441 0.995258
6789 0.05044 0.995258
23368 0.05044 0.995258
23426 0.050439 0.995258
10617 0.050438 0.995258
6745 0.050437 0.995258
22929 0.050436 0.995258
11004 0.050433 0.995258
8996 0.050433 0.995258
10360 0.050431 0.995258
4522 0.050429 0.995258
5226 0.050428 0.995258
10381 0.050425 0.995258
5250 0.050423 0.995258
60626 0.050423 0.995258
10970 0.050422 0.995258
8664 0.050418 0.995258
7372 0.050416 0.995258
9666 0.050408 0.995258
3956 0.050401 0.995258
84447 0.050401 0.995258
55643 0.050396 0.995258
51567 0.050393 0.995258
63893 0.050392 0.995258
3843 0.050389 0.995258
5467 0.050385 0.995258
23635 0.050384 0.995258
54908 0.05038 0.995258
6478 0.050379 0.995258
113130 0.050379 0.995258
55197 0.050377 0.995258
57658 0.050375 0.995258
64965 0.050374 0.995258
8894 0.050373 0.995258
23199 0.050372 0.995258
1736 0.050367 0.995258
6185 0.050364 0.995258
9743 0.050362 0.995258
8888 0.050361 0.995258
2066 0.050361 0.995258
5241 0.050358 0.995258
3172 0.050358 0.995258
78990 0.050356 0.995258
26959 0.050349 0.995258
55759 0.050346 0.995258
9638 0.050345 0.995258
80184 0.050344 0.995258
10772 0.050343 0.995258
167691 0.050341 0.995258
3815 0.050339 0.995258
6737 0.050335 0.995258
7283 0.050331 0.995258
8241 0.050331 0.995258
8678 0.050329 0.995258
11224 0.050324 0.995258
4678 0.050324 0.995258
2805 0.050323 0.995258
5170 0.050322 0.995258
675 0.050321 0.995258
5213 0.050318 0.995258
10514 0.050317 0.995258
9632 0.050317 0.995258
10109 0.050315 0.995258
861 0.050313 0.995258
29116 0.050311 0.995258
22950 0.050309 0.995258
2896 0.050308 0.995258
84108 0.050306 0.995258
51371 0.050303 0.995258
25920 0.0503 0.995258
5441 0.050299 0.995258
1838 0.050297 0.995258
9047 0.050296 0.995258
5394 0.050294 0.995258
8451 0.050292 0.995258
5511 0.05029 0.995258
375484 0.050289 0.995258
7249 0.050289 0.995258
6241 0.050289 0.995258
55082 0.050289 0.995258
826 0.050287 0.995258
6197 0.050286 0.995258
51808 0.050281 0.995258
6634 0.05028 0.995258
9516 0.050278 0.995258
84080 0.050278 0.995258
23673 0.050276 0.995258
84060 0.050274 0.995258
3417 0.050273 0.995258
6502 0.050272 0.995258
84993 0.050271 0.995258
9861 0.050267 0.995258
322 0.050267 0.995258
51535 0.050265 0.995258
3717 0.050264 0.995258
8544 0.050261 0.995258
5550 0.050257 0.995258
2965 0.050251 0.995258
51176 0.050244 0.995258
25804 0.050242 0.995258
4145 0.050241 0.995258
665 0.050241 0.995258
64710 0.05024 0.995258
58524 0.050238 0.995258
5110 0.050238 0.995258
80776 0.050236 0.995258
23001 0.050235 0.995258
8409 0.050235 0.995258
196441 0.050233 0.995258
84950 0.050233 0.995258
267 0.050233 0.995258
65080 0.050232 0.995258
26574 0.050227 0.995258
8531 0.050227 0.995258
7082 0.050226 0.995258
23513 0.050226 0.995258
6938 0.050224 0.995258
55722 0.050223 0.995258
4796 0.050221 0.995258
4695 0.050219 0.995258
6935 0.050219 0.995258
5584 0.050218 0.995258
10513 0.050217 0.995258
23170 0.050217 0.995258
55573 0.050214 0.995258
27 0.050212 0.995258
6944 0.050211 0.995258
3611 0.050211 0.995258
56852 0.050209 0.995258
51053 0.050209 0.995258
11128 0.050207 0.995258
3069 0.050205 0.995258
57794 0.050205 0.995258
8106 0.050201 0.995258
2308 0.0502 0.995258
7169 0.050199 0.995258
10982 0.050199 0.995258
23193 0.050197 0.995258
55147 0.050196 0.995258
51497 0.050195 0.995258
6456 0.050194 0.995258
840 0.050194 0.995258
6596 0.050192 0.995258
5981 0.050191 0.995258
6209 0.050191 0.995258
3796 0.050189 0.995258
55872 0.050186 0.995258
6390 0.050182 0.995258
81603 0.05018 0.995258
90410 0.05018 0.995258
9615 0.05017 0.995258
9967 0.050169 0.995258
25873 0.050164 0.995258
2752 0.050161 0.995258
55738 0.05016 0.995258
8726 0.050159 0.995258
56915 0.050148 0.995258
4853 0.050148 0.995258
1540 0.050146 0.995258
1613 0.050146 0.995258
25957 0.050145 0.995258
4793 0.050143 0.995258
57646 0.050139 0.995258
94081 0.050139 0.995258
79813 0.050136 0.995258
9021 0.050132 0.995258
4170 0.050132 0.995258
392 0.050131 0.995258
116092 0.05013 0.995258
5303 0.05013 0.995258
6280 0.050129 0.995258
7444 0.050124 0.995258
55048 0.050123 0.995258
23283 0.050119 0.995258
5695 0.050119 0.995258
140801 0.050115 0.995258
3516 0.050112 0.995258
8886 0.050112 0.995258
10938 0.050111 0.995258
25932 0.050111 0.995258
3416 0.05011 0.995258
23770 0.050109 0.995258
92609 0.050108 0.995258
51759 0.050107 0.995258
29968 0.050105 0.995258
51592 0.050105 0.995258
369 0.050105 0.995258
5092 0.050105 0.995258
79843 0.050104 0.995258
60528 0.050103 0.995258
8557 0.050103 0.995258
9126 0.050096 0.995258
4582 0.050095 0.995258
11160 0.050093 0.995258
1508 0.050093 0.995258
6451 0.050089 0.995258
2237 0.050088 0.995258
116540 0.050087 0.995258
7266 0.050079 0.995258
54732 0.050079 0.995258
55379 0.050077 0.995258
2114 0.050075 0.995258
93100 0.050075 0.995258
6917 0.05007 0.995258
26092 0.050068 0.995258
84764 0.050068 0.995258
90411 0.050067 0.995258
10010 0.050066 0.995258
1155 0.050065 0.995258
8431 0.050063 0.995258
23564 0.050062 0.995258
5147 0.050061 0.995258
2115 0.05006 0.995258
55299 0.050057 0.995258
10301 0.050056 0.995258
22924 0.050054 0.995258
9230 0.050051 0.995258
4643 0.05005 0.995258
6907 0.050047 0.995258
132884 0.050047 0.995258
4131 0.050047 0.995258
25988 0.050046 0.995258
23360 0.050046 0.995258
79101 0.050044 0.995258
202559 0.050041 0.995258
4751 0.05004 0.995258
2002 0.050039 0.995258
2177 0.050038 0.995258
4218 0.050037 0.995258
9871 0.050034 0.995258
10733 0.050028 0.995258
54165 0.050026 0.995258
10238 0.050026 0.995258
51585 0.050024 0.995258
9785 0.05002 0.995258
5465 0.050019 0.995258
114034 0.050017 0.995258
7454 0.050016 0.995258
7288 0.050015 0.995258
23499 0.050012 0.995258
55210 0.050011 0.995258
2648 0.05001 0.995258
220082 0.050007 0.995258
3912 0.050006 0.995258
4012 0.050004 0.995258
51701 0.050003 0.995258
65264 0.050002 0.995258
162 0.049999 0.9955518
9440 0.049999 0.9955518
5714 0.049999 0.9955518
65265 0.049998 0.9955518
29948 0.049996 0.9955518
5198 0.049993 0.9955518
23186 0.049992 0.9955518
8887 0.049986 0.9955518
55832 0.049985 0.9955518
4715 0.049982 0.9955518
9564 0.049981 0.9955518
4343 0.049981 0.9955518
83899 0.049979 0.9955518
4665 0.049979 0.9955518
51119 0.049972 0.9955518
1641 0.049967 0.9955518
1600 0.049967 0.9955518
6827 0.049964 0.9955518
27338 0.04996 0.9955518
4026 0.049958 0.9955518
23095 0.04995 0.9955518
115207 0.049949 0.9955518
85451 0.049947 0.9955518
330 0.049938 0.9955518
57639 0.049938 0.9955518
10914 0.049938 0.9955518
3937 0.049935 0.9955518
27229 0.049935 0.9955518
5272 0.049935 0.9955518
5528 0.049932 0.9955518
5307 0.049929 0.9955518
64395 0.049929 0.9955518
4035 0.049929 0.9955518
5469 0.049925 0.9955518
2108 0.049925 0.9955518
4739 0.049924 0.9955518
4175 0.049924 0.9955518
10592 0.049923 0.9955518
9049 0.049923 0.9955518
8942 0.049921 0.9955518
4728 0.049919 0.9955518
6311 0.049917 0.9955518
10533 0.049915 0.9955518
5546 0.049906 0.9955518
5162 0.049904 0.9955518
79711 0.049903 0.9955518
11075 0.049903 0.9955518
2224 0.049902 0.9955518
29089 0.049899 0.9955518
7443 0.049898 0.9955518
80854 0.049896 0.9955518
3678 0.049896 0.9955518
8874 0.049893 0.9955518
57459 0.049893 0.9955518
5411 0.04989 0.9955518
3251 0.04989 0.9955518
10475 0.049889 0.9955518
65018 0.049889 0.9955518
22933 0.049885 0.9955518
8065 0.049885 0.9955518
84661 0.049885 0.9955518
8428 0.049885 0.9955518
904 0.049885 0.9955518
10062 0.049884 0.9955518
8379 0.049883 0.9955518
8450 0.049883 0.9955518
58477 0.049875 0.9955518
6747 0.049874 0.9955518
27238 0.049873 0.9955518
58508 0.049873 0.9955518
4926 0.049873 0.9955518
51202 0.049873 0.9955518
1917 0.04987 0.9955518
29950 0.049867 0.9955518
55211 0.049866 0.9955518
9276 0.049865 0.9955518
9911 0.049862 0.9955518
8148 0.049862 0.9955518
55249 0.04986 0.9955518
1525 0.04986 0.9955518
51639 0.04986 0.9955518
81608 0.049856 0.9955518
55337 0.049855 0.9955518
5906 0.049852 0.9955518
57594 0.049849 0.9955518
51295 0.049849 0.9955518
11337 0.049849 0.9955518
23152 0.049844 0.9955518
5730 0.049843 0.9955518
3667 0.049841 0.9955518
5586 0.049841 0.9955518
54903 0.049836 0.9955518
79027 0.049836 0.9955518
5144 0.049834 0.9955518
2113 0.049831 0.9955518
8291 0.049829 0.9955518
54413 0.049829 0.9955518
22824 0.049829 0.9955518
7957 0.049829 0.9955518
539 0.049826 0.9955518
55748 0.049822 0.9955518
5933 0.049821 0.9955518
2886 0.049815 0.9955518
6722 0.049814 0.9955518
1615 0.049814 0.9955518
9114 0.049813 0.9955518
27161 0.049812 0.9955518
2873 0.049812 0.9955518
26013 0.049811 0.9955518
84275 0.04981 0.9955518
138046 0.049809 0.9955518
9412 0.049806 0.9955518
3779 0.049804 0.9955518
51465 0.049804 0.9955518
27330 0.049803 0.9955518
8470 0.049799 0.9955518
1039 0.049798 0.9955518
5763 0.049798 0.9955518
39 0.049798 0.9955518
5696 0.049798 0.9955518
1445 0.049797 0.9955518
23582 0.049797 0.9955518
27258 0.049795 0.9955518
3930 0.04979 0.9955518
10096 0.04979 0.9955518
51510 0.049787 0.9955518
55697 0.049783 0.9955518
160 0.049783 0.9955518
1894 0.049782 0.9955518
835 0.04978 0.9955518
23521 0.04978 0.9955518
23201 0.049778 0.9955518
23019 0.049771 0.9955518
5460 0.04977 0.9955518
9221 0.049769 0.9955518
3983 0.049769 0.9955518
9643 0.049768 0.9955518
3092 0.049767 0.9955518
3726 0.049766 0.9955518
4686 0.049765 0.9955518
3619 0.049762 0.9955518
143884 0.04976 0.9955518
5216 0.04976 0.9955518
23512 0.049759 0.9955518
51477 0.049757 0.9955518
317762 0.049754 0.9955518
93323 0.049749 0.9955518
84062 0.049749 0.9955518
4194 0.049747 0.9955518
81892 0.049744 0.9955518
57096 0.049742 0.9955518
1650 0.049741 0.9955518
79184 0.049738 0.9955518
996 0.049737 0.9955518
1053 0.049733 0.9955518
8338 0.049732 0.9955518
4654 0.04973 0.9955518
81611 0.049727 0.9955518
2959 0.049723 0.9955518
51132 0.049722 0.9955518
8520 0.04972 0.9955518
5292 0.049717 0.9955518
7264 0.049716 0.9955518
100861412 0.049715 0.9955518
25788 0.049715 0.9955518
4356 0.049711 0.9955518
90060 0.049709 0.9955518
8615 0.049705 0.9955518
10298 0.049704 0.9955518
5013 0.049703 0.9955518
92906 0.049698 0.9955518
5783 0.049696 0.9955518
201595 0.049696 0.9955518
5529 0.049696 0.9955518
4173 0.049694 0.9955518
8883 0.049687 0.9955518
22893 0.049685 0.9955518
9493 0.049684 0.9955518
7360 0.049683 0.9955518
4221 0.049683 0.9955518
7359 0.049683 0.9955518
9135 0.049677 0.9955518
7094 0.049675 0.9955518
10134 0.049675 0.9955518
54461 0.049674 0.9955518
66036 0.049672 0.9955518
6629 0.04967 0.9955518
51265 0.049669 0.9955518
991 0.049665 0.9955518
7726 0.049665 0.9955518
163786 0.049664 0.9955518
51608 0.049663 0.9955518
4719 0.049661 0.9955518
3910 0.049656 0.9955518
58525 0.049654 0.9955518
65985 0.049653 0.9955518
391257 0.049651 0.9955518
79741 0.04965 0.9955518
221016 0.04965 0.9955518
51691 0.04965 0.9955518
27430 0.049648 0.9955518
117144 0.049638 0.9955518
55014 0.049635 0.9955518
4791 0.049632 0.9955518
10575 0.04963 0.9955518
112858 0.04963 0.9955518
25886 0.049629 0.9955518
64783 0.049626 0.9955518
375056 0.049625 0.9955518
11267 0.049625 0.9955518
80028 0.049624 0.9955518
63978 0.049616 0.9955518
10522 0.049615 0.9955518
9587 0.049614 0.9955518
8569 0.049614 0.9955518
7067 0.049613 0.9955518
58533 0.049612 0.9955518
8665 0.049611 0.9955518
79594 0.049611 0.9955518
2874 0.049611 0.9955518
3958 0.049606 0.9955518
27131 0.049604 0.9955518
79959 0.049603 0.9955518
84456 0.049601 0.9955518
8335 0.049599 0.9955518
3012 0.049599 0.9955518
4905 0.049598 0.9955518
5268 0.049593 0.9955518
79444 0.049593 0.9955518
23132 0.049591 0.9955518
22974 0.049589 0.9955518
9975 0.049589 0.9955518
9463 0.049586 0.9955518
84991 0.049586 0.9955518
5184 0.049584 0.9955518
6945 0.049582 0.9955518
4747 0.04958 0.9955518
6867 0.049579 0.9955518
117246 0.049575 0.9955518
10527 0.049575 0.9955518
84365 0.049574 0.9955518
8856 0.049571 0.9955518
3486 0.04957 0.9955518
1503 0.04957 0.9955518
79039 0.049569 0.9955518
94105 0.049568 0.9955518
7070 0.049568 0.9955518
8266 0.049565 0.9955518
3024 0.049564 0.9955518
29934 0.049561 0.9955518
701 0.049559 0.9955518
84305 0.049555 0.9955518
3145 0.049554 0.9955518
4004 0.049553 0.9955518
54544 0.049553 0.9955518
56888 0.049552 0.9955518
26505 0.049551 0.9955518
23640 0.049545 0.9955518
79050 0.049543 0.9955518
5007 0.049542 0.9955518
9559 0.049542 0.9955518
11339 0.049542 0.9955518
5195 0.049541 0.9955518
51637 0.049539 0.9955518
217 0.049538 0.9955518
51160 0.049532 0.9955518
10994 0.049531 0.9955518
528 0.049531 0.9955518
8237 0.04953 0.9955518
2936 0.049526 0.9955518
22992 0.04952 0.9955518
120 0.04952 0.9955518
127703 0.04952 0.9955518
23225 0.049519 0.9955518
22913 0.049518 0.9955518
5439 0.049518 0.9955518
26205 0.049516 0.9955518
2889 0.049515 0.9955518
8737 0.049514 0.9955518
9929 0.049513 0.9955518
11212 0.049513 0.9955518
7541 0.049511 0.9955518
10643 0.04951 0.9955518
10817 0.049509 0.9955518
1105 0.049508 0.9955518
1725 0.049507 0.9955518
8289 0.049507 0.9955518
9972 0.0495 0.9955518
3836 0.0495 0.9955518
2634 0.049498 0.9955518
23005 0.049497 0.9955518
10212 0.049496 0.9955518
10471 0.049495 0.9955518
25939 0.049492 0.9955518
11009 0.049491 0.9955518
23064 0.04949 0.9955518
8926 0.049487 0.9955518
2081 0.049487 0.9955518
10656 0.049486 0.9955518
63948 0.049486 0.9955518
10969 0.049484 0.9955518
159989 0.049482 0.9955518
6120 0.04948 0.9955518
114824 0.049478 0.9955518
11103 0.049477 0.9955518
54870 0.049476 0.9955518
285093 0.049476 0.9955518
28973 0.049475 0.9955518
6164 0.049475 0.9955518
824 0.049474 0.9955518
84966 0.049474 0.9955518
55291 0.049473 0.9955518
4928 0.04947 0.9955518
9446 0.049469 0.9955518
3840 0.049468 0.9955518
10920 0.049466 0.9955518
56288 0.049466 0.9955518
9372 0.049465 0.9955518
25855 0.049465 0.9955518
5711 0.04946 0.9955518
79025 0.049459 0.9955518
11083 0.049454 0.9955518
529 0.049453 0.9955518
55743 0.049446 0.9955518
83940 0.049446 0.9955518
11316 0.049439 0.9955518
8851 0.049438 0.9955518
4599 0.049437 0.9955518
5127 0.049436 0.9955518
155435 0.049436 0.9955518
10095 0.049436 0.9955518
308 0.049435 0.9955518
4507 0.049433 0.9955518
863 0.049433 0.9955518
378 0.049431 0.9955518
60561 0.04943 0.9955518
114088 0.049429 0.9955518
57504 0.049426 0.9955518
7289 0.049422 0.9955518
51082 0.04942 0.9955518
51574 0.04942 0.9955518
1447 0.049419 0.9955518
10815 0.049418 0.9955518
8498 0.049417 0.9955518
1314 0.049414 0.9955518
9984 0.049413 0.9955518
64927 0.04941 0.9955518
64782 0.04941 0.9955518
673 0.049409 0.9955518
7737 0.049407 0.9955518
57162 0.049406 0.9955518
10111 0.049406 0.9955518
9733 0.049405 0.9955518
26578 0.049405 0.9955518
54927 0.049405 0.9955518
2079 0.049403 0.9955518
7069 0.049402 0.9955518
9878 0.049402 0.9955518
64396 0.049397 0.9955518
145282 0.049395 0.9955518
84148 0.049395 0.9955518
9722 0.049394 0.9955518
51065 0.04939 0.9955518
10063 0.049389 0.9955518
2122 0.049386 0.9955518
149371 0.049383 0.9955518
51564 0.049382 0.9955518
1537 0.049381 0.9955518
9100 0.049377 0.9955518
116173 0.049372 0.9955518
64708 0.049369 0.9955518
23788 0.049368 0.9955518
7407 0.049367 0.9955518
1636 0.049367 0.9955518
9020 0.049367 0.9955518
10848 0.049367 0.9955518
5567 0.049365 0.9955518
8687 0.049361 0.9955518
8408 0.049361 0.9955518
2242 0.049357 0.9955518
898 0.049355 0.9955518
5664 0.049352 0.9955518
80155 0.049351 0.9955518
4707 0.049348 0.9955518
7126 0.049347 0.9955518
9524 0.049347 0.9955518
81605 0.049346 0.9955518
79728 0.049345 0.9955518
3151 0.049345 0.9955518
8314 0.049345 0.9955518
9627 0.049343 0.9955518
51699 0.049342 0.9955518
7386 0.049341 0.9955518
7515 0.049341 0.9955518
4690 0.049336 0.9955518
55957 0.049334 0.9955518
23163 0.049327 0.9955518
6470 0.049322 0.9955518
5991 0.049322 0.9955518
7994 0.049321 0.9955518
2879 0.04932 0.9955518
9744 0.049319 0.9955518
5438 0.049319 0.9955518
57559 0.049318 0.9955518
7756 0.049317 0.9955518
55633 0.049316 0.9955518
4802 0.049316 0.9955518
137209 0.049314 0.9955518
159 0.049313 0.9955518
5934 0.049311 0.9955518
10758 0.049308 0.9955518
994 0.049306 0.9955518
22889 0.049304 0.9955518
6654 0.049304 0.9955518
55226 0.049303 0.9955518
4800 0.049302 0.9955518
80011 0.0493 0.9955518
5229 0.049298 0.9955518
55125 0.049297 0.9955518
101060399 0.049295 0.9955518
8458 0.049295 0.9955518
9646 0.049293 0.9955518
55114 0.049291 0.9955518
1719 0.049289 0.9955518
54801 0.049289 0.9955518
5571 0.049288 0.9955518
64855 0.049287 0.9955518
65220 0.049286 0.9955518
55094 0.049285 0.9955518
22955 0.049282 0.9955518
5156 0.04928 0.9955518
10487 0.049279 0.9955518
10043 0.049276 0.9955518
1788 0.049275 0.9955518
23013 0.049273 0.9955518
79618 0.049269 0.9955518
2664 0.049268 0.9955518
10422 0.049267 0.9955518
23112 0.049267 0.9955518
84959 0.049265 0.9955518
8405 0.049258 0.9955518
55885 0.049257 0.9955518
8270 0.049257 0.9955518
26985 0.049255 0.9955518
348 0.049255 0.9955518
7384 0.049254 0.9955518
5824 0.049251 0.9955518
10120 0.049251 0.9955518
56952 0.04925 0.9955518
10865 0.049249 0.9955518
65117 0.049248 0.9955518
51147 0.049246 0.9955518
2975 0.049245 0.9955518
51143 0.049243 0.9955518
6886 0.049243 0.9955518
6159 0.049243 0.9955518
5494 0.049242 0.9955518
27342 0.049237 0.9955518
84726 0.049236 0.9955518
10569 0.049235 0.9955518
7391 0.049233 0.9955518
136319 0.049231 0.9955518
9128 0.04923 0.9955518
9554 0.049228 0.9955518
10580 0.049227 0.9955518
4197 0.049225 0.9955518
1738 0.049224 0.9955518
55285 0.049221 0.9955518
25836 0.04922 0.9955518
386677 0.049219 0.9955518
5937 0.049217 0.9955518
5898 0.049214 0.9955518
204851 0.049212 0.9955518
8417 0.049207 0.9955518
27327 0.049207 0.9955518
9189 0.049205 0.9955518
8500 0.049205 0.9955518
55110 0.049203 0.9955518
27040 0.049202 0.9955518
57545 0.049201 0.9955518
29761 0.0492 0.9955518
7188 0.049196 0.9955518
6652 0.049194 0.9955518
283149 0.049194 0.9955518
2192 0.049193 0.9955518
2241 0.049187 0.9955518
8772 0.049185 0.9955518
284252 0.049183 0.9955518
19 0.049183 0.9955518
1500 0.049183 0.9955518
7163 0.049182 0.9955518
23122 0.049182 0.9955518
816 0.049179 0.9955518
55559 0.049179 0.9955518
29982 0.049178 0.9955518
55749 0.049177 0.9955518
5979 0.049177 0.9955518
51324 0.049176 0.9955518
7291 0.049175 0.9955518
284312 0.049168 0.9955518
515 0.049165 0.9955518
23191 0.049165 0.9955518
157922 0.049163 0.9955518
6161 0.049154 0.9955518
55668 0.049153 0.9955518
6767 0.049152 0.9955518
124540 0.049152 0.9955518
6717 0.049148 0.9955518
7508 0.049148 0.9955518
1780 0.049148 0.9955518
26146 0.049147 0.9955518
2281 0.049146 0.9955518
8861 0.049145 0.9955518
26354 0.049144 0.9955518
8562 0.049144 0.9955518
55628 0.049141 0.9955518
23291 0.04914 0.9955518
1509 0.049138 0.9955518
2305 0.049133 0.9955518
1995 0.049133 0.9955518
8892 0.049129 0.9955518
60496 0.049126 0.9955518
23517 0.049124 0.9955518
116449 0.049123 0.9955518
9255 0.049121 0.9955518
79001 0.049119 0.9955518
7490 0.049119 0.9955518
4771 0.049119 0.9955518
9960 0.049118 0.9955518
2783 0.049116 0.9955518
10006 0.049116 0.9955518
151254 0.049114 0.9955518
221504 0.049113 0.9955518
4234 0.049111 0.9955518
283237 0.049109 0.9955518
817 0.049106 0.9955518
5352 0.049105 0.9955518
23165 0.049105 0.9955518
7538 0.049104 0.9955518
9555 0.049103 0.9955518
347733 0.049102 0.9955518
9873 0.049102 0.9955518
10953 0.049101 0.9955518
653361 0.049099 0.9955518
1163 0.049098 0.9955518
54930 0.049094 0.9955518
6748 0.049093 0.9955518
401508 0.049092 0.9955518
55854 0.049089 0.9955518
339287 0.049088 0.9955518
4824 0.049087 0.9955518
348487 0.049087 0.9955518
221120 0.049085 0.9955518
6548 0.049079 0.9955518
3035 0.049077 0.9955518
28952 0.049075 0.9955518
6603 0.049074 0.9955518
64129 0.049074 0.9955518
11164 0.049073 0.9955518
8087 0.049072 0.9955518
6830 0.049071 0.9955518
4676 0.04907 0.9955518
5074 0.049066 0.9955518
7812 0.049064 0.9955518
163050 0.049064 0.9955518
79720 0.049062 0.9955518
55388 0.049062 0.9955518
2202 0.049061 0.9955518
5393 0.04906 0.9955518
6727 0.049059 0.9955518
5985 0.049058 0.9955518
5971 0.049058 0.9955518
79441 0.049054 0.9955518
16 0.04905 0.9955518
79648 0.049048 0.9955518
7398 0.049048 0.9955518
10059 0.049046 0.9955518
839 0.049045 0.9955518
51129 0.049045 0.9955518
23075 0.049044 0.9955518
64581 0.049043 0.9955518
4141 0.049043 0.9955518
6876 0.049043 0.9955518
695 0.049039 0.9955518
6942 0.049039 0.9955518
51503 0.049035 0.9955518
11170 0.049035 0.9955518
1244 0.049032 0.9955518
28988 0.049032 0.9955518
10951 0.049031 0.9955518
4604 0.049029 0.9955518
64093 0.049029 0.9955518
27252 0.049028 0.9955518
56159 0.049023 0.9955518
23386 0.049022 0.9955518
7518 0.049022 0.9955518
7073 0.049022 0.9955518
30827 0.049022 0.9955518
10014 0.049019 0.9955518
1789 0.049019 0.9955518
79890 0.049015 0.9955518
57448 0.049014 0.9955518
10785 0.049011 0.9955518
57418 0.04901 0.9955518
5753 0.04901 0.9955518
140545 0.049009 0.9955518
2773 0.049007 0.9955518
11193 0.049006 0.9955518
11332 0.049006 0.9955518
6817 0.049004 0.9955518
833 0.049002 0.9955518
2950 0.049002 0.9955518
5605 0.049001 0.9955518
221037 0.049 0.9955518
60485 0.049 0.9955518
1877 0.049 0.9955518
51506 0.048996 0.9955518
147872 0.048992 0.9955518
1329 0.048989 0.9955518
390535 0.048989 0.9955518
4358 0.048989 0.9955518
26150 0.048988 0.9955518
11151 0.048988 0.9955518
84717 0.048983 0.9955518
103910 0.048982 0.9955518
10627 0.048982 0.9955518
128989 0.04898 0.9955518
54474 0.04898 0.9955518
6199 0.048979 0.9955518
4513 0.048978 0.9955518
7402 0.048978 0.9955518
51534 0.048976 0.9955518
2314 0.048975 0.9955518
3872 0.048975 0.9955518
23649 0.048971 0.9955518
63932 0.04897 0.9955518
10787 0.04897 0.9955518
80273 0.048968 0.9955518
51520 0.048966 0.9955518
51340 0.048965 0.9955518
8295 0.048965 0.9955518
1911 0.048964 0.9955518
26511 0.048962 0.9955518
23136 0.04896 0.9955518
4733 0.04896 0.9955518
9669 0.048958 0.9955518
55787 0.048956 0.9955518
5863 0.048955 0.9955518
4077 0.048955 0.9955518
5530 0.048951 0.9955518
59343 0.048951 0.9955518
7913 0.048951 0.9955518
4924 0.048945 0.9955518
6881 0.048943 0.9955518
10196 0.048943 0.9955518
10954 0.048941 0.9955518
6165 0.048941 0.9955518
7798 0.048941 0.9955518
128866 0.048941 0.9955518
55195 0.048939 0.9955518
5837 0.048939 0.9955518
7096 0.048938 0.9955518
1859 0.048937 0.9955518
29114 0.048934 0.9955518
9055 0.048933 0.9955518
602 0.04893 0.9955518
27343 0.04893 0.9955518
5329 0.04893 0.9955518
11073 0.048929 0.9955518
2321 0.048929 0.9955518
10621 0.048928 0.9955518
55177 0.048924 0.9955518
6150 0.048923 0.9955518
8480 0.048923 0.9955518
5203 0.048922 0.9955518
10294 0.048919 0.9955518
8667 0.048918 0.9955518
5116 0.048917 0.9955518
4704 0.048914 0.9955518
10985 0.048912 0.9955518
10146 0.048909 0.9955518
51616 0.048906 0.9955518
3704 0.048906 0.9955518
29128 0.048905 0.9955518
10494 0.048903 0.9955518
10916 0.048896 0.9955518
25929 0.048895 0.9955518
2101 0.048895 0.9955518
4659 0.048891 0.9955518
9377 0.048891 0.9955518
10312 0.048887 0.9955518
4208 0.048885 0.9955518
7358 0.048884 0.9955518
156 0.048883 0.9955518
8575 0.048883 0.9955518
9133 0.04888 0.9955518
51400 0.048878 0.9955518
84233 0.048876 0.9955518
9736 0.048875 0.9955518
79873 0.048873 0.9955518
2073 0.048873 0.9955518
6660 0.048873 0.9955518
79004 0.048872 0.9955518
6352 0.048872 0.9955518
440275 0.04887 0.9955518
5236 0.04887 0.9955518
27104 0.04887 0.9955518
6304 0.048868 0.9955518
5698 0.048867 0.9955518
327 0.048866 0.9955518
10336 0.048864 0.9955518
261726 0.048862 0.9955518
55339 0.048861 0.9955518
25885 0.048861 0.9955518
10891 0.048859 0.9955518
7037 0.048859 0.9955518
5223 0.048859 0.9955518
10519 0.048855 0.9955518
9448 0.048854 0.9955518
283820 0.048851 0.9955518
9616 0.04885 0.9955518
10093 0.048849 0.9955518
100526693 0.048849 0.9955518
4125 0.048848 0.9955518
64978 0.048846 0.9955518
284695 0.048845 0.9955518
9794 0.048844 0.9955518
8216 0.048843 0.9955518
8991 0.048843 0.9955518
8021 0.048842 0.9955518
4342 0.04884 0.9955518
4602 0.048839 0.9955518
150684 0.048837 0.9955518
7327 0.048837 0.9955518
54715 0.048836 0.9955518
2104 0.048836 0.9955518
403 0.048831 0.9955518
6119 0.048828 0.9955518
27232 0.048827 0.9955518
7703 0.048826 0.9955518
55201 0.048826 0.9955518
84271 0.04882 0.9955518
11344 0.04882 0.9955518
11231 0.04882 0.9955518
6871 0.04882 0.9955518
7003 0.04882 0.9955518
2904 0.048814 0.9955518
10771 0.048813 0.9955518
3098 0.048813 0.9955518
9253 0.048812 0.9955518
2171 0.048811 0.9955518
7046 0.048811 0.9955518
79709 0.04881 0.9955518
11196 0.04881 0.9955518
6218 0.048808 0.9955518
7709 0.048805 0.9955518
408050 0.048805 0.9955518
27030 0.048803 0.9955518
4879 0.048803 0.9955518
1833 0.048801 0.9955518
133383 0.048801 0.9955518
388324 0.048799 0.9955518
84154 0.048798 0.9955518
10652 0.048795 0.9955518
57002 0.048794 0.9955518
253635 0.048792 0.9955518
3860 0.048791 0.9955518
7750 0.04879 0.9955518
3219 0.048789 0.9955518
51776 0.048787 0.9955518
5451 0.048786 0.9955518
118460 0.048786 0.9955518
53938 0.048785 0.9955518
1406 0.048783 0.9955518
92610 0.048779 0.9955518
2887 0.048778 0.9955518
1000 0.048778 0.9955518
9329 0.048772 0.9955518
55234 0.048772 0.9955518
10427 0.048772 0.9955518
51304 0.048769 0.9955518
50514 0.048768 0.9955518
79228 0.048767 0.9955518
8924 0.048767 0.9955518
688 0.048767 0.9955518
129401 0.048767 0.9955518
5977 0.048764 0.9955518
5587 0.048763 0.9955518
25813 0.048763 0.9955518
28976 0.048762 0.9955518
682 0.048762 0.9955518
2690 0.048762 0.9955518
29102 0.048761 0.9955518
64777 0.048761 0.9955518
202051 0.048761 0.9955518
5978 0.048759 0.9955518
10252 0.048758 0.9955518
8050 0.048758 0.9955518
9246 0.048758 0.9955518
6279 0.048757 0.9955518
50807 0.048755 0.9955518
23592 0.048754 0.9955518
4638 0.048754 0.9955518
4354 0.048753 0.9955518
29903 0.048752 0.9955518
274 0.04875 0.9955518
4798 0.04875 0.9955518
5788 0.048749 0.9955518
51042 0.048748 0.9955518
57492 0.048746 0.9955518
5993 0.048745 0.9955518
65003 0.048745 0.9955518
3791 0.048741 0.9955518
8563 0.04874 0.9955518
10072 0.048739 0.9955518
8900 0.048738 0.9955518
23168 0.048738 0.9955518
1630 0.048738 0.9955518
3741 0.048736 0.9955518
10428 0.048734 0.9955518
57634 0.048734 0.9955518
51773 0.048734 0.9955518
23139 0.048729 0.9955518
55521 0.048728 0.9955518
5339 0.048727 0.9955518
8764 0.048727 0.9955518
874 0.048726 0.9955518
4606 0.048723 0.9955518
6640 0.048719 0.9955518
79797 0.048716 0.9955518
26039 0.048715 0.9955518
5777 0.048712 0.9955518
1130 0.048711 0.9955518
23481 0.048711 0.9955518
22983 0.048709 0.9955518
2548 0.048709 0.9955518
57510 0.048706 0.9955518
27349 0.048706 0.9955518
51072 0.048703 0.9955518
57616 0.048699 0.9955518
22884 0.048698 0.9955518
5217 0.048698 0.9955518
4628 0.048694 0.9955518
56252 0.048694 0.9955518
