155	0.101342	6714
155	0.060887	2778
81552	0.101854	7316
81552	0.068172	6866
56853	0.094994	351
2911	0.098570	2597
2911	0.102150	5578
2911	0.058889	203068
2911	0.093947	156
2911	0.143165	134
2911	0.064281	1948
2911	0.106080	9737
84196	0.101608	22938
84196	0.136115	351
84196	0.102216	4609
84196	0.564868	1814
2781	0.065882	1994
2781	0.105247	5578
2781	0.103762	7316
2781	0.097434	351
2781	0.096239	5708
2781	0.063796	10287
2781	0.096779	5580
2781	0.146261	134
2781	0.063825	1813
2781	0.063840	1816
2781	0.063517	4985
2781	0.062045	6001
9248	0.106672	2770
3276	0.103803	4899
3276	0.099130	7157
3276	0.139370	7316
3276	0.098075	207
3276	0.099152	1017
3276	0.137222	2033
3276	0.137248	2099
3276	0.098618	2335
3276	0.097862	409
3276	0.097642	3192
3276	0.097601	11345
3276	0.100847	3725
3276	0.097653	7189
3276	0.097836	7532
3276	0.099595	8452
3276	0.137145	5970
3276	0.097803	7428
3276	0.137132	8350
3276	0.137063	8359
3276	0.137835	8648
3276	0.563813	9971
3276	0.137300	10498
3276	0.097718	55832
5515	0.102270	4899
5515	0.096191	6117
5515	0.137900	6714
5515	0.097597	7157
5515	0.137837	7316
5515	0.096465	7415
5515	0.096542	207
5515	0.097618	1017
5515	0.096279	2932
5515	0.096742	4869
5515	0.096274	5594
5515	0.127874	6418
5515	0.096445	8454
5515	0.097396	1956
5515	0.127327	1452
5515	0.097085	2335
5515	0.097610	4609
5515	0.130854	5580
5515	0.135620	5591
5515	0.098062	8452
5515	0.096087	6118
5515	0.135612	5970
5515	0.557602	2562
8291	0.138223	7316
8291	0.136067	2547
8291	0.136004	10013
8291	0.133779	1937
8291	0.096975	6045
8291	0.558462	7840
6840	0.131663	60
6840	0.137156	7316
6840	0.096937	1017
6840	0.135034	2099
6840	0.097232	3320
6840	0.095983	801
6840	0.139033	2885
6840	0.136097	2316
6840	0.556492	5027
6840	0.095622	7532
6840	0.143196	2770
6840	0.132638	2782
6840	0.134269	4957
9294	0.109461	2770
9294	0.102473	2776
9294	0.063927	10672
1813	0.060362	801
1813	0.059812	6531
1813	0.100475	2316
1813	0.102097	2771
1813	0.097612	2035
1813	0.099506	2036
1813	0.103042	84687
1813	0.100649	10755
1813	0.062475	2773
1813	0.062336	6755
1813	0.110439	23413
1813	0.068368	3760
1813	0.077439	3762
1813	0.064707	135
1813	0.067787	3765
1813	0.146694	54102
3326	0.095253	60
3326	0.059428	988
3326	0.098652	2597
3326	0.097725	5566
3326	0.102232	5578
3326	0.100810	6714
3326	0.060507	7157
3326	0.059375	7415
3326	0.059912	22938
3326	0.059451	207
3326	0.060528	1017
3326	0.060090	1457
3326	0.098624	2099
3326	0.059189	2932
3326	0.059340	3065
3326	0.060823	3320
3326	0.090125	4193
3326	0.059652	4869
3326	0.059355	8454
3326	0.098527	10013
3326	0.096932	26524
3326	0.060305	1956
3326	0.102624	2885
3326	0.096016	25
3326	0.090237	1452
3326	0.059177	1499
3326	0.059994	2335
3326	0.059238	409
3326	0.059550	1398
3326	0.098530	5591
3326	0.098521	5970
3326	0.093679	7534
3326	0.060971	8452
3326	0.094029	156
3326	0.095185	2534
3326	0.094931	2870
3326	0.093763	5580
3326	0.061516	6613
3326	0.059138	7529
3326	0.059006	7531
3326	0.062223	3725
3326	0.058978	11345
3326	0.058984	26270
3326	0.099687	2316
3326	0.101309	2771
3326	0.059382	10537
3326	0.098922	5590
3326	0.098540	7341
3326	0.059847	8787
3326	0.059948	10987
3326	0.059095	55832
3326	0.061559	57062
163786	0.138860	7316
163786	0.135414	55125
163786	0.135478	55835
163786	0.559098	7840
163786	0.135735	9662
163786	0.135625	22995
163786	0.135715	79598
6733	0.133884	5566
6733	0.136906	7316
6733	0.095610	207
6733	0.130578	351
6733	0.134784	2099
6733	0.126285	4193
6733	0.095343	5594
6733	0.132176	25
6733	0.095397	409
6733	0.133962	8573
6733	0.097131	8452
6733	0.129923	5580
6733	0.095297	7529
6733	0.098382	3725
6733	0.095542	10537
6733	0.095254	55832
6733	0.134878	2036
6733	0.557145	7840
7917	0.061258	7157
7917	0.101498	7316
7917	0.060126	7415
7917	0.060133	10537
7917	0.060746	2335
7917	0.099349	2033
7917	0.059940	2932
7917	0.481352	2742
7917	0.067477	6863
2776	0.140523	7316
2776	0.130463	382
2776	0.133805	156
2776	0.101113	8490
2776	0.099339	64407
2776	0.134870	5295
2776	0.099642	7253
2776	0.101567	55188
2776	0.099279	185
2776	0.099466	1903
2776	0.100132	2778
2776	0.099040	147
2776	0.099390	623
2776	0.103555	643
2776	0.555119	1131
2776	0.100783	1394
2776	0.105714	2864
2776	0.102450	2867
2776	0.100298	2912
2776	0.099159	2914
2776	0.103035	3357
2776	0.118901	5662
2776	0.099214	5739
2776	0.099378	5999
2776	0.098821	6003
2776	0.099484	6004
2776	0.102016	8811
2776	0.099795	51251
2776	0.103100	137872
2776	0.102877	259249
145508	0.134926	5566
145508	0.097708	7157
145508	0.134133	26524
145508	0.127438	1452
145508	0.096378	1499
145508	0.096751	1398
145508	0.135003	8573
145508	0.134502	55125
145508	0.134535	116840
145508	0.135184	153241
145508	0.133954	154796
145508	0.135060	4957
145508	0.133431	2782
145508	0.134800	134359
145508	0.558186	7840
145508	0.134823	9662
145508	0.134713	22995
145508	0.134803	79598
26524	0.099776	1994
26524	0.137657	7316
26524	0.097438	1017
26524	0.127035	4193
26524	0.139441	8777
26524	0.132927	25
26524	0.096087	1499
26524	0.096123	7532
26524	0.557895	7840
26524	0.134211	55125
26524	0.134275	55835
26524	0.134244	116840
26524	0.133663	154796
148	0.102018	84687
148	0.059027	147
26270	0.097614	2597
26270	0.058063	6117
26270	0.099709	7316
26270	0.058337	7415
26270	0.058393	983
26270	0.059785	3320
26270	0.058614	4869
26270	0.058317	8454
26270	0.096310	10399
26270	0.058365	10971
26270	0.059268	1956
26270	0.091642	375
26270	0.095265	1937
26270	0.058323	3312
26270	0.097492	5591
26270	0.092641	7534
26270	0.057932	203068
26270	0.097401	8359
26270	0.057968	7531
26270	0.095571	1933
26270	0.058175	7532
26270	0.058910	10987
26270	0.106718	26958
26270	0.058468	59345
26270	0.095715	154796
3357	0.066141	2767
3357	0.062738	185
3357	0.105768	8777
5020	0.098840	4690
8648	0.099696	7157
8648	0.139936	7316
8648	0.099101	22938
8648	0.137788	2033
8648	0.137814	2099
8648	0.098373	5594
8648	0.137935	9611
8648	0.098592	10971
8648	0.138234	10891
8648	0.138147	6256
8648	0.101412	3725
8648	0.137730	7341
8648	0.137867	10498
8648	0.099137	10987
8648	0.564379	9971
8648	0.138234	23054
2912	0.065222	2769
2912	0.098562	29979
2912	0.059800	6002
6001	0.096732	5566
6001	0.099754	7316
6001	0.093426	351
6001	0.058582	801
6001	0.089693	382
6001	0.107440	2775
6001	0.105794	2770
6001	0.060694	2773
1499	0.062022	1994
1499	0.096880	5566
1499	0.101387	5578
1499	0.099965	6714
1499	0.058606	207
1499	0.093574	351
1499	0.059683	1017
1499	0.059245	1457
1499	0.097753	2033
1499	0.097779	2099
1499	0.058344	2932
1499	0.058495	3065
1499	0.058510	8454
1499	0.097682	10013
1499	0.058558	10971
1499	0.059460	1956
1499	0.095171	25
1499	0.089392	1452
1499	0.092834	7534
1499	0.059675	4609
1499	0.059103	10987
1499	0.061378	3725
1499	0.097773	841
1499	0.094340	2534
1499	0.099622	2902
1499	0.058516	3312
1499	0.094248	5295
1499	0.092919	5580
1499	0.098077	5590
1499	0.097676	5970
1499	0.098112	6256
1499	0.097695	7341
1499	0.094776	7345
1499	0.060126	8452
1499	0.058682	10076
1499	0.097832	10498
1499	0.060408	10672
1499	0.097832	23411
1499	0.095908	154796
5028	0.152175	134
2014	0.603710	5027
887	0.104142	2885
887	0.097535	25
887	0.096703	2534
887	0.067544	885
887	0.069893	886
887	0.100890	4690
887	0.103773	84687
6444	0.061361	6443
6444	0.133918	100
6870	0.122225	9737
6870	0.083127	6866
6870	0.082789	6863
6870	0.091726	255061
4118	0.100410	6714
4118	0.094693	5295
7531	0.058412	988
7531	0.097636	2597
7531	0.096709	5566
7531	0.099794	6714
7531	0.059491	7157
7531	0.099730	7316
7531	0.058359	7415
7531	0.058435	207
7531	0.059512	1017
7531	0.059807	3320
7531	0.058636	4869
7531	0.058339	8454
7531	0.097729	9611
7531	0.097787	9612
7531	0.058387	10971
7531	0.058558	801
7531	0.059289	1956
7531	0.101608	2885
7531	0.095000	25
7531	0.089221	1452
7531	0.058979	2335
7531	0.058222	409
7531	0.095286	1937
7531	0.058345	3312
7531	0.092663	7534
7531	0.057954	203068
7531	0.097423	8359
7531	0.059955	8452
7531	0.060500	6613
7531	0.058122	7529
7531	0.058366	10537
7531	0.057961	11345
7531	0.059504	4609
7531	0.061207	3725
7531	0.093524	6310
7531	0.058197	7532
7531	0.097493	8350
7531	0.096349	55835
10971	0.094634	60
10971	0.058808	988
10971	0.062248	1994
10971	0.098033	2597
10971	0.059888	7157
10971	0.100128	7316
10971	0.058756	7415
10971	0.059909	1017
10971	0.059471	1457
10971	0.098005	2099
10971	0.089507	4193
10971	0.059033	4869
10971	0.102005	2885
10971	0.058763	10537
10971	0.093060	7534
10971	0.059375	2335
10971	0.058931	1398
10971	0.059687	1956
10971	0.059901	4609
10971	0.061604	3725
10971	0.060897	6613
10971	0.095397	25
10971	0.058742	3312
10971	0.097911	5591
10971	0.058519	7529
10971	0.058594	7532
10971	0.058619	409
10971	0.058956	801
10971	0.089618	1452
10971	0.096206	2035
10971	0.098100	2036
10971	0.113070	2037
10971	0.061068	2773
10971	0.098303	5590
10971	0.097820	8359
10971	0.060353	8452
10971	0.058352	203068
10672	0.064097	1994
10672	0.098956	5566
10672	0.101977	7316
10672	0.094994	5580
10672	0.061096	7253
10672	0.060921	1903
10672	0.098911	5962
10672	0.102099	54331
10672	0.065009	643
10672	0.062055	1816
10672	0.060938	6004
10672	0.061539	8698
94235	0.100768	2782
94235	0.064045	59345
94235	0.064972	2784
94235	0.068318	643
9662	0.098106	7157
9662	0.138346	7316
9662	0.127837	1452
9662	0.134901	55125
9662	0.135582	153241
9662	0.135459	4957
9662	0.134964	55835
9662	0.558585	7840
9662	0.135111	22995
9662	0.135202	79598
11255	0.979876	1812
5335	0.064269	4899
5335	0.096815	5566
5335	0.101322	5578
5335	0.099900	6714
5335	0.099837	7316
5335	0.058541	207
5335	0.058742	4869
5335	0.096438	10399
5335	0.059395	1956
5335	0.101714	2885
5335	0.095106	25
5335	0.098778	2316
5335	0.094275	2534
5335	0.098462	4690
5335	0.094183	5295
5335	0.058592	185
5335	0.099557	2902
5970	0.103679	4899
5970	0.136224	5566
5970	0.099006	7157
5970	0.139246	7316
5970	0.098589	1457
5970	0.137098	2033
5970	0.137124	2099
5970	0.097688	2932
5970	0.097839	3065
5970	0.099323	3320
5970	0.128625	4193
5970	0.098152	4869
5970	0.097683	5594
5970	0.137302	9612
5970	0.098074	801
5970	0.128737	1452
5970	0.097518	3192
5970	0.097861	3312
5970	0.137029	5591
5970	0.099019	4609
5970	0.100722	3725
5970	0.097998	6045
5970	0.137177	23411
5970	0.137422	5590
5970	0.137456	6256
5970	0.563689	9971
5970	0.137177	10498
5970	0.137545	10891
5970	0.137544	23054
5970	0.135864	55835
5970	0.097470	203068
6258	0.142003	5578
6258	0.140518	7316
6258	0.099126	8454
6258	0.138574	9612
6258	0.564960	9971
6258	0.138816	23054
6613	0.096747	60
6613	0.060922	988
6613	0.064361	1994
6613	0.100146	2597
6613	0.060595	6117
6613	0.062001	7157
6613	0.102241	7316
6613	0.060869	7415
6613	0.060925	983
6613	0.100093	2033
6613	0.100084	2547
6613	0.060834	3065
6613	0.091619	4193
6613	0.061146	4869
6613	0.094717	5708
6613	0.092277	6418
6613	0.100240	9611
6613	0.100297	9612
6613	0.098842	10399
6613	0.061489	2335
6613	0.097797	1937
6613	0.060512	3192
6613	0.060855	3312
6613	0.100024	5591
6613	0.100016	7520
6613	0.095173	7534
6613	0.101373	22820
6613	0.060464	203068
6613	0.060992	6045
6613	0.099933	8359
6613	0.062465	8452
6613	0.060876	10537
6613	0.062013	4609
6613	0.063717	3725
6613	0.101182	2316
6613	0.100034	7341
6613	0.060632	7529
6613	0.060589	55832
6613	0.063052	57062
885	0.106749	7316
885	0.074378	886
2554	0.100722	5580
2554	0.105021	29979
2554	0.067185	1815
2534	0.132888	5566
2534	0.135973	6714
2534	0.129582	351
2534	0.094594	983
2534	0.095986	3320
2534	0.133690	10013
2534	0.132512	10399
2534	0.137787	2885
2534	0.131180	25
2534	0.095157	2335
2534	0.094713	1398
2534	0.134850	2316
2534	0.133781	841
2534	0.552554	1139
2534	0.094200	1742
2534	0.135630	2902
2534	0.094656	3000
2534	0.102743	3760
2534	0.134535	4690
2534	0.130256	5295
2534	0.128926	5580
2534	0.134085	5590
2534	0.129702	6310
2534	0.094192	7189
4957	0.100704	1994
4957	0.138584	7316
4957	0.132256	351
4957	0.097269	983
4957	0.097388	1398
4957	0.135139	55125
4957	0.135821	153241
4957	0.558822	7840
4957	0.135440	79598
8777	0.103016	7157
8777	0.143256	7316
8777	0.102060	1398
8777	0.141032	7520
8777	0.102458	10987
8777	0.139263	154796
8777	0.565682	1814
8777	0.103446	4991
8777	0.103446	144125
51764	0.058975	1742
51764	0.096168	2782
51764	0.059444	59345
51764	0.060371	2784
108	0.108594	7316
108	0.068203	2778
108	0.072248	107
108	0.067860	111
59340	0.115025	2775
59340	0.071316	2769
59340	0.113379	2770
4985	0.102711	5578
4985	0.101226	7316
4985	0.059717	409
4985	0.108912	2775
4985	0.094508	156
4985	0.094243	5580
4985	0.101789	2771
4985	0.065202	2769
4985	0.106642	9737
4985	0.107266	2770
4985	0.059511	4988
5027	0.555315	60
5027	0.555783	3881
5027	0.562685	2885
5027	0.556078	25
5027	0.557864	8573
5027	0.559432	4690
5027	0.587940	1949
5027	0.578747	10548
5027	0.569240	24145
5027	0.555777	386681
7529	0.061983	1994
7529	0.099926	6714
7529	0.099863	7316
7529	0.058491	7415
7529	0.093535	351
7529	0.059206	1457
7529	0.059422	1956
7529	0.101740	2885
7529	0.095132	25
7529	0.089353	1452
7529	0.059110	2335
7529	0.058354	409
7529	0.097646	5591
7529	0.092795	7534
7529	0.058086	203068
7529	0.060088	8452
7529	0.092880	5580
7529	0.059636	4609
7529	0.061339	3725
7529	0.095941	2035
7529	0.097835	2036
7529	0.112805	2037
7529	0.098038	5590
7529	0.058329	7532
7529	0.097625	8350
7529	0.096481	55835
6863	0.105294	2547
6863	0.066699	2335
6863	0.082789	6865
6863	0.075231	6869
6863	0.082368	255061
3760	0.105284	5566
3760	0.104907	10399
3760	0.103788	2782
3760	0.067785	1815
3760	0.084210	3762
3760	0.074558	3765
157	0.104545	7316
157	0.097827	156
157	0.063300	185
157	0.075680	4987
157	0.062829	4988
7534	0.098836	4899
7534	0.128910	60
7534	0.093085	988
7534	0.132309	2597
7534	0.131382	5566
7534	0.135889	5578
7534	0.094164	7157
7534	0.134404	7316
7534	0.093032	7415
7534	0.093108	207
7534	0.128076	351
7534	0.094185	1017
7534	0.132281	2099
7534	0.132247	2547
7534	0.092846	2932
7534	0.094480	3320
7534	0.093309	4869
7534	0.126880	5708
7534	0.124441	6418
7534	0.093012	8454
7534	0.132403	9611
7534	0.131005	10399
7534	0.093231	801
7534	0.093963	1956
7534	0.136281	2885
7534	0.129673	25
7534	0.123894	1452
7534	0.093651	2335
7534	0.092675	3192
7534	0.093018	3312
7534	0.132187	5591
7534	0.093039	10537
7534	0.092635	11345
7534	0.554859	150
7534	0.548706	152
7534	0.130266	1933
7534	0.161536	1949
7534	0.132376	2036
7534	0.147346	2037
7534	0.133345	2316
7534	0.095880	3725
7534	0.128750	5295
7534	0.127420	5580
7534	0.132579	5590
7534	0.128196	6310
7534	0.092870	7532
7534	0.132166	8350
7534	0.132096	8359
7534	0.094629	8452
7534	0.093605	10987
7534	0.092752	55832
7534	0.131022	55835
7534	0.092628	203068
7520	0.103680	4899
7520	0.097601	6117
7520	0.139246	7316
7520	0.099028	1017
7520	0.098590	1457
7520	0.137124	2099
7520	0.137090	2547
7520	0.137027	10013
7520	0.098494	2335
7520	0.097738	409
7520	0.137030	5591
7520	0.097497	6118
7520	0.097680	7428
7520	0.097477	11345
7520	0.097920	51547
7520	0.099020	4609
7520	0.100723	3725
7520	0.097998	6045
7520	0.099472	8452
7520	0.137041	7341
7520	0.135130	3981
7520	0.130534	3002
7520	0.137009	8350
7520	0.563689	9971
7520	0.137545	23054
858	0.161914	6714
858	0.161851	7316
858	0.121194	1457
858	0.121410	1956
858	0.160475	4690
858	0.591115	1812
1812	0.569868	22820
1812	0.569677	2316
1812	0.583677	2037
1812	0.604053	100
1812	0.577746	26958
1812	0.570456	2902
1812	0.613235	134
1812	0.979876	50632
1812	0.651332	85406
6604	0.104549	4899
6604	0.140117	7316
6604	0.137994	2099
6604	0.141994	2885
6604	0.101593	3725
6604	0.138327	6256
6604	0.138292	5590
6604	0.564559	9971
1457	0.065247	4899
1457	0.062935	1994
1457	0.100878	6714
1457	0.060575	7157
1457	0.100815	7316
1457	0.059519	207
1457	0.094487	351
1457	0.059499	983
1457	0.060596	1017
1457	0.096676	1933
1457	0.060063	2335
1457	0.060891	3320
1457	0.059488	51547
1457	0.059306	409
1457	0.059643	801
1457	0.099060	1967
1457	0.113757	2037
1457	0.098692	2099
1457	0.098658	2547
1457	0.059408	3065
1457	0.062291	3725
1457	0.090194	4193
1457	0.060588	4609
1457	0.059720	4869
1457	0.095161	5295
1457	0.098990	5590
1457	0.098598	5591
1457	0.059251	5594
1457	0.059566	6045
1457	0.090852	6418
1457	0.098608	7341
1457	0.059248	7428
1457	0.098813	9611
1457	0.098871	9612
1457	0.098595	10013
1457	0.060848	10287
1457	0.098745	23411
1457	0.061627	57062
1956	0.098935	2597
1956	0.098008	5566
1956	0.102515	5578
1956	0.059384	6117
1956	0.101094	6714
1956	0.101030	7316
1956	0.059734	207
1956	0.094702	351
1956	0.059715	983
1956	0.098908	2099
1956	0.098874	2547
1956	0.061106	3320
1956	0.059936	4869
1956	0.059467	5594
1956	0.093507	5708
1956	0.098810	10013
1956	0.097632	10399
1956	0.059858	801
1956	0.102907	2885
1956	0.059261	11345
1956	0.060278	2335
1956	0.059834	1398
1956	0.096300	25
1956	0.094312	156
1956	0.059785	185
1956	0.090969	382
1956	0.059521	409
1956	0.096586	1937
1956	0.097109	2035
1956	0.101593	2771
1956	0.059645	3312
1956	0.099655	4690
1956	0.095377	5295
1956	0.094047	5580
1956	0.099206	5590
1956	0.098813	5591
1956	0.059885	5999
1956	0.059991	6004
1956	0.059280	6118
1956	0.095905	7345
1956	0.098793	8350
1956	0.098723	8359
1956	0.099329	10891
1956	0.059254	203068
64407	0.097266	5566
64407	0.093960	351
64407	0.100850	2771
64407	0.106327	2770
64407	0.061228	2773
375	0.097837	4899
375	0.133404	7316
375	0.093186	1017
375	0.092310	4869
375	0.092039	10537
375	0.093177	4609
375	0.094881	3725
375	0.128960	1937
375	0.548000	1131
375	0.091689	4988
375	0.132537	22820
154796	0.131985	60
154796	0.137478	7316
154796	0.131150	351
154796	0.097259	1017
154796	0.132453	3881
154796	0.134066	116840
154796	0.097702	8452
154796	0.098954	3725
154796	0.096679	10987
154796	0.095944	7532
154796	0.557716	7840
2775	0.113590	4899
2775	0.149157	7316
2775	0.142829	351
2775	0.191656	134
2775	0.155197	2770
2775	0.569612	150
2775	0.563459	152
2775	0.112189	643
2775	0.109416	1394
2775	0.111084	2867
2775	0.120645	2916
2775	0.107442	4988
2775	0.112246	5149
2775	0.108012	5999
2775	0.108118	6004
2775	0.108275	7253
2775	0.109747	8490
2775	0.108257	8787
2775	0.107938	10076
2775	0.109191	10287
2775	0.109829	53637
441925	0.106052	9737
153241	0.103140	4899
153241	0.098468	7157
153241	0.138708	7316
153241	0.135263	55125
153241	0.135296	116840
153241	0.135473	22995
153241	0.135326	55835
153241	0.558946	7840
153241	0.135564	79598
2037	0.154413	7316
2037	0.148085	351
2037	0.113087	51547
2037	0.113048	10537
2037	0.113615	10987
2037	0.112879	7532
2037	0.196912	134
2037	0.576839	1814
22938	0.065070	4899
22938	0.095143	60
22938	0.059318	988
22938	0.062757	1994
22938	0.100700	6714
22938	0.100637	7316
22938	0.060418	1017
22938	0.060713	3320
22938	0.059310	51547
22938	0.060410	4609
22938	0.059838	10987
22938	0.058908	3192
22938	0.062113	3725
22938	0.059388	6045
22938	0.059321	983
22938	0.096193	1937
22938	0.098488	2033
22938	0.098514	2099
22938	0.098480	2547
22938	0.059230	3065
22938	0.059251	3312
22938	0.098420	5591
22938	0.093113	5708
22938	0.098847	6256
22938	0.098639	6602
22938	0.060861	8452
22938	0.059245	8454
22938	0.098636	9611
22938	0.098693	9612
22938	0.099860	10564
22938	0.099769	22820
22938	0.098567	23411
22938	0.107646	26958
22938	0.058985	55832
22938	0.058860	203068
2779	0.103872	7316
2779	0.062832	6004
2779	0.062972	8787
4988	0.099756	7316
4988	0.058584	801
4988	0.093038	156
4988	0.098697	2316
4988	0.100319	2771
4988	0.058957	10987
4988	0.063732	2769
4988	0.105172	9737
4988	0.105796	2770
4988	0.058491	79971
2784	0.059839	988
2784	0.101158	7316
2784	0.101280	54331
2784	0.064190	643
2784	0.060617	2785
2784	0.060479	2788
2784	0.061256	2793
2771	0.136541	60
2771	0.139912	2099
2771	0.102110	3320
2771	0.137010	3881
2771	0.100940	4869
2771	0.102068	10287
2771	0.100786	6045
2771	0.105688	107
2771	0.184534	134
2771	0.562489	150
2771	0.105067	643
2771	0.561038	1128
2771	0.105226	1268
2771	0.148074	2770
2771	0.102974	2773
2771	0.137517	2782
2771	0.105514	3972
2771	0.101740	3973
2771	0.100889	5999
2771	0.100588	6002
2771	0.100332	6003
2771	0.100995	6004
2771	0.101153	7253
2771	0.102625	8490
2771	0.100815	10076
2771	0.100794	59345
2771	0.104931	64805
2771	0.104388	259249
2771	0.137003	386681
8556	0.095783	7157
8556	0.094928	4869
8556	0.555027	1128
114928	0.136636	7316
114928	0.096861	8452
114928	0.133803	153
114928	0.555640	1128
114928	0.097142	3274
2316	0.134919	60
2316	0.137390	5566
2316	0.141897	5578
2316	0.098767	6117
2316	0.140476	6714
2316	0.140412	7316
2316	0.099116	207
2316	0.099097	983
2316	0.100194	1017
2316	0.138290	2099
2316	0.100489	3320
2316	0.099318	4869
2316	0.099240	801
2316	0.142290	2885
2316	0.135682	25
2316	0.099660	2335
2316	0.098904	409
2316	0.099216	1398
2316	0.098663	6118
2316	0.098845	7428
2316	0.099086	51547
2316	0.100637	8452
2316	0.101888	3725
2316	0.099048	10537
2316	0.100185	4609
2316	0.562837	1814
2316	0.146452	2770
2316	0.100021	2778
2316	0.099048	2914
2316	0.098799	2918
2316	0.136296	3981
2316	0.134759	5295
2316	0.138206	7341
2316	0.098879	7532
2316	0.141920	84687
1398	0.064708	4899
1398	0.094782	60
1398	0.100338	6714
1398	0.060035	7157
1398	0.100275	7316
1398	0.102152	2885
1398	0.095545	25
1398	0.058889	3312
1398	0.098900	4690
1398	0.094621	5295
1398	0.094068	6310
1398	0.058742	7532
1398	0.058499	203068
6118	0.064155	4899
6118	0.094228	60
6118	0.058403	988
6118	0.061842	1994
6118	0.097627	2597
6118	0.096700	5566
6118	0.058076	6117
6118	0.059482	7157
6118	0.099722	7316
6118	0.093394	351
6118	0.058406	983
6118	0.059503	1017
6118	0.097565	2547
6118	0.058627	4869
6118	0.058330	8454
6118	0.089212	1452
6118	0.058970	2335
6118	0.057993	3192
6118	0.058336	3312
6118	0.097505	5591
6118	0.059946	8452
6118	0.057945	203068
134359	0.135302	5566
134359	0.138324	7316
134359	0.134879	55125
134359	0.135090	22995
134359	0.558563	7840
1933	0.131840	60
1933	0.137333	7316
1933	0.131005	351
1933	0.096239	4869
1933	0.095941	8454
1933	0.126824	1452
1933	0.096581	2335
1933	0.132889	1937
1933	0.095766	7428
1933	0.097558	8452
1933	0.098809	3725
1933	0.095564	11345
1933	0.559759	1814
1933	0.133412	2035
1933	0.095682	55832
111	0.097715	5566
111	0.102222	5578
111	0.100737	7316
111	0.098913	5590
111	0.060346	2778
111	0.106777	2770
10013	0.101372	1994
10013	0.140736	5578
10013	0.139252	7316
10013	0.097880	7415
10013	0.137103	2033
10013	0.137095	2547
10013	0.097694	2932
10013	0.099328	3320
10013	0.097688	5594
10013	0.131728	5708
10013	0.097887	10537
10013	0.097866	3312
10013	0.132533	156
10013	0.097475	203068
10013	0.136944	8359
10013	0.563694	9971
10013	0.135870	55835
2099	0.133856	60
2099	0.137255	2597
2099	0.136327	5566
2099	0.139412	6714
2099	0.099109	7157
2099	0.139349	7316
2099	0.098053	207
2099	0.099130	1017
2099	0.137201	2033
2099	0.141226	2885
2099	0.098597	2335
2099	0.099425	3320
2099	0.099122	4609
2099	0.098550	10987
2099	0.097620	3192
2099	0.100825	3725
2099	0.134619	25
2099	0.098177	801
2099	0.137192	2547
2099	0.145389	2770
2099	0.100290	2773
2099	0.134832	2782
2099	0.097791	2932
2099	0.097942	3065
2099	0.097963	3312
2099	0.128728	4193
2099	0.098254	4869
2099	0.133695	5295
2099	0.137524	5590
2099	0.137132	5591
2099	0.097786	5594
2099	0.131825	5708
2099	0.136284	5962
2099	0.137560	6256
2099	0.137351	6602
2099	0.097632	7189
2099	0.137143	7341
2099	0.099574	8452
2099	0.137348	9611
2099	0.137406	9612
2099	0.563792	9971
2099	0.137647	10891
2099	0.137647	23054
2099	0.137279	23411
2099	0.146359	26958
2099	0.098108	59345
2099	0.097573	203068
29979	0.136692	2597
29979	0.138787	7316
29979	0.097416	7415
29979	0.132459	351
29979	0.136639	2033
29979	0.131264	5708
29979	0.098035	2335
29979	0.134270	2782
29979	0.101705	51738
29979	0.558552	2562
8573	0.102960	4899
8573	0.100647	1994
8573	0.138527	7316
8573	0.136379	2033
8573	0.134605	2035
8573	0.096818	1742
2566	0.102850	5578
2566	0.061442	1816
84687	0.139957	5566
84687	0.142979	7316
84687	0.101416	5594
84687	0.144856	2885
84687	0.101730	6045
84687	0.101496	147
84687	0.563434	150
84687	0.557281	152
84687	0.110607	886
84687	0.557575	1131
1131	0.545446	4193
1131	0.546104	6418
1131	0.545558	1452
1131	0.546007	382
1131	0.550251	2870
1131	0.561482	9737
1131	0.547355	3002
1131	0.566851	259232
79598	0.138327	7316
79598	0.098404	3320
79598	0.097155	801
79598	0.135556	9731
79598	0.096675	55832
79598	0.134945	55835
79598	0.097086	59345
79598	0.558566	7840
5962	0.100525	1994
5962	0.138406	7316
5962	0.097234	801
5962	0.097157	6045
5962	0.131688	156
5962	0.560831	1814
2793	0.097052	2782
2793	0.060329	59345
5580	0.128995	60
5580	0.096608	1994
5580	0.132393	2597
5580	0.134551	6714
5580	0.094248	7157
5580	0.134488	7316
5580	0.093193	207
5580	0.128160	351
5580	0.132340	2033
5580	0.092930	2932
5580	0.094564	3320
5580	0.093394	4869
5580	0.092925	5594
5580	0.131090	10399
5580	0.129758	25
5580	0.093103	3312
5580	0.132271	5591
5580	0.092921	7428
5580	0.092712	203068
5580	0.127770	156
5580	0.128672	2870
5580	0.554944	150
5580	0.132663	5590
5580	0.092954	7532
5580	0.132250	8350
3312	0.064519	4899
3312	0.094592	60
3312	0.058766	988
3312	0.097064	5566
3312	0.058440	6117
3312	0.059846	7157
3312	0.100086	7316
3312	0.058714	7415
3312	0.058790	207
3312	0.093758	351
3312	0.059867	1017
3312	0.058528	2932
3312	0.060162	3320
3312	0.089465	4193
3312	0.058694	8454
3312	0.101963	2885
3312	0.095355	25
3312	0.089576	1452
3312	0.059333	2335
3312	0.058577	409
3312	0.058721	10537
3312	0.058317	11345
3312	0.059859	4609
3312	0.059287	10987
3312	0.061562	3725
3312	0.093368	156
3312	0.097869	5591
3312	0.093879	6310
3312	0.058369	7189
3312	0.097879	7341
3312	0.094961	7345
3312	0.058519	7428
3312	0.058552	7532
3312	0.060311	8452
3312	0.058434	55832
7252	0.101096	7316
7252	0.060215	7253
6256	0.136660	5566
6256	0.139745	6714
6256	0.139682	7316
6256	0.098386	207
6256	0.137533	2033
6256	0.098124	2932
6256	0.098275	3065
6256	0.098118	5594
6256	0.137680	9611
6256	0.137738	9612
6256	0.137980	10891
6256	0.134028	5295
6256	0.137475	7341
6256	0.564124	9971
6256	0.137979	23054
6602	0.098154	988
6602	0.099234	7157
6602	0.139474	7316
6602	0.137325	2033
6602	0.098067	3065
6602	0.137472	9611
6602	0.141351	2885
6602	0.100950	3725
6602	0.137404	10498
6602	0.097940	7532
6602	0.563916	9971
2770	0.147511	7316
2770	0.107545	10287
2770	0.108987	3725
2770	0.108101	8490
2770	0.142994	2782
2770	0.569937	1814
2770	0.106630	7253
2770	0.108183	53637
2770	0.106270	59345
2770	0.106454	1903
2770	0.567967	150
2770	0.110703	1268
2770	0.107771	1394
2770	0.108452	2773
2770	0.109313	2825
2770	0.112701	2864
2770	0.108522	4935
2770	0.106366	5999
2770	0.106065	6002
2770	0.106472	6004
2770	0.107073	8698
2770	0.106292	10076
2770	0.147633	54331
2874	0.098848	988
2874	0.099927	7157
2874	0.140167	7316
2874	0.138019	2033
2874	0.098761	3065
2874	0.135142	3881
2874	0.138166	9611
2874	0.138223	9612
2874	0.564609	9971
81839	0.100126	7316
81839	0.059397	51251
1903	0.100415	7316
1903	0.058745	3350
134	0.217288	100
134	0.143579	2778
134	0.147143	135
2788	0.100793	7316
2788	0.096275	2782
2788	0.059552	59345
6714	0.105967	4899
6714	0.136041	60
6714	0.139440	2597
6714	0.138513	5566
6714	0.143020	5578
6714	0.143412	2885
6714	0.141535	7316
6714	0.101611	3320
6714	0.136804	25
6714	0.100219	983
6714	0.139386	2033
6714	0.130914	4193
6714	0.135881	5295
6714	0.134817	156
6714	0.100290	185
6714	0.100239	207
6714	0.100026	409
6714	0.139406	841
6714	0.558179	1139
6714	0.099825	1742
6714	0.105150	1948
6714	0.556756	2743
6714	0.141255	2902
6714	0.100125	3061
6714	0.139710	5590
6714	0.100496	6004
6714	0.099818	7189
6714	0.100163	7415
6714	0.100001	7532
6714	0.565977	9971
6714	0.138136	10399
6714	0.139465	10498
6714	0.139832	23054
6714	0.140099	84466
23413	0.112496	1994
23413	0.150376	7316
23413	0.143658	156
23413	0.572801	1814
23413	0.110454	1816
4899	0.100411	60
4899	0.095843	382
4899	0.064395	409
4899	0.064588	983
4899	0.095394	1452
4899	0.101460	1937
4899	0.103747	2547
4899	0.064175	3192
4899	0.065980	3320
4899	0.064809	4869
4899	0.103687	5591
4899	0.064258	6117
4899	0.095941	6418
4899	0.066664	6443
4899	0.105904	7316
4899	0.064337	7428
4899	0.103133	9731
4899	0.065938	10287
4899	0.104203	10891
4899	0.105037	22820
4899	0.064577	51547
4899	0.102459	55125
4899	0.067215	58505
4899	0.102492	116840
4899	0.064128	203068
112	0.144523	7316
112	0.561168	1139
112	0.138316	6310
112	0.104132	2778
988	0.094659	60
988	0.098057	2597
988	0.100152	7316
988	0.058383	11345
988	0.059934	1017
988	0.060229	3320
988	0.059354	10987
988	0.058980	801
988	0.062272	1994
988	0.059761	2778
988	0.058746	3065
988	0.058424	3192
988	0.061629	3725
988	0.059057	4869
988	0.097935	5591
988	0.092629	5708
988	0.058507	6117
988	0.097946	7341
988	0.058619	7532
988	0.060377	8452
988	0.058761	8454
988	0.098151	9611
988	0.060430	10484
988	0.099284	22820
988	0.107162	26958
988	0.058500	55832
988	0.058376	203068
2547	0.097669	6117
2547	0.099075	7157
2547	0.099096	1017
2547	0.137166	2033
2547	0.141192	2885
2547	0.097950	10537
2547	0.097546	11345
2547	0.098562	2335
2547	0.097988	51547
2547	0.099087	4609
2547	0.098516	10987
2547	0.100791	3725
2547	0.134584	25
2547	0.097806	409
2547	0.128805	1452
2547	0.130602	3002
2547	0.135198	3981
2547	0.128694	4193
2547	0.137098	5591
2547	0.129352	6418
2547	0.137077	8350
2547	0.563757	9971
2547	0.137612	23054
2547	0.137245	23411
2547	0.097663	55832
2692	0.070057	51738
2692	0.086990	2862
482	0.100977	7316
55188	0.062123	2778
4869	0.094883	60
4869	0.098282	2597
4869	0.097355	5566
4869	0.101862	5578
4869	0.058731	6117
4869	0.060137	7157
4869	0.100377	7316
4869	0.059005	7415
4869	0.059081	207
4869	0.094049	351
4869	0.059061	983
4869	0.060158	1017
4869	0.098228	2033
4869	0.058970	3065
4869	0.060453	3320
4869	0.089756	4193
4869	0.102254	2885
4869	0.058607	11345
4869	0.059624	2335
4869	0.059050	51547
4869	0.059578	10987
4869	0.058648	3192
4869	0.061853	3725
4869	0.095933	1937
4869	0.094723	5295
4869	0.058660	7189
4869	0.096978	10399
4869	0.093659	156
4869	0.089867	1452
4869	0.058868	409
4869	0.091664	3002
4869	0.098552	5590
4869	0.098170	7341
4869	0.098139	8350
4869	0.098069	8359
4869	0.060602	8452
4869	0.058985	8454
4869	0.099509	22820
4869	0.097142	22995
4869	0.098674	23054
4869	0.098307	23411
4869	0.058725	55832
152	0.550648	7345
152	0.554019	1967
2918	0.105274	9737
26958	0.110601	1994
26958	0.148481	7316
26958	0.147614	22820
26958	0.107154	51547
26958	0.108254	4609
26958	0.108090	51226
10076	0.100252	7316
10076	0.061193	2773
1268	0.068639	2769
1268	0.065604	2773
1268	0.067835	135
1268	0.063253	3061
2597	0.133883	60
2597	0.133049	351
2597	0.098081	207
2597	0.097868	409
2597	0.098061	983
2597	0.099158	1017
2597	0.137228	2033
2597	0.098624	2335
2597	0.141254	2885
2597	0.097819	2932
2597	0.099453	3320
2597	0.100853	3725
2597	0.135260	3981
2597	0.128755	4193
2597	0.097813	5594
2597	0.097731	6117
2597	0.133169	6310
2597	0.129413	6418
2597	0.099137	7157
2597	0.139377	7316
2597	0.137170	7341
2597	0.097843	7532
2597	0.137069	8359
2597	0.099601	8452
2597	0.097985	8454
2597	0.563819	9971
2597	0.098578	10987
2597	0.097607	11345
2597	0.137307	23411
2597	0.097725	55832
2597	0.097600	203068
2914	0.058935	801
2914	0.064083	2769
203068	0.094202	60
203068	0.061815	1994
203068	0.096673	5566
203068	0.058050	6117
203068	0.059455	7157
203068	0.099695	7316
203068	0.058324	7415
203068	0.058400	207
203068	0.093367	351
203068	0.059477	1017
203068	0.058137	2932
203068	0.059771	3320
203068	0.089074	4193
203068	0.058303	8454
203068	0.096297	10399
203068	0.101572	2885
203068	0.089186	1452
203068	0.058943	2335
203068	0.058331	10537
203068	0.057926	11345
203068	0.059468	4609
203068	0.058896	10987
203068	0.061171	3725
203068	0.057978	7189
203068	0.058161	7532
203068	0.092977	156
203068	0.059920	8452
203068	0.097489	7341
203068	0.058043	55832
203068	0.097993	23054
6241	0.102286	1994
6241	0.099926	7157
6241	0.140165	7316
6241	0.098850	983
6241	0.099947	1017
6241	0.098801	10537
6241	0.564608	9971
255061	0.084168	6869
255061	0.091726	6865
6003	0.096748	5566
6003	0.099769	7316
6003	0.061928	2767
3981	0.135138	5591
3981	0.557593	7840
2870	0.135655	7316
2870	0.095731	3320
2035	0.137549	7316
2035	0.131221	351
2035	0.096234	983
2035	0.097331	1017
2035	0.096797	2335
2035	0.096016	7532
2035	0.559975	1814
2035	0.134168	55835
6755	0.102273	7316
6443	0.102231	7316
2769	0.106932	5578
2769	0.105447	7316
2769	0.099119	351
2769	0.097923	5708
2769	0.098729	156
5368	0.090818	4987
156	0.131732	5566
156	0.136238	5578
156	0.094514	7157
156	0.134753	7316
156	0.094535	1017
156	0.094830	3320
156	0.124132	4193
156	0.093025	3192
156	0.132445	8359
156	0.555208	150
156	0.093509	185
156	0.130236	2782
5590	0.141132	5578
5590	0.139647	7316
5590	0.098351	207
5590	0.098089	2932
5590	0.099723	3320
5590	0.098084	5594
5590	0.098080	7428
5590	0.097930	7189
5590	0.137518	841
5590	0.098113	7532
5590	0.133993	5295
5590	0.564089	9971
7428	0.094411	60
7428	0.062024	1994
7428	0.096882	5566
7428	0.059664	7157
7428	0.099904	7316
7428	0.093576	351
7428	0.059686	1017
7428	0.097756	2033
7428	0.058346	2932
7428	0.058498	3065
7428	0.089941	6418
7428	0.096506	10399
7428	0.058732	801
7428	0.089395	1452
7428	0.059152	2335
7428	0.089843	382
7428	0.058176	3192
7428	0.059677	4609
7428	0.059105	10987
7428	0.097698	7341
7428	0.061313	2665
7428	0.094779	7345
7428	0.097597	8359
116840	0.138059	7316
116840	0.097840	1017
116840	0.134614	55125
116840	0.558298	7840
801	0.062419	1994
801	0.097277	5566
801	0.100299	7316
801	0.059004	207
801	0.060375	3320
801	0.092776	5708
801	0.090336	6418
801	0.058908	8454
801	0.102177	2885
801	0.060072	4609
801	0.059050	6045
801	0.058582	7189
801	0.063472	135
801	0.058790	409
801	0.060559	1394
801	0.059908	2778
801	0.100020	2902
801	0.059154	5999
801	0.060524	8452
801	0.099137	9495
801	0.097528	9731
801	0.096917	55835
3762	0.114355	5566
3762	0.076857	1815
54936	0.101453	7316
4690	0.140096	7316
4690	0.141974	2885
4690	0.135366	25
4690	0.134443	5295
4690	0.562522	1814
4690	0.099577	1815
3973	0.059668	409
3973	0.060296	7253
3973	0.100291	10755
3973	0.060786	2778
3973	0.064657	3972
1139	0.551787	351
1139	0.552462	5295
1139	0.551909	6310
7316	0.135978	60
7316	0.103591	1994
7316	0.138450	5566
7316	0.142956	5578
7316	0.099826	6117
7316	0.101232	7157
7316	0.135143	351
7316	0.143348	2885
7316	0.136741	25
7316	0.174789	100
7316	0.100176	207
7316	0.131411	382
7316	0.099963	409
7316	0.139343	841
7316	0.100156	983
7316	0.101253	1017
7316	0.130962	1452
7316	0.108267	1534
7316	0.099762	1742
7316	0.100951	1815
7316	0.137027	1937
7316	0.105086	1948
7316	0.139717	1967
7316	0.139323	2033
7316	0.139443	2036
7316	0.101027	2315
7316	0.100719	2335
7316	0.561236	2562
7316	0.102880	2665
7316	0.103630	2767
7316	0.102412	2773
7316	0.101080	2778
7316	0.136954	2782
7316	0.099914	2932
7316	0.099743	3192
7316	0.099802	3350
7316	0.102947	3725
7316	0.130850	4193
7316	0.101244	4609
7316	0.135818	5295
7316	0.139255	5591
7316	0.099908	5594
7316	0.119849	5662
7316	0.100162	5739
7316	0.100025	6002
7316	0.100223	6045
7316	0.135264	6310
7316	0.100564	6343
7316	0.131508	6418
7316	0.099749	6531
7316	0.107789	6866
7316	0.099754	7189
7316	0.100590	7253
7316	0.139265	7341
7316	0.136346	7345
7316	0.100100	7415
7316	0.099938	7532
7316	0.561710	7840
7316	0.139163	8359
7316	0.101696	8452
7316	0.100080	8454
7316	0.100572	8787
7316	0.140310	9495
7316	0.139470	9611
7316	0.146887	9737
7316	0.136130	10243
7316	0.101505	10287
7316	0.102163	10308
7316	0.138073	10399
7316	0.101750	10484
7316	0.139402	10498
7316	0.100107	10537
7316	0.159411	10548
7316	0.140695	10564
7316	0.140586	10755
7316	0.139769	10891
7316	0.100672	10987
7316	0.099702	11345
7316	0.140603	22820
7316	0.111737	22845
7316	0.138237	22995
7316	0.139769	23054
7316	0.139402	23411
7316	0.149904	24145
7316	0.103490	25837
7316	0.099807	27151
7316	0.141593	54331
7316	0.138026	55125
7316	0.099820	55832
7316	0.102283	57062
7316	0.102782	58505
7316	0.100231	59345
7316	0.100206	79971
7316	0.100467	126326
1392	0.099237	3881
1392	0.064521	1394
5295	0.132796	5566
5295	0.094522	207
5295	0.133669	2033
5295	0.094260	2932
5295	0.094411	3065
5295	0.137695	2885
5295	0.131087	25
5295	0.096043	8452
5295	0.133748	23411
5295	0.133689	841
5295	0.094284	7532
5295	0.094937	7253
2562	0.558215	5566
2562	0.562721	5578
2562	0.557838	10399
2562	0.560075	9495
2562	0.560460	10564
185	0.096828	10399
185	0.058718	409
185	0.063316	5149
185	0.105642	9737
185	0.180823	85406
59345	0.100353	54331
59345	0.061171	2773
59345	0.059690	2785
6002	0.058492	7532
6002	0.060966	2773
9612	0.099288	7157
9612	0.098232	207
9612	0.137379	2033
9612	0.098121	3065
9612	0.137526	9611
9612	0.099301	4609
9612	0.101004	3725
9612	0.133321	6310
9612	0.137321	7341
9612	0.137220	8359
9612	0.137825	23054
9612	0.563970	9971
55125	0.134792	22995
55125	0.134645	55835
55125	0.558265	7840
22820	0.099851	2335
22820	0.099239	10537
22820	0.099277	51547
22820	0.100377	4609
22820	0.102080	3725
22820	0.099355	6045
22820	0.098887	7189
22820	0.100213	51226
135	0.137961	100
57062	0.100135	2033
57062	0.060956	51547
57062	0.061034	6045
57062	0.062508	8452
57062	0.063759	3725
57062	0.060514	11345
57062	0.062056	4609
57062	0.100077	7341
57062	0.060631	55832
57062	0.482137	2742
51738	0.084239	2862
51738	0.063080	5739
2743	0.551352	10243
4193	0.125357	60
4193	0.090610	7157
4193	0.089479	7415
4193	0.089555	207
4193	0.124522	351
4193	0.128702	2033
4193	0.089292	2932
4193	0.089444	3065
4193	0.090926	3320
4193	0.089485	10537
4193	0.090052	10987
4193	0.089122	3192
4193	0.089602	6045
4193	0.126120	25
4193	0.126406	1937
4193	0.089342	409
4193	0.120341	1452
4193	0.089140	1742
4193	0.090459	2778
4193	0.089287	5594
4193	0.123327	5708
4193	0.120887	6418
4193	0.128644	7341
4193	0.125725	7345
4193	0.089458	8454
9737	0.144054	153
9737	0.565891	1128
9737	0.568039	1133
9737	0.126737	2862
9737	0.118022	4987
9737	0.122225	6865
9737	0.113204	6866
9737	0.114666	6869
1815	0.102829	2885
1815	0.059443	409
1815	0.067205	3765
1815	0.146111	54102
10399	0.132580	60
10399	0.139558	5578
10399	0.097854	1017
10399	0.096681	8454
10399	0.096709	10537
10399	0.097321	2335
10399	0.096746	51547
10399	0.097274	10987
10399	0.099549	3725
10399	0.096824	6045
10399	0.133343	25
10399	0.133556	2782
10399	0.096351	6531
10399	0.135835	8350
10399	0.135765	8359
10399	0.098298	8452
10399	0.138195	54331
10399	0.096421	55832
3061	0.058553	409
54102	0.609056	1814
6004	0.061373	2773
85406	0.184188	1994
7345	0.096106	7157
7345	0.095051	207
7345	0.130018	351
7345	0.095031	983
7345	0.096128	1017
7345	0.096422	3320
7345	0.095548	10987
7345	0.094629	7189
7345	0.556801	150
55340	0.098006	351
100	0.176666	2885
25	0.096501	7157
25	0.130413	351
25	0.095425	983
25	0.134593	2033
25	0.096818	3320
25	0.138618	2885
25	0.096514	4609
25	0.098217	3725
25	0.132297	1937
25	0.134524	5591
25	0.095024	7189
25	0.095208	7532
6045	0.062343	1994
6045	0.058577	6117
6045	0.059983	7157
6045	0.058851	7415
6045	0.093895	351
6045	0.058907	983
6045	0.058816	3065
6045	0.058494	3192
6045	0.098521	10891
6045	0.058858	10537
6045	0.097915	8359
1994	0.098098	60
1994	0.105468	2885
1994	0.061822	11345
1994	0.063372	1017
1994	0.062839	2335
1994	0.062265	51547
1994	0.063364	4609
1994	0.062793	10987
1994	0.065068	3725
1994	0.062276	983
1994	0.101375	5591
1994	0.063352	7157
1994	0.062058	7532
1994	0.093082	1452
1994	0.101563	2036
1994	0.062034	2932
1994	0.062185	3065
1994	0.062220	7415
1994	0.101522	23411
1994	0.061882	1742
1994	0.065000	2665
1994	0.065750	2767
1994	0.064532	2773
1994	0.099074	2782
1994	0.105076	5578
1994	0.061946	6117
1994	0.093628	6418
1994	0.101385	7341
1994	0.063816	8452
1994	0.062200	8454
1994	0.101522	10498
1994	0.062185	23484
1994	0.061940	55832
5566	0.135617	153
5566	0.097154	207
5566	0.098709	1394
5566	0.127940	1452
5566	0.096892	2932
5566	0.097043	3065
5566	0.098526	3320
5566	0.098121	5350
5566	0.132242	6310
5566	0.098210	7157
5566	0.136142	8359
5566	0.098674	8452
5566	0.137288	9495
5566	0.136449	9611
1967	0.097989	3192
1967	0.101193	3725
1967	0.560172	150
1394	0.061340	2778
388531	0.060531	8787
2742	0.482735	2665
2742	0.499704	5662
2742	0.481604	10484
2742	0.498983	56927
5594	0.059668	7157
5594	0.058537	7415
5594	0.058612	207
5594	0.059689	1017
5594	0.097760	2033
5594	0.058350	2932
5594	0.059984	3320
5594	0.101786	2885
5594	0.059681	4609
5594	0.061384	3725
5594	0.058400	409
5594	0.097780	841
5594	0.097601	8359
5594	0.059942	10287
5594	0.098206	23054
6310	0.093893	7415
6310	0.093969	207
6310	0.133263	9611
6310	0.133026	8350
6310	0.133058	7341
84466	0.560275	7840
8490	0.095733	351
8490	0.063002	2773
8454	0.094586	60
8454	0.058434	6117
8454	0.058708	7415
8454	0.059861	1017
8454	0.060156	3320
8454	0.092556	5708
8454	0.059853	4609
8454	0.059281	10987
8454	0.058351	3192
8454	0.095635	1937
8454	0.058362	7189
8454	0.060304	8452
8454	0.097772	8359
8454	0.060358	10484
8454	0.098010	10498
8454	0.058428	55832
5662	0.109789	382
2862	0.113639	4295
351	0.129650	60
351	0.093848	207
351	0.125083	382
351	0.133015	841
351	0.093828	983
351	0.093434	1742
351	0.133115	2036
351	0.137020	2885
351	0.093586	2932
351	0.095220	3320
351	0.098233	5149
351	0.094502	5740
351	0.125180	6418
351	0.093426	7189
351	0.132937	7341
351	0.093610	7532
351	0.132835	8359
351	0.095368	8452
351	0.094115	10242
351	0.094344	10987
351	0.093374	11345
351	0.097162	25837
351	0.093817	51547
382	0.090039	7415
382	0.090659	2335
382	0.089902	409
382	0.092819	2665
1017	0.095759	60
1017	0.059607	6117
1017	0.061013	7157
1017	0.059881	7415
1017	0.059957	207
1017	0.059937	983
1017	0.096809	1937
1017	0.099104	2033
1017	0.059846	3065
1017	0.059524	3192
1017	0.061329	3320
1017	0.099036	5591
1017	0.093729	5708
1017	0.091289	6418
1017	0.059719	7532
1017	0.098945	8359
1017	0.061531	10484
1017	0.060454	10987
1017	0.059601	55832
841	0.099103	7157
841	0.098027	983
841	0.099568	8452
841	0.097626	7189
841	0.137136	7341
841	0.130630	3002
841	0.563785	9971
841	0.099879	60401
3725	0.097454	60
3725	0.061302	6117
3725	0.062708	7157
3725	0.061576	7415
3725	0.061632	983
3725	0.100799	2033
3725	0.061390	2932
3725	0.061541	3065
3725	0.063024	3320
3725	0.095424	5708
3725	0.092984	6418
3725	0.092438	1452
3725	0.098503	1937
3725	0.061219	3192
3725	0.100731	5591
3725	0.100640	8359
3725	0.061178	11345
3725	0.062720	4609
3725	0.062149	10987
3725	0.064356	2665
3725	0.098431	2782
3725	0.100741	7341
3725	0.063226	10484
3725	0.100878	23411
3725	0.061296	55832
2033	0.133830	60
2033	0.140808	5578
2033	0.099083	7157
2033	0.098027	207
2033	0.098007	983
2033	0.141201	2885
2033	0.098571	2335
2033	0.099096	4609
2033	0.097595	3192
2033	0.097916	3065
2033	0.137106	5591
2033	0.129360	6418
2033	0.137085	8350
2033	0.137016	8359
2033	0.137322	9611
2033	0.563766	9971
2033	0.137254	10498
2033	0.137622	10891
2033	0.137621	23054
2033	0.137254	23411
1949	0.129415	54933
7189	0.058383	7415
7189	0.058458	207
7189	0.092231	5708
7189	0.089791	6418
7189	0.058245	409
7189	0.061163	2665
7189	0.060694	2773
7189	0.097548	7341
7189	0.060290	60401
1452	0.125468	60
1452	0.089316	6117
1452	0.090722	7157
1452	0.091038	3320
1452	0.090163	10987
1452	0.089233	3192
1452	0.126518	1937
1452	0.128745	5591
1452	0.089428	7532
55835	0.096556	7532
55835	0.558328	7840
55835	0.098368	10484
10755	0.142070	5578
10755	0.099028	2932
10755	0.100620	10287
10755	0.137752	153
10755	0.563011	1814
10498	0.133908	60
10498	0.099162	7157
10498	0.099627	8452
10498	0.097633	11345
10498	0.137164	8350
10498	0.099174	4609
10498	0.098603	10987
10498	0.097750	55832
10498	0.563844	9971
259249	0.099308	2782
259249	0.103947	54331
9611	0.140955	5578
9611	0.099230	7157
9611	0.098174	207
9611	0.099243	4609
9611	0.137401	23411
9611	0.137233	8350
9611	0.137163	8359
9611	0.563913	9971
10287	0.102990	5578
10287	0.062446	2773
10287	0.072640	4987
6869	0.075569	6866
6117	0.094332	60
6117	0.059074	2335
6117	0.058097	3192
6117	0.058510	983
6117	0.097609	5591
6117	0.059586	7157
6117	0.058317	409
4609	0.095751	60
4609	0.061005	7157
4609	0.059929	983
4609	0.059687	2932
4609	0.059838	3065
4609	0.061321	3320
4609	0.093721	5708
4609	0.091281	6418
4609	0.060492	2335
4609	0.096800	1937
4609	0.059515	3192
4609	0.099027	5591
4609	0.098937	8359
4609	0.099174	23411
11345	0.094209	60
11345	0.059778	3320
11345	0.094677	3881
11345	0.095258	1937
11345	0.057973	3192
11345	0.097486	5591
11345	0.097394	8359
11345	0.059927	8452
11345	0.059980	10484
3002	0.092007	2335
3002	0.130542	5591
5578	0.103032	3320
5578	0.102717	7157
5578	0.101422	7532
5578	0.101399	2932
5578	0.101661	207
5578	0.101473	147
5578	0.101247	1742
5578	0.142677	2902
5578	0.101647	5739
5578	0.140719	8350
5578	0.141794	9495
5578	0.567399	9971
7415	0.094606	60
7415	0.059860	7157
7415	0.101977	2885
7415	0.058735	10537
7415	0.059347	2335
7415	0.060176	3320
7415	0.058773	51547
7415	0.059301	10987
7415	0.058784	983
7415	0.097883	5591
7415	0.058566	7532
7415	0.058804	207
7415	0.058591	409
7415	0.097893	7341
7415	0.060325	8452
7415	0.099323	10564
2778	0.098874	7341
2778	0.059716	10537
2778	0.096563	2782
2778	0.063239	2767
2778	0.060199	7253
2778	0.064560	3972
2778	0.059771	5739
2778	0.101202	54331
2902	0.099463	3192
2902	0.099482	1742
54331	0.137076	2782
54331	0.562048	150
9495	0.138072	8350
9495	0.098600	1742
6865	0.083127	6866
409	0.094469	60
409	0.058667	207
409	0.058234	3192
409	0.058429	7532
409	0.097893	23411
409	0.097130	153
8359	0.097848	983
8359	0.097757	3065
8359	0.129200	6418
8359	0.141041	2885
8359	0.098411	2335
8359	0.097837	51547
8359	0.098365	10987
8359	0.099389	8452
8359	0.136958	7341
8359	0.097512	55832
8359	0.136926	8350
8359	0.563606	9971
8359	0.099442	10484
1937	0.095731	207
1937	0.095469	2932
1937	0.138904	2885
1937	0.096275	2335
1937	0.095663	10537
1937	0.096228	10987
1937	0.559453	1814
1937	0.134821	7341
1937	0.095494	7532
1937	0.097252	8452
1937	0.134958	23411
1937	0.095376	55832
51547	0.059905	7157
51547	0.092621	5708
51547	0.059393	2335
51547	0.097928	5591
51547	0.061553	2665
51547	0.097907	8350
51547	0.060423	10484
7341	0.133772	60
7341	0.099025	7157
7341	0.097858	3065
7341	0.099341	3320
7341	0.097536	3192
7341	0.137048	5591
7341	0.137027	8350
7341	0.563708	9971
7341	0.097613	55832
10891	0.099530	7157
10891	0.098212	2932
10891	0.137700	23411
10891	0.138068	23054
10891	0.564212	9971
3192	0.094249	60
3192	0.101620	2885
3192	0.058991	2335
3192	0.058378	10537
3192	0.058944	10987
3192	0.097526	5591
3192	0.059967	8452
3192	0.058091	55832
2036	0.098644	10987
2036	0.561868	1814
153	0.140516	2885
153	0.096929	1742
153	0.559094	150
2315	0.062038	4935
55832	0.094326	60
55832	0.059896	3320
55832	0.059067	2335
55832	0.060045	8452
55832	0.058455	10537
55832	0.059021	10987
55832	0.060098	10484
2665	0.062128	2335
207	0.094683	60
207	0.060252	3320
207	0.097959	5591
207	0.058642	7532
207	0.058618	2932
207	0.098106	23411
207	0.095659	2782
207	0.097938	8350
6418	0.091269	7157
6418	0.090193	983
6418	0.090102	3065
6418	0.090144	10537
6418	0.090756	2335
6418	0.129439	23411
6418	0.129271	8350
2785	0.096413	2782
2785	0.061871	2773
8452	0.096203	60
8452	0.061772	3320
8452	0.096672	3881
8452	0.094173	5708
8452	0.103573	2885
8452	0.099479	5591
8452	0.060897	10987
8452	0.060162	7532
8452	0.059986	1742
8452	0.061975	10484
7532	0.059698	7157
7532	0.094913	3881
7532	0.101815	2885
7532	0.059186	2335
7532	0.097721	5591
7532	0.097700	8350
7532	0.059139	10987
3320	0.096054	60
3320	0.061308	7157
3320	0.059990	2932
3320	0.103425	2885
3320	0.060183	10537
3320	0.060796	2335
3320	0.099331	5591
3320	0.060749	10987
3320	0.099478	23411
7253	0.059838	2335
7253	0.062749	2767
7253	0.061531	2773
3000	0.059318	8787
23054	0.137552	5591
23054	0.564211	9971
2335	0.095226	60
2335	0.059403	983
2335	0.059313	3065
2335	0.095695	3881
2335	0.102596	2885
2335	0.061660	2773
2335	0.098502	5591
1948	0.063377	1742
1948	0.065898	54933
3350	0.060743	2773
9731	0.558939	7840
147	0.062147	2767
10987	0.095180	60
10987	0.060433	7157
10987	0.059115	2932
10987	0.098456	5591
7840	0.558475	22995
150	0.554403	5708
150	0.557410	2782
2885	0.137855	60
2885	0.103109	7157
2885	0.101639	1742
2885	0.565774	1814
2885	0.141132	5591
2885	0.141111	8350
2885	0.567791	9971
2932	0.059674	7157
2932	0.097697	5591
60	0.095738	7157
60	0.094613	10537
7157	0.059867	10537
7157	0.059916	983
7157	0.099015	5591
7157	0.059825	3065
7157	0.093708	5708
7157	0.097997	22995
7157	0.099162	23411
5739	0.062321	2767
10537	0.092583	5708
10537	0.097890	5591
5591	0.137017	8350
5591	0.563697	9971
5708	0.129431	2782
2782	0.099113	2767
2782	0.097894	2773
23411	0.098086	983
23411	0.563844	9971
3065	0.097827	8350
8350	0.563676	9971
