#Id Score P-value
2939 1.000000 0.0
2941 0.690422 0.0
4780 0.578721 0.0
1576 0.565806 0.0
1728 0.564363 0.0
2938 0.539277 0.0
27306 0.533133 0.0
130813 0.272829 0.0001441
6482 0.209936 0.0002184
7975 0.116739 0.0046535
9603 0.102717 0.0050123
5583 0.100018 0.0050123
23764 0.098581 0.019306
571 0.097093 0.019306
4097 0.096460 0.019306
8507 0.096069 0.019306
9451 0.095083 0.019306
6942 0.094390 0.019306
2710 0.093331 0.019306
834 0.093249 0.019306
4778 0.092556 0.019306
5588 0.092129 0.019306
11243 0.092101 0.019306
100527963 0.092101 0.019306
5582 0.091564 0.019306
5578 0.091507 0.019306
84268 0.090847 0.019306
51322 0.090680 0.019306
196 0.090309 0.019306
468 0.090274 0.019306
84181 0.090101 0.019306
9817 0.089918 0.195732
5580 0.089903 0.195732
10488 0.089864 0.195732
3839 0.089081 0.195732
7138 0.088851 0.195732
2932 0.088834 0.195732
5914 0.088770 0.195732
836 0.088760 0.195732
10155 0.088755 0.195732
8878 0.088730 0.195732
6613 0.088703 0.195732
7341 0.088627 0.195732
8945 0.088620 0.195732
8805 0.088575 0.195732
6233 0.088569 0.195732
1387 0.088548 0.195732
7311 0.088394 0.195732
27316 0.088278 0.195732
132 0.088176 0.195732
10273 0.087417 0.195732
10857 0.086196 0.195732
267 0.085231 0.195732
5566 0.084631 0.195732
3912 0.084533 0.195732
2353 0.084254 0.195732
8939 0.084200 0.195732
84271 0.084169 0.195732
54915 0.083927 0.195732
4830 0.083870 0.195732
26528 0.083721 0.195732
2805 0.083672 0.195732
7157 0.083548 0.195732
93144 0.083168 0.195732
6223 0.082850 0.195732
79644 0.073307 0.4796963
55270 0.071291 0.4796963
3101 0.070026 0.4796963
4241 0.069617 0.8929987
9446 0.065686 0.8929987
27258 0.064225 0.8929987
60468 0.064185 0.8929987
5516 0.062296 0.8929987
7329 0.061520 0.8929987
2130 0.060871 0.8929987
7531 0.060518 0.8929987
2033 0.059343 0.9828198
1956 0.059245 0.9828198
672 0.059176 0.9828198
81926 0.059006 0.9828198
23598 0.058964 0.9828198
7316 0.058828 0.9828198
1915 0.058715 0.9828198
3845 0.058541 0.9828198
3315 0.058493 0.9828198
6733 0.058327 0.9828198
1457 0.058192 0.9828198
207 0.058043 0.9828198
23028 0.057787 0.9828198
57561 0.057771 0.9828198
4779 0.057546 0.9828198
367 0.057289 0.9828198
10524 0.057249 0.9828198
2885 0.057235 0.9828198
7186 0.057154 0.9828198
4193 0.057044 0.9828198
5987 0.056987 0.9828198
2801 0.056852 0.9828198
6310 0.056834 0.9828198
4609 0.056821 0.9828198
1460 0.056761 0.9828198
3190 0.056593 0.9828198
4000 0.056563 0.9828198
6714 0.056559 0.9828198
5300 0.056542 0.9828198
200728 0.056394 0.9828198
3725 0.056293 0.9828198
7534 0.056282 0.9828198
7530 0.056282 0.9828198
3065 0.056270 0.9828198
117178 0.056264 0.9828198
145508 0.056260 0.9828198
26873 0.056259 0.9828198
8358 0.056221 0.9828198
8350 0.056221 0.9828198
8351 0.056221 0.9828198
8352 0.056221 0.9828198
8353 0.056221 0.9828198
8354 0.056221 0.9828198
8355 0.056221 0.9828198
8356 0.056221 0.9828198
8357 0.056221 0.9828198
8968 0.056221 0.9828198
4088 0.056163 0.9828198
6427 0.056162 0.9828198
5591 0.056085 0.9828198
5499 0.056055 0.9828198
84708 0.056053 0.9828198
6774 0.056031 0.9828198
1026 0.056029 0.9828198
3309 0.055938 0.9828198
2547 0.055916 0.9828198
56893 0.055914 0.9828198
3838 0.055886 0.9828198
5970 0.055810 0.9828198
3192 0.055808 0.9828198
125115 0.055791 0.9828198
5017 0.055755 0.9828198
29079 0.055751 0.9828198
3064 0.055740 0.9828198
5430 0.055679 0.9828198
85302 0.055667 0.9828198
6790 0.055658 0.9828198
5925 0.055657 0.9828198
2597 0.055648 0.9828198
3609 0.055645 0.9828198
7321 0.055626 0.9828198
10768 0.055623 0.9828198
580 0.055621 0.9828198
5315 0.055610 0.9828198
1499 0.055605 0.9828198
7431 0.055537 0.9828198
3184 0.055536 0.9828198
1398 0.055508 0.9828198
9146 0.055467 0.9828198
23390 0.055461 0.9828198
5594 0.055444 0.9828198
2099 0.055442 0.9828198
5599 0.055367 0.9828198
3326 0.055367 0.9828198
7013 0.055355 0.9828198
3320 0.055353 0.9828198
22938 0.055336 0.9828198
7874 0.055304 0.9828198
23411 0.055293 0.9828198
5371 0.055291 0.9828198
6696 0.055289 0.9828198
8554 0.055266 0.9828198
29979 0.055256 0.9828198
22981 0.055173 0.9828198
4691 0.055153 0.9828198
10657 0.055152 0.9828198
10987 0.055152 0.9828198
7322 0.055139 0.9828198
7295 0.055132 0.9828198
7415 0.055131 0.9828198
84445 0.055123 0.9828198
3183 0.055115 0.9828198
7704 0.055108 0.9828198
983 0.055091 0.9828198
2316 0.055091 0.9828198
1107 0.055061 0.9828198
3329 0.055056 0.9828198
7159 0.055054 0.9828198
8481 0.055044 0.9828198
1639 0.055043 0.9828198
1616 0.055039 0.9828198
5111 0.055025 0.9828198
3312 0.055006 0.9828198
6421 0.055003 0.9828198
2064 0.054999 0.9828198
5347 0.054990 0.9828198
3921 0.054977 0.9828198
9611 0.054948 0.9828198
8517 0.054934 0.9828198
5966 0.054932 0.9828198
7514 0.054913 0.9828198
6732 0.054910 0.9828198
1147 0.054892 0.9828198
324 0.054890 0.9828198
55791 0.054877 0.9828198
5684 0.054873 0.9828198
2908 0.054839 0.9828198
1432 0.054831 0.9828198
26003 0.054795 0.9828198
5597 0.054765 0.9828198
7189 0.054751 0.9828198
7917 0.054746 0.9828198
55509 0.054745 0.9828198
25 0.054732 0.9828198
9869 0.054677 0.9828198
1017 0.054657 0.9828198
10963 0.054647 0.9828198
4670 0.054629 0.9828198
3476 0.054625 0.9828198
10236 0.054617 0.9828198
10971 0.054605 0.9828198
4089 0.054605 0.9828198
4087 0.054579 0.9828198
1937 0.054561 0.9828198
26123 0.054557 0.9828198
9513 0.054554 0.9828198
811 0.054550 0.9828198
5515 0.054525 0.9828198
25913 0.054522 0.9828198
10521 0.054508 0.9828198
3308 0.054498 0.9828198
1072 0.054493 0.9828198
51588 0.054490 0.9828198
4137 0.054477 0.9828198
26524 0.054471 0.9828198
8290 0.054467 0.9828198
5108 0.054465 0.9828198
5295 0.054444 0.9828198
988 0.054420 0.9828198
55294 0.054419 0.9828198
9961 0.054417 0.9828198
5859 0.054411 0.9828198
6606 0.054400 0.9828198
6607 0.054400 0.9828198
5468 0.054399 0.9828198
1649 0.054392 0.9828198
4841 0.054389 0.9828198
26986 0.054374 0.9828198
1655 0.054370 0.9828198
867 0.054341 0.9828198
6772 0.054340 0.9828198
998 0.054321 0.9828198
8339 0.054316 0.9828198
8344 0.054316 0.9828198
3017 0.054316 0.9828198
8343 0.054316 0.9828198
8347 0.054316 0.9828198
8346 0.054316 0.9828198
1195 0.054311 0.9828198
6925 0.054299 0.9828198
7185 0.054296 0.9828198
5886 0.054293 0.9828198
5562 0.054291 0.9828198
4086 0.054275 0.9828198
7337 0.054264 0.9828198
7323 0.054259 0.9828198
5894 0.054255 0.9828198
51631 0.054253 0.9828198
6125 0.054239 0.9828198
60491 0.054227 0.9828198
6426 0.054223 0.9828198
10048 0.054215 0.9828198
7529 0.054194 0.9828198
6597 0.054191 0.9828198
6647 0.054177 0.9828198
4292 0.054162 0.9828198
5093 0.054159 0.9828198
5496 0.054148 0.9828198
3066 0.054143 0.9828198
5770 0.054133 0.9828198
373 0.054119 0.9828198
6622 0.054104 0.9828198
5887 0.054103 0.9828198
5879 0.054101 0.9828198
6428 0.054097 0.9828198
7273 0.054091 0.9828198
5710 0.054088 0.9828198
7533 0.054084 0.9828198
351 0.054073 0.9828198
10241 0.054072 0.9828198
4734 0.054070 0.9828198
5595 0.054065 0.9828198
57154 0.054047 0.9828198
727764 0.054045 0.9828198
57562 0.054044 0.9828198
3551 0.054037 0.9828198
1400 0.054033 0.9828198
554313 0.054030 0.9828198
8359 0.054030 0.9828198
8370 0.054030 0.9828198
8294 0.054030 0.9828198
8361 0.054030 0.9828198
8360 0.054030 0.9828198
8363 0.054030 0.9828198
8362 0.054030 0.9828198
8365 0.054030 0.9828198
8364 0.054030 0.9828198
8367 0.054030 0.9828198
8366 0.054030 0.9828198
8368 0.054030 0.9828198
121504 0.054030 0.9828198
4869 0.054016 0.9828198
7086 0.054016 0.9828198
7532 0.053990 0.9828198
10482 0.053990 0.9828198
5705 0.053990 0.9828198
7083 0.053985 0.9828198
6188 0.053981 0.9828198
396 0.053972 0.9828198
10399 0.053970 0.9828198
9094 0.053965 0.9828198
6386 0.053956 0.9828198
11064 0.053952 0.9828198
6175 0.053952 0.9828198
3093 0.053948 0.9828198
467 0.053937 0.9828198
55835 0.053930 0.9828198
1213 0.053927 0.9828198
9662 0.053916 0.9828198
80076 0.053916 0.9828198
59082 0.053906 0.9828198
226 0.053898 0.9828198
10989 0.053896 0.9828198
27185 0.053894 0.9828198
6135 0.053885 0.9828198
7334 0.053876 0.9828198
3313 0.053847 0.9828198
80125 0.053847 0.9828198
3304 0.053837 0.9828198
3303 0.053837 0.9828198
166 0.053835 0.9828198
7317 0.053835 0.9828198
6045 0.053835 0.9828198
1642 0.053834 0.9828198
1027 0.053820 0.9828198
11091 0.053816 0.9828198
5601 0.053813 0.9828198
9612 0.053811 0.9828198
11200 0.053806 0.9828198
10980 0.053806 0.9828198
10205 0.053772 0.9828198
6137 0.053763 0.9828198
8607 0.053761 0.9828198
23450 0.053755 0.9828198
3336 0.053752 0.9828198
23281 0.053746 0.9828198
23322 0.053740 0.9828198
1029 0.053737 0.9828198
5604 0.053733 0.9828198
1938 0.053732 0.9828198
5717 0.053730 0.9828198
9531 0.053728 0.9828198
310 0.053719 0.9828198
55093 0.053715 0.9828198
821 0.053712 0.9828198
23451 0.053687 0.9828198
5903 0.053678 0.9828198
7020 0.053674 0.9828198
9978 0.053672 0.9828198
5071 0.053660 0.9828198
3606 0.053656 0.9828198
10413 0.053651 0.9828198
6210 0.053650 0.9828198
3014 0.053648 0.9828198
1665 0.053646 0.9828198
51259 0.053645 0.9828198
8553 0.053623 0.9828198
83878 0.053617 0.9828198
9935 0.053616 0.9828198
7520 0.053611 0.9828198
8850 0.053609 0.9828198
3181 0.053607 0.9828198
6187 0.053599 0.9828198
6667 0.053599 0.9828198
2010 0.053597 0.9828198
10419 0.053592 0.9828198
3164 0.053591 0.9828198
5052 0.053589 0.9828198
6118 0.053589 0.9828198
6256 0.053582 0.9828198
5579 0.053581 0.9828198
1856 0.053580 0.9828198
813 0.053579 0.9828198
8841 0.053569 0.9828198
120892 0.053568 0.9828198
5862 0.053563 0.9828198
3728 0.053561 0.9828198
6294 0.053546 0.9828198
10262 0.053545 0.9828198
115106 0.053544 0.9828198
6117 0.053543 0.9828198
54535 0.053537 0.9828198
1386 0.053535 0.9828198
1855 0.053534 0.9828198
10015 0.053525 0.9828198
132320 0.053523 0.9828198
7965 0.053518 0.9828198
84292 0.053518 0.9828198
11007 0.053512 0.9828198
6176 0.053508 0.9828198
3185 0.053503 0.9828198
7184 0.053498 0.9828198
331 0.053496 0.9828198
2521 0.053494 0.9828198
6194 0.053490 0.9828198
5928 0.053485 0.9828198
1207 0.053484 0.9828198
9093 0.053479 0.9828198
5905 0.053478 0.9828198
11140 0.053463 0.9828198
4904 0.053463 0.9828198
84675 0.053463 0.9828198
6142 0.053459 0.9828198
142 0.053455 0.9828198
4783 0.053447 0.9828198
5728 0.053441 0.9828198
6129 0.053435 0.9828198
6128 0.053434 0.9828198
55611 0.053433 0.9828198
9092 0.053420 0.9828198
152185 0.053419 0.9828198
6133 0.053415 0.9828198
8202 0.053410 0.9828198
6138 0.053403 0.9828198
9349 0.053402 0.9828198
10318 0.053392 0.9828198
9802 0.053388 0.9828198
22827 0.053383 0.9828198
4792 0.053383 0.9828198
2534 0.053378 0.9828198
472 0.053360 0.9828198
841 0.053353 0.9828198
10539 0.053340 0.9828198
7001 0.053335 0.9828198
5764 0.053332 0.9828198
25898 0.053329 0.9828198
51199 0.053316 0.9828198
1936 0.053314 0.9828198
7132 0.053312 0.9828198
10013 0.053312 0.9828198
22976 0.053311 0.9828198
5701 0.053308 0.9828198
5682 0.053303 0.9828198
10075 0.053299 0.9828198
11100 0.053298 0.9828198
23524 0.053296 0.9828198
60 0.053283 0.9828198
641 0.053279 0.9828198
6602 0.053278 0.9828198
7167 0.053273 0.9828198
1785 0.053273 0.9828198
6189 0.053267 0.9828198
1385 0.053264 0.9828198
7332 0.053262 0.9828198
5713 0.053258 0.9828198
387521 0.053253 0.9828198
387522 0.053253 0.9828198
7335 0.053253 0.9828198
9618 0.053248 0.9828198
8161 0.053247 0.9828198
26060 0.053245 0.9828198
5685 0.053241 0.9828198
6709 0.053239 0.9828198
10254 0.053229 0.9828198
7158 0.053227 0.9828198
6191 0.053226 0.9828198
8543 0.053218 0.9828198
9759 0.053215 0.9828198
3866 0.053214 0.9828198
50618 0.053203 0.9828198
23054 0.053201 0.9828198
6598 0.053201 0.9828198
55165 0.053198 0.9828198
8454 0.053197 0.9828198
5757 0.053188 0.9828198
4790 0.053183 0.9828198
5663 0.053182 0.9828198
10606 0.053173 0.9828198
9063 0.053167 0.9828198
9318 0.053150 0.9828198
6500 0.053148 0.9828198
10291 0.053145 0.9828198
6160 0.053141 0.9828198
6217 0.053135 0.9828198
9588 0.053134 0.9828198
6201 0.053118 0.9828198
9240 0.053110 0.9828198
6303 0.053109 0.9828198
6204 0.053106 0.9828198
7150 0.053104 0.9828198
5888 0.053094 0.9828198
3091 0.053093 0.9828198
6124 0.053085 0.9828198
3939 0.053084 0.9828198
6434 0.053083 0.9828198
10477 0.053083 0.9828198
81 0.053081 0.9828198
5687 0.053079 0.9828198
10574 0.053075 0.9828198
6193 0.053075 0.9828198
11244 0.053066 0.9828198
10534 0.053062 0.9828198
5563 0.053054 0.9828198
6136 0.053052 0.9828198
3575 0.053049 0.9828198
23468 0.053043 0.9828198
355 0.053034 0.9828198
7203 0.053032 0.9828198
5747 0.053030 0.9828198
7153 0.053018 0.9828198
6207 0.053010 0.9828198
51003 0.053006 0.9828198
84676 0.053001 0.9828198
6231 0.052999 0.9828198
101929876 0.052999 0.9828198
4287 0.052996 0.9828198
26994 0.052993 0.9828198
10919 0.052991 0.9828198
6047 0.052990 0.9828198
6632 0.052981 0.9828198
6228 0.052979 0.9828198
22806 0.052974 0.9828198
6234 0.052973 0.9828198
4673 0.052963 0.9828198
7376 0.052963 0.9828198
79571 0.052962 0.9828198
3191 0.052962 0.9828198
5708 0.052961 0.9828198
3337 0.052951 0.9828198
83737 0.052949 0.9828198
5434 0.052944 0.9828198
5585 0.052942 0.9828198
387 0.052933 0.9828198
1025 0.052932 0.9828198
57473 0.052926 0.9828198
2810 0.052926 0.9828198
6229 0.052911 0.9828198
57332 0.052911 0.9828198
2026 0.052906 0.9828198
3094 0.052906 0.9828198
1454 0.052904 0.9828198
6141 0.052903 0.9828198
1399 0.052903 0.9828198
7319 0.052900 0.9828198
7846 0.052892 0.9828198
6181 0.052888 0.9828198
6314 0.052887 0.9828198
6230 0.052881 0.9828198
1854 0.052881 0.9828198
23435 0.052880 0.9828198
6224 0.052880 0.9828198
54971 0.052877 0.9828198
10498 0.052877 0.9828198
54464 0.052865 0.9828198
10484 0.052862 0.9828198
7428 0.052858 0.9828198
5518 0.052855 0.9828198
220717 0.052851 0.9828198
9851 0.052851 0.9828198
10197 0.052849 0.9828198
284058 0.052848 0.9828198
3932 0.052847 0.9828198
9656 0.052844 0.9828198
8826 0.052839 0.9828198
84528 0.052837 0.9828198
328 0.052836 0.9828198
6130 0.052835 0.9828198
7170 0.052832 0.9828198
8328 0.052831 0.9828198
6612 0.052829 0.9828198
445 0.052819 0.9828198
26227 0.052815 0.9828198
24144 0.052810 0.9828198
10036 0.052810 0.9828198
57695 0.052806 0.9828198
64170 0.052802 0.9828198
10432 0.052792 0.9828198
596 0.052792 0.9828198
100526737 0.052792 0.9828198
6202 0.052788 0.9828198
408 0.052786 0.9828198
10054 0.052780 0.9828198
140890 0.052778 0.9828198
64750 0.052777 0.9828198
5931 0.052777 0.9828198
7161 0.052776 0.9828198
9406 0.052768 0.9828198
6168 0.052768 0.9828198
25828 0.052761 0.9828198
2059 0.052757 0.9828198
8407 0.052757 0.9828198
29115 0.052742 0.9828198
7277 0.052742 0.9828198
4233 0.052737 0.9828198
7320 0.052725 0.9828198
11052 0.052725 0.9828198
4215 0.052723 0.9828198
29110 0.052722 0.9828198
8724 0.052721 0.9828198
10401 0.052717 0.9828198
9500 0.052716 0.9828198
55914 0.052714 0.9828198
81628 0.052710 0.9828198
3981 0.052708 0.9828198
81631 0.052701 0.9828198
8239 0.052701 0.9828198
102800317 0.052699 0.9828198
9343 0.052698 0.9828198
2475 0.052697 0.9828198
7411 0.052696 0.9828198
8027 0.052694 0.9828198
8260 0.052694 0.9828198
9045 0.052693 0.9828198
4217 0.052692 0.9828198
26260 0.052690 0.9828198
595 0.052687 0.9828198
8880 0.052682 0.9828198
7528 0.052681 0.9828198
9533 0.052680 0.9828198
9001 0.052679 0.9828198
6132 0.052679 0.9828198
6146 0.052670 0.9828198
3726 0.052670 0.9828198
55577 0.052664 0.9828198
22995 0.052663 0.9828198
7205 0.052663 0.9828198
9070 0.052661 0.9828198
4297 0.052649 0.9828198
6615 0.052648 0.9828198
57120 0.052646 0.9828198
7416 0.052645 0.9828198
6908 0.052644 0.9828198
29896 0.052643 0.9828198
6626 0.052641 0.9828198
6147 0.052639 0.9828198
3178 0.052636 0.9828198
23650 0.052634 0.9828198
2960 0.052633 0.9828198
6143 0.052631 0.9828198
6208 0.052628 0.9828198
6721 0.052626 0.9828198
7916 0.052623 0.9828198
9775 0.052618 0.9828198
356 0.052614 0.9828198
10499 0.052614 0.9828198
10728 0.052607 0.9828198
6599 0.052606 0.9828198
1488 0.052596 0.9828198
6455 0.052594 0.9828198
5590 0.052593 0.9828198
23641 0.052591 0.9828198
9101 0.052588 0.9828198
54472 0.052585 0.9828198
4851 0.052583 0.9828198
7421 0.052571 0.9828198
2318 0.052570 0.9828198
10142 0.052569 0.9828198
10538 0.052568 0.9828198
7168 0.052565 0.9828198
9958 0.052565 0.9828198
8452 0.052562 0.9828198
476 0.052561 0.9828198
10055 0.052557 0.9828198
7052 0.052556 0.9828198
1647 0.052555 0.9828198
2017 0.052552 0.9828198
10933 0.052544 0.9828198
10403 0.052542 0.9828198
773 0.052534 0.9828198
7128 0.052533 0.9828198
5997 0.052533 0.9828198
11124 0.052526 0.9828198
9948 0.052525 0.9828198
29922 0.052520 0.9828198
1495 0.052519 0.9828198
4001 0.052518 0.9828198
5432 0.052515 0.9828198
993 0.052515 0.9828198
6152 0.052514 0.9828198
5500 0.052514 0.9828198
1024 0.052514 0.9828198
65057 0.052510 0.9828198
8078 0.052507 0.9828198
10616 0.052504 0.9828198
4134 0.052504 0.9828198
10425 0.052500 0.9828198
51593 0.052497 0.9828198
83593 0.052497 0.9828198
7088 0.052496 0.9828198
2624 0.052496 0.9828198
358 0.052490 0.9828198
10992 0.052486 0.9828198
6888 0.052483 0.9828198
1660 0.052479 0.9828198
4223 0.052471 0.9828198
9939 0.052468 0.9828198
55072 0.052467 0.9828198
5062 0.052466 0.9828198
8974 0.052466 0.9828198
55183 0.052465 0.9828198
26277 0.052463 0.9828198
2317 0.052460 0.9828198
4155 0.052457 0.9828198
4736 0.052453 0.9828198
29978 0.052452 0.9828198
10213 0.052449 0.9828198
57805 0.052448 0.9828198
51138 0.052447 0.9828198
84260 0.052447 0.9828198
5050 0.052446 0.9828198
79869 0.052446 0.9828198
124245 0.052438 0.9828198
3054 0.052434 0.9828198
1869 0.052434 0.9828198
2100 0.052434 0.9828198
25959 0.052433 0.9828198
54819 0.052432 0.9828198
1832 0.052431 0.9828198
7251 0.052431 0.9828198
51569 0.052430 0.9828198
10611 0.052421 0.9828198
30008 0.052418 0.9828198
51366 0.052411 0.9828198
10320 0.052410 0.9828198
3159 0.052408 0.9828198
9040 0.052407 0.9828198
2335 0.052405 0.9828198
6491 0.052402 0.9828198
5718 0.052398 0.9828198
10188 0.052396 0.9828198
6929 0.052396 0.9828198
6872 0.052393 0.9828198
6205 0.052390 0.9828198
7409 0.052385 0.9828198
58500 0.052384 0.9828198
100034701 0.052383 0.9828198
6638 0.052382 0.9828198
3187 0.052376 0.9828198
5690 0.052368 0.9828198
56658 0.052367 0.9828198
3735 0.052365 0.9828198
572 0.052360 0.9828198
10094 0.052357 0.9828198
7314 0.052357 0.9828198
27339 0.052351 0.9828198
23589 0.052350 0.9828198
7448 0.052350 0.9828198
604 0.052347 0.9828198
1994 0.052346 0.9828198
573 0.052346 0.9828198
28964 0.052338 0.9828198
471 0.052334 0.9828198
6139 0.052333 0.9828198
100526842 0.052333 0.9828198
5781 0.052328 0.9828198
5204 0.052326 0.9828198
892 0.052326 0.9828198
10782 0.052325 0.9828198
54820 0.052324 0.9828198
7022 0.052323 0.9828198
1981 0.052323 0.9828198
1315 0.052322 0.9828198
23118 0.052322 0.9828198
10277 0.052312 0.9828198
84060 0.052311 0.9828198
26135 0.052309 0.9828198
3643 0.052297 0.9828198
2623 0.052295 0.9828198
4005 0.052291 0.9828198
5201 0.052289 0.9828198
1191 0.052289 0.9828198
908 0.052288 0.9828198
5660 0.052283 0.9828198
3688 0.052279 0.9828198
10762 0.052274 0.9828198
11036 0.052272 0.9828198
7706 0.052271 0.9828198
9025 0.052270 0.9828198
9188 0.052266 0.9828198
2023 0.052264 0.9828198
10802 0.052256 0.9828198
116071 0.052250 0.9828198
1627 0.052249 0.9828198
613 0.052248 0.9828198
51100 0.052247 0.9828198
6389 0.052245 0.9828198
598 0.052243 0.9828198
11345 0.052241 0.9828198
11338 0.052241 0.9828198
10101 0.052236 0.9828198
51619 0.052234 0.9828198
473 0.052233 0.9828198
8848 0.052232 0.9828198
6144 0.052232 0.9828198
2512 0.052228 0.9828198
342371 0.052228 0.9828198
10783 0.052223 0.9828198
1054 0.052218 0.9828198
57159 0.052218 0.9828198
8648 0.052216 0.9828198
8650 0.052216 0.9828198
9112 0.052213 0.9828198
54888 0.052212 0.9828198
6222 0.052211 0.9828198
5921 0.052211 0.9828198
7187 0.052209 0.9828198
10576 0.052205 0.9828198
23636 0.052197 0.9828198
27005 0.052193 0.9828198
3646 0.052192 0.9828198
9586 0.052192 0.9828198
1452 0.052180 0.9828198
10949 0.052174 0.9828198
7345 0.052171 0.9828198
7336 0.052167 0.9828198
10567 0.052166 0.9828198
2271 0.052165 0.9828198
329 0.052165 0.9828198
8204 0.052160 0.9828198
5094 0.052156 0.9828198
11161 0.052154 0.9828198
9841 0.052152 0.9828198
64753 0.052149 0.9828198
9261 0.052147 0.9828198
6687 0.052144 0.9828198
11186 0.052143 0.9828198
9859 0.052138 0.9828198
1434 0.052137 0.9828198
7276 0.052130 0.9828198
1965 0.052128 0.9828198
55332 0.052125 0.9828198
55974 0.052125 0.9828198
871 0.052123 0.9828198
1050 0.052122 0.9828198
8061 0.052122 0.9828198
6477 0.052120 0.9828198
1759 0.052120 0.9828198
1822 0.052116 0.9828198
902 0.052115 0.9828198
7572 0.052114 0.9828198
5929 0.052112 0.9828198
55284 0.052110 0.9828198
6457 0.052108 0.9828198
7511 0.052092 0.9828198
999 0.052092 0.9828198
57761 0.052090 0.9828198
5709 0.052089 0.9828198
7353 0.052084 0.9828198
11030 0.052084 0.9828198
3146 0.052084 0.9828198
6776 0.052081 0.9828198
11065 0.052079 0.9828198
51586 0.052077 0.9828198
5159 0.052076 0.9828198
89870 0.052074 0.9828198
4738 0.052073 0.9828198
1022 0.052070 0.9828198
1053 0.052065 0.9828198
27429 0.052063 0.9828198
6844 0.052062 0.9828198
11335 0.052059 0.9828198
58487 0.052057 0.9828198
54778 0.052056 0.9828198
3925 0.052051 0.9828198
9322 0.052050 0.9828198
7040 0.052041 0.9828198
6232 0.052036 0.9828198
8626 0.052036 0.9828198
1786 0.052032 0.9828198
4067 0.052031 0.9828198
5573 0.052030 0.9828198
54187 0.052028 0.9828198
1111 0.052027 0.9828198
84164 0.052027 0.9828198
8453 0.052012 0.9828198
5202 0.052011 0.9828198
6227 0.052004 0.9828198
1978 0.052000 0.9828198
90678 0.051999 0.9828198
4188 0.051999 0.9828198
708 0.051996 0.9828198
29117 0.051996 0.9828198
483 0.051993 0.9828198
5581 0.051988 0.9828198
84736 0.051985 0.9828198
6157 0.051985 0.9828198
54926 0.051984 0.9828198
22927 0.051984 0.9828198
5170 0.051978 0.9828198
6778 0.051974 0.9828198
654364 0.051970 0.9828198
55705 0.051970 0.9828198
4831 0.051970 0.9828198
8312 0.051969 0.9828198
84936 0.051966 0.9828198
27043 0.051963 0.9828198
51465 0.051961 0.9828198
868 0.051957 0.9828198
5290 0.051957 0.9828198
5481 0.051957 0.9828198
7114 0.051954 0.9828198
148581 0.051954 0.9828198
10483 0.051943 0.9828198
55145 0.051939 0.9828198
7417 0.051938 0.9828198
3305 0.051935 0.9828198
6672 0.051933 0.9828198
113878 0.051930 0.9828198
3799 0.051929 0.9828198
4286 0.051929 0.9828198
1613 0.051926 0.9828198
25824 0.051923 0.9828198
9352 0.051921 0.9828198
840 0.051919 0.9828198
369 0.051914 0.9828198
55755 0.051913 0.9828198
55660 0.051912 0.9828198
23513 0.051912 0.9828198
7328 0.051910 0.9828198
1453 0.051910 0.9828198
51031 0.051909 0.9828198
997 0.051909 0.9828198
10522 0.051908 0.9828198
386682 0.051905 0.9828198
81603 0.051900 0.9828198
6897 0.051900 0.9828198
11047 0.051897 0.9828198
6788 0.051895 0.9828198
153241 0.051889 0.9828198
7178 0.051886 0.9828198
55143 0.051886 0.9828198
22872 0.051885 0.9828198
6155 0.051882 0.9828198
10970 0.051879 0.9828198
4094 0.051878 0.9828198
6996 0.051877 0.9828198
7015 0.051877 0.9828198
9804 0.051874 0.9828198
10134 0.051872 0.9828198
5692 0.051871 0.9828198
51343 0.051870 0.9828198
50813 0.051866 0.9828198
6195 0.051865 0.9828198
10040 0.051863 0.9828198
3297 0.051862 0.9828198
6122 0.051861 0.9828198
2661 0.051860 0.9828198
79691 0.051859 0.9828198
3150 0.051856 0.9828198
1571 0.051848 0.9828198
23005 0.051847 0.9828198
9219 0.051842 0.9828198
6472 0.051840 0.9828198
6206 0.051834 0.9828198
80198 0.051830 0.9828198
4092 0.051830 0.9828198
8926 0.051828 0.9828198
55720 0.051828 0.9828198
10114 0.051827 0.9828198
2071 0.051826 0.9828198
3608 0.051820 0.9828198
7507 0.051818 0.9828198
8655 0.051817 0.9828198
5447 0.051816 0.9828198
51185 0.051814 0.9828198
3661 0.051813 0.9828198
1984 0.051811 0.9828198
11315 0.051806 0.9828198
27101 0.051802 0.9828198
6275 0.051801 0.9828198
8683 0.051797 0.9828198
8408 0.051796 0.9828198
637 0.051790 0.9828198
22948 0.051785 0.9828198
481 0.051784 0.9828198
6156 0.051784 0.9828198
9463 0.051780 0.9828198
28996 0.051778 0.9828198
85363 0.051778 0.9828198
51720 0.051776 0.9828198
134359 0.051776 0.9828198
11004 0.051769 0.9828198
4701 0.051769 0.9828198
208 0.051765 0.9828198
3161 0.051765 0.9828198
51567 0.051759 0.9828198
311 0.051758 0.9828198
7249 0.051754 0.9828198
7068 0.051752 0.9828198
8544 0.051742 0.9828198
11337 0.051739 0.9828198
11224 0.051736 0.9828198
5019 0.051735 0.9828198
6198 0.051734 0.9828198
4214 0.051733 0.9828198
26168 0.051727 0.9828198
388677 0.051724 0.9828198
100996717 0.051724 0.9828198
100996763 0.051724 0.9828198
51535 0.051718 0.9828198
8678 0.051718 0.9828198
4793 0.051716 0.9828198
545 0.051716 0.9828198
25873 0.051711 0.9828198
10733 0.051710 0.9828198
2874 0.051706 0.9828198
55236 0.051704 0.9828198
55759 0.051704 0.9828198
3667 0.051703 0.9828198
5571 0.051703 0.9828198
6720 0.051701 0.9828198
10865 0.051700 0.9828198
2308 0.051698 0.9828198
84557 0.051698 0.9828198
8570 0.051695 0.9828198
9439 0.051695 0.9828198
9929 0.051694 0.9828198
22985 0.051694 0.9828198
5584 0.051692 0.9828198
23770 0.051691 0.9828198
6203 0.051691 0.9828198
2066 0.051685 0.9828198
10726 0.051685 0.9828198
4040 0.051684 0.9828198
115426 0.051684 0.9828198
8440 0.051681 0.9828198
6829 0.051668 0.9828198
7024 0.051667 0.9828198
8431 0.051666 0.9828198
6169 0.051664 0.9828198
1153 0.051662 0.9828198
3172 0.051662 0.9828198
3398 0.051659 0.9828198
7082 0.051655 0.9828198
55968 0.051653 0.9828198
7419 0.051652 0.9828198
10617 0.051650 0.9828198
5830 0.051647 0.9828198
59343 0.051646 0.9828198
11168 0.051646 0.9828198
7155 0.051640 0.9828198
10014 0.051640 0.9828198
4082 0.051639 0.9828198
23019 0.051638 0.9828198
51755 0.051632 0.9828198
7090 0.051628 0.9828198
27250 0.051625 0.9828198
90865 0.051624 0.9828198
6811 0.051623 0.9828198
11163 0.051623 0.9828198
6134 0.051623 0.9828198
10174 0.051620 0.9828198
26043 0.051617 0.9828198
10109 0.051615 0.9828198
3717 0.051610 0.9828198
63893 0.051607 0.9828198
54461 0.051605 0.9828198
801 0.051600 0.9828198
4853 0.051600 0.9828198
7289 0.051599 0.9828198
653361 0.051598 0.9828198
8668 0.051598 0.9828198
7272 0.051592 0.9828198
808 0.051586 0.9828198
805 0.051586 0.9828198
8349 0.051586 0.9828198
4582 0.051585 0.9828198
9141 0.051584 0.9828198
54512 0.051583 0.9828198
1912 0.051580 0.9828198
57646 0.051578 0.9828198
4605 0.051577 0.9828198
6625 0.051577 0.9828198
330 0.051576 0.9828198
23633 0.051576 0.9828198
5567 0.051574 0.9828198
8915 0.051573 0.9828198
2309 0.051568 0.9828198
10474 0.051567 0.9828198
6722 0.051562 0.9828198
3151 0.051560 0.9828198
5226 0.051557 0.9828198
8450 0.051555 0.9828198
55697 0.051555 0.9828198
835 0.051554 0.9828198
132884 0.051554 0.9828198
4692 0.051545 0.9828198
134492 0.051540 0.9828198
7791 0.051539 0.9828198
51701 0.051539 0.9828198
4131 0.051536 0.9828198
10210 0.051534 0.9828198
1058 0.051533 0.9828198
7298 0.051532 0.9828198
54413 0.051526 0.9828198
56063 0.051522 0.9828198
50514 0.051522 0.9828198
9444 0.051521 0.9828198
7134 0.051516 0.9828198
5511 0.051514 0.9828198
163786 0.051513 0.9828198
54540 0.051511 0.9828198
5868 0.051505 0.9828198
80776 0.051503 0.9828198
11219 0.051499 0.9828198
84966 0.051499 0.9828198
10513 0.051498 0.9828198
7283 0.051497 0.9828198
55299 0.051494 0.9828198
5147 0.051494 0.9828198
140801 0.051483 0.9828198
6209 0.051480 0.9828198
140809 0.051480 0.9828198
5527 0.051479 0.9828198
23170 0.051473 0.9828198
4351 0.051470 0.9828198
4077 0.051470 0.9828198
2931 0.051468 0.9828198
26574 0.051467 0.9828198
112950 0.051466 0.9828198
375035 0.051464 0.9828198
125875 0.051464 0.9828198
79844 0.051464 0.9828198
5407 0.051464 0.9828198
91663 0.051464 0.9828198
10990 0.051464 0.9828198
84620 0.051464 0.9828198
56894 0.051464 0.9828198
51006 0.051464 0.9828198
79161 0.051464 0.9828198
9232 0.051464 0.9828198
84179 0.051464 0.9828198
394261 0.051464 0.9828198
340481 0.051464 0.9828198
51703 0.051464 0.9828198
50859 0.051464 0.9828198
94101 0.051464 0.9828198
94107 0.051464 0.9828198
10136 0.051464 0.9828198
54947 0.051464 0.9828198
133022 0.051464 0.9828198
25972 0.051464 0.9828198
84329 0.051464 0.9828198
79157 0.051464 0.9828198
1521 0.051464 0.9828198
1066 0.051464 0.9828198
51240 0.051464 0.9828198
4507 0.051462 0.9828198
64395 0.051461 0.9828198
8531 0.051461 0.9828198
26959 0.051457 0.9828198
85451 0.051456 0.9828198
29950 0.051455 0.9828198
162 0.051449 0.9828198
2224 0.051449 0.9828198
2274 0.051447 0.9828198
7709 0.051445 0.9828198
2113 0.051445 0.9828198
5359 0.051442 0.9828198
7257 0.051441 0.9828198
1104 0.051439 0.9828198
839 0.051435 0.9828198
4654 0.051434 0.9828198
6874 0.051433 0.9828198
4809 0.051431 0.9828198
27238 0.051429 0.9828198
80704 0.051428 0.9828198
5783 0.051425 0.9828198
8417 0.051424 0.9828198
5144 0.051423 0.9828198
23368 0.051423 0.9828198
3276 0.051422 0.9828198
4175 0.051420 0.9828198
2146 0.051420 0.9828198
3689 0.051415 0.9828198
55559 0.051411 0.9828198
22908 0.051408 0.9828198
23112 0.051408 0.9828198
54903 0.051405 0.9828198
79174 0.051403 0.9828198
58477 0.051402 0.9828198
9342 0.051401 0.9828198
1676 0.051400 0.9828198
6164 0.051396 0.9828198
8856 0.051394 0.9828198
581 0.051394 0.9828198
1080 0.051393 0.9828198
3417 0.051392 0.9828198
57594 0.051386 0.9828198
55367 0.051385 0.9828198
8428 0.051385 0.9828198
3024 0.051382 0.9828198
2737 0.051382 0.9828198
5908 0.051382 0.9828198
3958 0.051381 0.9828198
994 0.051381 0.9828198
2965 0.051380 0.9828198
65018 0.051378 0.9828198
2873 0.051376 0.9828198
7536 0.051376 0.9828198
5184 0.051375 0.9828198
93487 0.051372 0.9828198
22890 0.051367 0.9828198
159989 0.051365 0.9828198
7444 0.051363 0.9828198
29108 0.051361 0.9828198
84132 0.051357 0.9828198
27338 0.051355 0.9828198
9131 0.051352 0.9828198
4672 0.051352 0.9828198
6789 0.051352 0.9828198
7957 0.051352 0.9828198
9049 0.051350 0.9828198
688 0.051350 0.9828198
55110 0.051350 0.9828198
8996 0.051350 0.9828198
23132 0.051350 0.9828198
8737 0.051348 0.9828198
4771 0.051348 0.9828198
4719 0.051339 0.9828198
7486 0.051339 0.9828198
29089 0.051338 0.9828198
8434 0.051334 0.9828198
9021 0.051332 0.9828198
9372 0.051332 0.9828198
390535 0.051331 0.9828198
3875 0.051330 0.9828198
4833 0.051330 0.9828198
996 0.051328 0.9828198
7291 0.051327 0.9828198
55197 0.051327 0.9828198
9554 0.051320 0.9828198
9421 0.051315 0.9828198
6605 0.051314 0.9828198
28970 0.051312 0.9828198
5195 0.051312 0.9828198
292 0.051311 0.9828198
5303 0.051309 0.9828198
9967 0.051306 0.9828198
23710 0.051306 0.9828198
116173 0.051305 0.9828198
90993 0.051304 0.9828198
163183 0.051302 0.9828198
2081 0.051302 0.9828198
2242 0.051301 0.9828198
55854 0.051300 0.9828198
23064 0.051296 0.9828198
386675 0.051288 0.9828198
79365 0.051288 0.9828198
9400 0.051286 0.9828198
8851 0.051284 0.9828198
9709 0.051284 0.9828198
23291 0.051283 0.9828198
51433 0.051282 0.9828198
51119 0.051282 0.9828198
6886 0.051277 0.9828198
10652 0.051272 0.9828198
23521 0.051272 0.9828198
55872 0.051271 0.9828198
5216 0.051268 0.9828198
51053 0.051268 0.9828198
10575 0.051264 0.9828198
5598 0.051262 0.9828198
114088 0.051261 0.9828198
27430 0.051259 0.9828198
10656 0.051258 0.9828198
8092 0.051256 0.9828198
10270 0.051256 0.9828198
8550 0.051255 0.9828198
7094 0.051255 0.9828198
100861412 0.051253 0.9828198
25788 0.051253 0.9828198
602 0.051252 0.9828198
22933 0.051250 0.9828198
64127 0.051249 0.9828198
22913 0.051248 0.9828198
4599 0.051247 0.9828198
27161 0.051241 0.9828198
51639 0.051238 0.9828198
1031 0.051236 0.9828198
4602 0.051235 0.9828198
4354 0.051235 0.9828198
6238 0.051234 0.9828198
22992 0.051233 0.9828198
391257 0.051227 0.9828198
51506 0.051226 0.9828198
4173 0.051223 0.9828198
378 0.051216 0.9828198
5691 0.051215 0.9828198
5034 0.051214 0.9828198
57062 0.051213 0.9828198
10095 0.051210 0.9828198
4791 0.051209 0.9828198
79184 0.051205 0.9828198
705 0.051205 0.9828198
6241 0.051203 0.9828198
4170 0.051203 0.9828198
8772 0.051203 0.9828198
701 0.051202 0.9828198
3927 0.051201 0.9828198
7005 0.051197 0.9828198
5469 0.051197 0.9828198
29903 0.051195 0.9828198
8894 0.051194 0.9828198
100506658 0.051193 0.9828198
4950 0.051193 0.9828198
6880 0.051193 0.9828198
200081 0.051191 0.9828198
10131 0.051191 0.9828198
9246 0.051189 0.9828198
79444 0.051184 0.9828198
3516 0.051181 0.9828198
224 0.051180 0.9828198
197131 0.051179 0.9828198
29968 0.051179 0.9828198
9627 0.051175 0.9828198
675 0.051174 0.9828198
4690 0.051173 0.9828198
55738 0.051172 0.9828198
2237 0.051167 0.9828198
23163 0.051167 0.9828198
904 0.051167 0.9828198
165918 0.051164 0.9828198
10891 0.051159 0.9828198
8942 0.051158 0.9828198
51592 0.051156 0.9828198
2002 0.051154 0.9828198
9113 0.051152 0.9828198
843 0.051152 0.9828198
79050 0.051151 0.9828198
896 0.051151 0.9828198
221037 0.051149 0.9828198
1198 0.051149 0.9828198
2634 0.051149 0.9828198
8500 0.051148 0.9828198
10813 0.051145 0.9828198
84305 0.051143 0.9828198
9020 0.051141 0.9828198
23210 0.051141 0.9828198
27040 0.051139 0.9828198
55643 0.051138 0.9828198
27327 0.051133 0.9828198
84661 0.051131 0.9828198
3910 0.051127 0.9828198
79001 0.051126 0.9828198
202559 0.051126 0.9828198
4140 0.051125 0.9828198
4678 0.051125 0.9828198
3840 0.051125 0.9828198
2305 0.051124 0.9828198
6165 0.051120 0.9828198
6161 0.051119 0.9828198
1788 0.051119 0.9828198
24148 0.051118 0.9828198
4176 0.051115 0.9828198
2115 0.051111 0.9828198
898 0.051111 0.9828198
55503 0.051109 0.9828198
7391 0.051109 0.9828198
10200 0.051105 0.9828198
57794 0.051105 0.9828198
79594 0.051102 0.9828198
116540 0.051102 0.9828198
2122 0.051101 0.9828198
84447 0.051100 0.9828198
7163 0.051098 0.9828198
587 0.051098 0.9828198
9524 0.051096 0.9828198
64708 0.051095 0.9828198
5292 0.051095 0.9828198
11033 0.051094 0.9828198
