3927	0.096894	132320
3927	0.096942	6310
3927	0.096656	6774
3927	0.099047	1975
3927	0.166531	65057
3927	0.097689	5987
3927	0.174176	26277
3927	0.097798	23390
3927	0.100261	3336
3927	0.098959	1398
3927	0.098046	7791
3927	0.096759	9859
3927	0.098697	2801
3927	0.100305	3315
3927	0.199530	7013
3927	0.097127	5966
3927	0.166063	25913
4048	0.097214	10131
4048	0.173468	26277
4048	0.107581	5236
4048	0.103835	3417
4048	0.097869	3845
4048	0.097495	23411
4048	0.097767	226
4048	0.096395	51042
4048	0.097563	6697
261726	0.099441	3476
261726	0.099845	55291
261726	0.102272	4000
261726	0.100821	6652
261726	0.098986	6723
261726	0.100142	29101
261726	0.099559	4436
261726	0.098271	7001
261726	0.109727	23616
261726	0.099752	5052
6723	0.108273	221294
6723	0.113083	6666
6723	0.198707	7013
6723	0.098136	1398
246744	0.117644	9588
27283	0.228586	120224
27283	0.218725	7013
27283	0.249436	1361
10513	0.100405	1800
10513	0.171295	80169
10513	0.102066	191
10513	0.099692	3308
10513	0.100636	367
10513	0.104564	113655
10513	0.114946	55915
10298	0.095690	25
10298	0.097173	3024
10298	0.096208	6732
10298	0.100669	6733
10298	0.164791	25913
10298	0.198258	7013
3557	0.269101	54386
3557	0.187696	3554
3557	0.182756	25913
8867	0.113066	29993
8867	0.122645	23616
8867	0.113358	29763
11269	0.094915	132320
11269	0.095688	23039
11269	0.098144	7514
11269	0.164083	25913
11269	0.095056	8705
11269	0.094883	1478
11269	0.095403	1488
11269	0.197551	7013
51268	0.166405	25913
51268	0.097923	5830
5987	0.098585	132789
5987	0.097067	7874
5987	0.096727	6386
5987	0.096657	3065
5987	0.096213	2885
5987	0.102577	7157
5987	0.096642	5371
5987	0.102154	7329
5987	0.099220	5925
5987	0.098617	29086
5987	0.097853	27229
5987	0.104235	115426
5987	0.098682	10524
5987	0.097472	60491
5987	0.096531	7704
5987	0.097928	4193
5987	0.096321	55093
5987	0.102279	80726
5987	0.096180	4176
5987	0.095729	6427
5987	0.095704	1641
5987	0.099841	9961
4143	0.118489	4598
4143	0.113920	7514
4143	0.112904	1915
4143	0.110417	5877
7514	0.100711	11344
7514	0.099160	10383
7514	0.100242	5499
7514	0.098206	9039
7514	0.098505	25
7514	0.100462	5888
7514	0.105010	7157
7514	0.104587	7329
7514	0.099593	978
7514	0.098124	203068
7514	0.099210	23039
7514	0.100501	1398
7514	0.253951	54386
7514	0.099518	7531
7514	0.102385	308
7514	0.102923	197131
7514	0.098714	9219
7514	0.100938	10397
7514	0.099762	3313
7514	0.101848	3315
7514	0.098163	6427
7514	0.100120	3845
7514	0.100388	3190
7514	0.100457	29101
7514	0.098405	1478
810	0.129138	160140
810	0.141789	5596
810	0.142671	79763
810	0.104365	8553
810	0.115490	4651
810	0.259842	54386
810	0.110604	80726
84717	0.156456	7014
84717	0.098179	1457
84717	0.197884	7013
84717	0.102444	2130
54913	0.264229	54386
54913	0.108992	9219
54913	0.177390	10799
54913	0.114462	51574
817	0.098875	10963
817	0.112145	3460
817	0.099338	1975
817	0.097771	6732
817	0.097087	4609
817	0.097051	9859
817	0.106152	3176
55531	0.115386	54974
1798	0.108289	113655
3336	0.099714	55183
3336	0.098861	2739
3336	0.099139	3320
3336	0.099988	4478
3336	0.098548	3308
3336	0.098535	6876
3336	0.099262	3329
3336	0.099386	2805
3336	0.099129	5239
3336	0.100142	11034
3336	0.098449	6648
3336	0.107308	3029
3336	0.099955	11244
3336	0.098475	5232
3336	0.100851	6647
3336	0.103340	1072
3336	0.098394	5358
3336	0.102718	7430
3336	0.101197	10606
3336	0.098875	7295
3336	0.100576	3326
3336	0.099946	1152
3336	0.100156	226
3336	0.099900	3313
3336	0.100788	1915
3336	0.105688	6888
3336	0.100000	39
3336	0.100265	10963
3336	0.105772	2130
3336	0.101414	5184
3336	0.106224	3417
3336	0.100182	5300
3336	0.100773	18
3336	0.103028	7086
3336	0.101363	2026
3336	0.101943	3094
3336	0.100081	9948
3336	0.099952	6697
84867	0.114017	55092
84867	0.110970	9925
84867	0.202143	92002
84867	0.103577	8723
84867	0.205916	7013
84867	0.103213	10490
57834	0.178884	25913
6652	0.100182	6647
6652	0.102424	3939
6652	0.103059	7167
6652	0.098412	56954
6652	0.100104	18
6652	0.099447	10212
6652	0.097615	5226
6652	0.098276	160287
6652	0.097725	5358
6652	0.102155	3945
6652	0.099894	6611
6652	0.100285	11332
6652	0.109301	5236
6652	0.098699	134492
6652	0.104960	1410
6652	0.098365	92483
6652	0.104855	2730
6652	0.099391	2821
6652	0.105019	6888
6652	0.098674	4830
5268	0.100419	207
5268	0.101517	7086
5268	0.099339	6647
5268	0.102217	7167
5268	0.097502	53938
5268	0.098747	3845
5268	0.104483	100
5268	0.099276	1915
5268	0.100767	9588
5268	0.099223	28970
654364	0.100584	3948
654364	0.102389	10327
654364	0.100034	191
654364	0.101937	3945
654364	0.105337	3417
654364	0.097904	1487
654364	0.097648	6876
654364	0.200324	7013
654364	0.098498	2805
654364	0.099254	11034
654364	0.098648	9815
654364	0.099963	6647
654364	0.102453	1072
654364	0.097398	1073
654364	0.098097	25824
654364	0.098374	29934
654364	0.102206	3939
654364	0.099612	4193
654364	0.104801	6888
654364	0.099377	10963
654364	0.102140	7086
654364	0.099295	5300
654364	0.098456	4830
654364	0.100476	2026
654364	0.099322	55008
654364	0.101056	3094
654364	0.099338	2023
654364	0.099194	9948
55224	0.105366	8996
51601	0.105130	7167
5859	0.094898	1026
5859	0.101271	7276
5859	0.096721	5300
5859	0.101997	8895
5859	0.094885	2932
5859	0.096035	3014
5859	0.095677	3320
5859	0.097116	7280
5859	0.096797	3845
5859	0.094910	1019
5859	0.100067	4361
5859	0.100645	435
5859	0.096001	7317
5859	0.096211	7186
55229	0.103597	8682
55229	0.255807	54386
55229	0.100224	10055
55229	0.100504	26128
6595	0.098932	57492
6595	0.100984	9275
6595	0.097991	6597
6595	0.097239	6598
6595	0.096158	10657
6595	0.096507	6601
6595	0.098708	6602
6595	0.096956	6386
6595	0.098982	6604
6595	0.096885	3065
6595	0.098937	6603
6595	0.097149	367
6595	0.099643	3315
6595	0.096113	3146
6595	0.098731	8289
6596	0.119792	6819
6596	0.102792	1025
6596	0.102727	5111
6596	0.108107	2130
6596	0.103064	7316
6596	0.100698	1937
6596	0.101642	3312
6597	0.097498	8361
6597	0.097498	8360
6597	0.097498	8363
6597	0.097498	8362
6597	0.097498	8365
6597	0.097498	8367
6597	0.097498	8366
6597	0.097974	6598
6597	0.097498	8368
6597	0.098509	60
6597	0.097243	6601
6597	0.099443	6602
6597	0.099673	6603
6597	0.097691	9656
6597	0.097498	8294
6597	0.097620	3065
6597	0.098784	5111
6597	0.097498	8364
6597	0.099667	57492
6597	0.103541	7157
6597	0.097606	5371
6597	0.100184	5925
6597	0.097884	367
6597	0.097549	142
6597	0.101719	9275
6597	0.097498	8370
6597	0.098892	4193
6597	0.100036	672
6597	0.097498	8359
6597	0.097498	554313
6597	0.097498	121504
6597	0.100378	3315
6597	0.096849	3146
6597	0.099466	8289
6597	0.097889	3014
6597	0.099717	6604
6597	0.098330	1387
6598	0.098915	57492
6598	0.096797	142
6598	0.100967	9275
6598	0.099570	207
6598	0.102788	7157
6598	0.098691	6602
6598	0.099283	672
6598	0.096491	6601
6598	0.097119	23390
6598	0.098920	6603
6598	0.098965	6604
6598	0.098020	5499
6598	0.096868	3065
6598	0.096117	4609
6598	0.097578	1387
6598	0.096351	5500
6598	0.098714	8289
120224	0.207653	79001
191	0.098047	9061
191	0.100939	8659
191	0.098980	39
191	0.099091	2271
191	0.104751	2130
191	0.100034	4831
191	0.101804	3945
191	0.098968	4478
191	0.098091	471
191	0.098864	23411
191	0.166723	25913
191	0.097488	84706
191	0.097324	9039
191	0.100966	3315
191	0.200191	7013
271	0.166143	25913
271	0.199611	7013
271	0.108899	23061
271	0.096936	23582
271	0.099889	1460
6386	0.097233	1198
6386	0.096895	997
6386	0.103129	2130
6386	0.095932	132320
6386	0.100081	4000
6386	0.095923	874
6386	0.097073	54974
6386	0.097088	978
6386	0.102368	25816
6386	0.099749	27232
6386	0.095798	9859
6386	0.095864	6714
6386	0.096165	5966
6386	0.096987	6418
4651	0.110946	7408
6358	0.099566	10212
4653	0.101154	2597
4653	0.105506	3029
4653	0.100491	5315
4653	0.098316	60
4653	0.096897	3958
4653	0.098986	1915
4552	0.114976	9061
4552	0.116472	6611
4552	0.116021	2271
4552	0.135844	64395
2821	0.097246	5239
2821	0.098229	2271
2821	0.101395	10327
2821	0.101146	7086
2821	0.098891	18
2821	0.108089	5236
2821	0.101847	7167
2821	0.100077	8659
2821	0.103205	51110
2821	0.098344	2023
2821	0.100396	9588
2821	0.098199	9948
3675	0.095594	5877
2543	0.253151	54386
2543	0.138756	64396
2543	0.118998	64395
2543	0.102169	4223
2547	0.099872	5111
2547	0.098291	2923
2547	0.098422	3064
2547	0.167692	65057
2547	0.099492	4436
2547	0.103237	3001
2547	0.100673	1809
2547	0.098541	3309
2547	0.103008	4361
2547	0.159264	7014
2547	0.098543	1488
2547	0.099734	5050
2547	0.098446	2956
2547	0.099110	6418
2547	0.107686	5826
2547	0.102204	4000
2547	0.102103	8968
2547	0.103299	2033
2547	0.098722	7534
2547	0.099118	1017
2547	0.098722	7530
2547	0.098637	142
2547	0.098249	6829
2547	0.099979	4193
2547	0.097985	23075
2547	0.102103	8358
2547	0.099364	23411
2547	0.253569	54386
2547	0.102103	8350
2547	0.102103	8351
2547	0.102103	8352
2547	0.102103	8353
2547	0.102103	8354
2547	0.102103	8355
2547	0.102103	8356
2547	0.102103	8357
2547	0.099056	5591
2547	0.102508	7086
2547	0.098977	3014
2547	0.099060	6767
2547	0.100986	1457
2547	0.099687	6904
2547	0.100006	3190
2547	0.099418	1387
3029	0.259454	54386
3029	0.171968	684
3029	0.201082	154664
3029	0.110452	51110
3024	0.097760	5591
3024	0.097340	142
3024	0.106157	141
3024	0.101598	1021
3024	0.097650	983
3024	0.102003	2033
3024	0.135648	10039
3024	0.096555	1019
3024	0.252273	54386
3024	0.101941	3001
3024	0.097823	1017
3024	0.199395	7013
26093	0.194067	26277
26093	0.185953	25913
26093	0.219421	7013
1019	0.095569	3320
1019	0.095532	7704
1019	0.094789	1026
1019	0.098143	11140
1019	0.094714	5226
1019	0.098722	5315
1019	0.094764	9869
1019	0.098221	5925
1019	0.098354	5757
1019	0.098073	672
1019	0.097006	3326
1019	0.094907	4609
1019	0.096809	5499
200895	0.198995	26277
1017	0.096802	8361
1017	0.096802	8360
1017	0.096802	8363
1017	0.096802	8362
1017	0.096802	8365
1017	0.096802	8364
1017	0.096802	8367
1017	0.096802	8366
1017	0.096802	8368
1017	0.096173	4609
1017	0.096802	8294
1017	0.097853	226
1017	0.098088	5111
1017	0.102845	7157
1017	0.096910	5371
1017	0.099489	5925
1017	0.097163	983
1017	0.096802	8370
1017	0.099340	672
1017	0.104502	115426
1017	0.096802	8359
1017	0.099621	5757
1017	0.096802	554313
1017	0.096802	121504
1017	0.096056	1026
1017	0.101110	1021
51119	0.102455	1201
51119	0.166187	65057
51119	0.105272	283489
51119	0.104200	3417
51119	0.165718	25913
51119	0.099178	5048
51119	0.252063	54386
51119	0.096823	7536
51119	0.097927	6697
51119	0.199186	7013
51119	0.097361	2805
50865	0.096115	23406
50865	0.096712	5093
4193	0.101690	50484
4193	0.097368	2923
4193	0.103283	7329
4193	0.097697	3320
4193	0.097856	9656
4193	0.099798	23429
4193	0.097785	3065
4193	0.099076	7341
4193	0.097200	25
4193	0.099349	472
4193	0.103706	7157
4193	0.097771	5371
4193	0.100350	5925
4193	0.102377	2033
4193	0.098050	367
4193	0.099850	328
4193	0.101892	57062
4193	0.100488	207
4193	0.096904	2932
4193	0.096892	9869
4193	0.097064	6714
4193	0.099345	1915
4193	0.099619	6271
4193	0.098196	7874
4193	0.106668	6273
4193	0.096917	1026
4193	0.099612	4831
4193	0.099286	7316
4193	0.097602	1616
4193	0.166301	25913
4193	0.098495	1387
4193	0.099187	6233
445	0.099022	132320
445	0.103402	2597
445	0.103271	3945
445	0.106396	396
445	0.100603	226
445	0.160230	7014
445	0.201658	7013
445	0.100652	5052
445	0.099983	9815
445	0.102740	5315
445	0.101644	10606
445	0.099666	369
445	0.108935	374354
445	0.106298	10072
445	0.099322	7295
445	0.104898	2937
445	0.098812	3838
445	0.099170	7001
445	0.100711	10963
445	0.102725	9588
445	0.101887	22949
445	0.100558	2271
445	0.101861	5184
445	0.103475	7086
445	0.104176	7167
445	0.105457	25816
445	0.100347	3313
445	0.100399	6697
7866	0.164152	25913
55291	0.097994	7874
55291	0.100070	11140
55291	0.097495	3320
55291	0.174212	26277
55291	0.098932	3326
55291	0.105011	55740
55291	0.252444	54386
7862	0.098941	8361
7862	0.098941	8360
7862	0.098941	8363
7862	0.098941	8362
7862	0.098941	8365
7862	0.098941	8364
7862	0.098941	8367
7862	0.098941	8366
7862	0.098941	8368
7862	0.098941	8294
7862	0.102459	8351
7862	0.102459	8968
7862	0.098941	8370
7862	0.102459	8358
7862	0.098941	8359
7862	0.098941	554313
7862	0.102459	8350
7862	0.098941	121504
7862	0.102459	8352
7862	0.102459	8353
7862	0.102459	8354
7862	0.102459	8355
7862	0.102459	8356
7862	0.102459	8357
100	0.119361	1812
100	0.179909	26277
100	0.125523	6444
100	0.103053	6311
100	0.113178	134
100	0.258140	54386
100	0.104350	52
8289	0.100407	57492
8289	0.104904	2130
8289	0.097983	6601
8289	0.100183	6602
8289	0.100413	6603
8289	0.100457	6604
8289	0.102459	9275
6271	0.099164	60491
6271	0.107231	6273
6271	0.101857	6286
6273	0.108906	6286
6273	0.107061	10273
7705	0.275248	54386
905	0.097756	1025
905	0.096070	6829
31	0.109730	57016
31	0.102263	6310
31	0.105283	672
5826	0.108143	8682
641	0.101142	4361
641	0.097328	55183
641	0.097626	4436
641	0.098132	7341
641	0.157398	7014
641	0.098214	5888
641	0.096825	7158
641	0.102762	7157
641	0.098701	7156
641	0.102339	7329
641	0.096251	545
641	0.099104	1460
641	0.096383	6829
641	0.099257	672
641	0.096351	6613
641	0.096580	2956
641	0.102211	10111
641	0.102741	4683
641	0.097111	3014
641	0.098405	472
641	0.096766	89870
641	0.098243	6233
254295	0.178884	25913
2169	0.264786	54386
2169	0.127762	10551
2169	0.118909	219
3094	0.098576	132320
3094	0.098345	8945
3094	0.098877	7295
3094	0.105773	2130
3094	0.103029	7086
3094	0.101056	4831
3094	0.099173	5019
3094	0.101365	2026
3094	0.100183	5300
3094	0.106092	57016
3094	0.098986	25824
3094	0.100227	2023
3094	0.098725	7001
3094	0.100266	10963
3094	0.102279	9588
3094	0.098537	6876
3094	0.099954	6697
3094	0.101441	22949
3094	0.105951	396
1937	0.095744	84676
1937	0.098351	207
1937	0.094768	2932
1937	0.095158	6613
1937	0.095900	23390
1937	0.098514	1956
1937	0.095279	1936
1937	0.094964	1478
1937	0.104317	339448
1937	0.097209	1915
4951	0.275667	54386
4951	0.181362	7014
4951	0.222790	7013
1936	0.097442	3190
1936	0.099640	4000
1936	0.097703	1915
1936	0.097135	5093
1936	0.099209	5315
1936	0.172773	26277
1936	0.098421	1457
1936	0.095707	1487
1936	0.095616	7431
1936	0.095685	6829
1936	0.095979	1488
1936	0.098902	3315
1936	0.198127	7013
1936	0.164660	25913
65057	0.183727	6819
65057	0.169226	2597
65057	0.167163	10273
65057	0.190275	3713
65057	0.165308	9531
65057	0.166387	60
65057	0.166497	5214
65057	0.183581	203569
65057	0.165568	10383
65057	0.220671	83874
65057	0.166847	3326
65057	0.165638	134492
65057	0.199105	126364
65057	0.226054	7014
65057	0.190050	29094
65057	0.193004	728113
65057	0.267482	7013
65057	0.191349	9715
65057	0.166848	7280
65057	0.164546	1641
65057	0.174919	23746
65057	0.191103	388536
65057	0.242127	26277
65057	0.176395	9401
65057	0.165927	7531
65057	0.173144	10953
65057	0.196024	200316
65057	0.169013	23154
65057	0.179955	10626
65057	0.169364	3939
65057	0.174243	141
65057	0.187295	84632
65057	0.184716	55276
65057	0.174535	677
65057	0.197508	79991
65057	0.166217	1152
65057	0.164806	6876
65057	0.320359	54386
65057	0.166535	10963
65057	0.168329	28988
65057	0.165909	7874
65057	0.164606	1627
65057	0.165533	5830
65057	0.166998	1975
65057	0.167464	1809
65057	0.167634	2026
65057	0.166478	6904
65057	0.234014	25913
65057	0.165422	89870
65057	0.193004	653145
65057	0.166543	2029
65057	0.166900	6233
65057	0.179323	64080
11344	0.098074	9601
11344	0.099485	7280
11344	0.101200	5315
11344	0.105713	115426
11344	0.104856	396
11344	0.166651	25913
11344	0.252995	54386
11344	0.100199	328
11344	0.098563	7531
11344	0.099093	2067
10383	0.097933	7280
10383	0.095617	203068
10383	0.173212	26277
10383	0.097582	5214
10383	0.165099	25913
10383	0.096617	3329
10383	0.198567	7013
10380	0.105380	390637
10380	0.104209	95
10380	0.101929	128989
9322	0.099205	7068
9322	0.098391	5566
9322	0.200941	7013
9322	0.175588	26277
9322	0.099210	23390
9322	0.167474	25913
9322	0.098672	3064
9322	0.099668	1387
9322	0.109910	23616
5111	0.101405	2597
5111	0.104399	396
5111	0.098968	7341
5111	0.099049	5888
5111	0.097416	2956
5111	0.104221	2130
5111	0.098606	226
5111	0.101073	8968
5111	0.102269	2033
5111	0.101073	8356
5111	0.099342	29763
5111	0.101073	8358
5111	0.100543	1956
5111	0.100375	5757
5111	0.101073	8350
5111	0.101073	8351
5111	0.101073	8352
5111	0.101073	8353
5111	0.101073	8354
5111	0.101073	8355
5111	0.099638	29086
5111	0.101073	8357
5111	0.097201	4176
5111	0.096809	1026
5111	0.099179	7316
5111	0.098675	2023
5111	0.098334	23411
5111	0.098388	1387
5111	0.099079	6233
22879	0.185621	55915
9324	0.100150	7068
9324	0.099836	6732
9324	0.104298	6733
9324	0.099063	7421
9324	0.254764	54386
9324	0.160459	7014
9324	0.201887	7013
8364	0.095666	11091
8364	0.096629	983
8364	0.096391	3065
8364	0.096890	7791
8364	0.099228	5496
8364	0.096374	7158
8364	0.095660	7265
8364	0.101888	7329
8364	0.098955	5925
8364	0.099786	8968
8364	0.100982	2033
8364	0.096510	23039
8364	0.095456	8841
8364	0.095828	10484
8364	0.098416	10524
8364	0.096320	142
8364	0.096500	5062
8364	0.099786	8358
8364	0.095547	8479
8364	0.251252	54386
8364	0.099786	8350
8364	0.099786	8351
8364	0.099786	8352
8364	0.099786	8353
8364	0.099786	8354
8364	0.099786	8355
8364	0.099786	8356
8364	0.099786	8357
8364	0.096010	7536
8364	0.097036	5594
8364	0.096208	1616
8364	0.097365	27236
8364	0.099087	5757
8364	0.097101	1387
8945	0.095939	997
8945	0.094687	9817
8945	0.094737	1627
8945	0.101549	7157
8945	0.095867	983
8945	0.097130	7316
8945	0.094747	2932
8945	0.097030	6233
8945	0.096606	5052
8945	0.095012	8553
8945	0.094878	4609
8945	0.096015	11217
8945	0.095632	445815
8945	0.098466	5496
8945	0.096927	3190
8945	0.095209	5966
8658	0.172820	26277
8658	0.198175	7013
7265	0.095660	8361
7265	0.095660	8360
7265	0.095660	8363
7265	0.095660	8362
7265	0.095660	8365
7265	0.095660	8367
7265	0.095660	8366
7265	0.095660	8368
7265	0.095660	8294
7265	0.095923	134492
7265	0.098620	5496
7265	0.096697	11034
7265	0.097752	10606
7265	0.095903	23039
7265	0.096888	10768
7265	0.095220	10484
7265	0.095660	8370
7265	0.095660	8359
7265	0.095660	554313
7265	0.095660	121504
7265	0.099076	95
7265	0.097633	6301
22977	0.229724	8574
22977	0.271775	54386
5121	0.269954	54386
5121	0.183609	25913
5121	0.217076	7013
23390	0.096479	3064
23390	0.097916	2801
23390	0.257455	8403
23390	0.098137	5888
23390	0.096582	1616
23390	0.100160	8354
23390	0.100160	8968
23390	0.128775	79991
23390	0.100160	8358
23390	0.099462	5757
23390	0.103553	51466
23390	0.100160	8350
23390	0.100160	8351
23390	0.100160	8352
23390	0.100160	8353
23390	0.098325	1915
23390	0.100160	8355
23390	0.100160	8356
23390	0.100160	8357
23390	0.095871	9869
23390	0.101718	3200
23390	0.097795	3845
23390	0.106874	201255
3162	0.104323	435
3162	0.167961	25913
3162	0.120599	64852
3162	0.201428	7013
445815	0.095832	1478
445815	0.098477	29086
3897	0.117876	8682
84676	0.209419	8574
84676	0.111456	203
84676	0.098956	11112
84676	0.102106	7329
84676	0.099674	5315
84676	0.097327	1152
84676	0.096117	6613
84676	0.097537	226
84676	0.096642	3329
84676	0.097020	7874
55276	0.126474	5236
55276	0.119531	7086
55276	0.117276	18
55276	0.120232	7167
55276	0.123844	4190
55276	0.118462	8659
55276	0.192360	26277
55276	0.184247	25913
55276	0.118489	3315
55276	0.217714	7013
55276	0.117237	28970
545	0.095337	25
545	0.100222	4361
545	0.101821	4683
545	0.101843	7157
545	0.105003	79648
545	0.097486	472
545	0.096191	3014
545	0.096707	4436
545	0.098338	672
81572	0.099584	95
81572	0.096432	134492
6611	0.104472	10072
6611	0.101714	3939
6611	0.102073	9368
6611	0.097432	2923
6611	0.098738	10212
6611	0.103708	51110
6611	0.097989	134492
6611	0.097655	92483
6611	0.097882	3329
23437	0.106496	6301
7001	0.099737	2597
7001	0.096496	55183
7001	0.095125	9039
7001	0.099059	9588
7001	0.096987	5052
7001	0.102553	2130
7001	0.097632	6647
7001	0.099075	5315
7001	0.095766	25824
7001	0.097978	10606
7001	0.096248	983
7001	0.096023	7534
7001	0.096023	7530
7001	0.099875	3939
7001	0.095657	7295
7001	0.095747	2956
7001	0.102470	6888
7001	0.098496	11140
7001	0.095118	6774
7001	0.100510	7167
7001	0.097001	5093
7001	0.096734	6697
1432	0.096305	5594
1432	0.098361	207
1432	0.101579	7157
1432	0.096087	7531
1432	0.104695	677
1432	0.095603	5019
1432	0.098841	4208
1432	0.097755	6604
1432	0.098223	5925
1432	0.095592	6732
1432	0.098524	1956
1432	0.100250	2033
1432	0.095659	3065
1432	0.095692	3329
1432	0.094724	8841
1432	0.098497	5496
1432	0.098811	4205
1432	0.097218	1915
1432	0.096512	9948
1432	0.095774	4830
95	0.101430	6647
95	0.099440	2739
95	0.157411	4521
95	0.168322	25913
95	0.201790	7013
95	0.103687	81888
29086	0.098860	11217
29086	0.101933	80351
29086	0.253335	54386
29086	0.097789	1478
4176	0.096951	11034
4176	0.099433	8353
4176	0.097538	7316
4176	0.095847	9531
4176	0.099433	8358
4176	0.098601	5925
4176	0.095286	4609
4176	0.099433	8968
4176	0.099433	8356
4176	0.097386	3326
4176	0.103682	10953
4176	0.099433	8350
4176	0.099433	8351
4176	0.099433	8352
4176	0.097188	2801
4176	0.099433	8354
4176	0.099433	8355
4176	0.110494	10626
4176	0.099433	8357
1627	0.095178	2885
1627	0.095163	6829
1627	0.172251	26277
1627	0.164137	25913
1627	0.197605	7013
5184	0.105323	10072
5184	0.102565	3939
5184	0.102296	3945
5184	0.097921	6648
5184	0.099111	7874
5184	0.098095	6310
5184	0.100548	10397
5184	0.107961	374354
5184	0.098506	92483
5184	0.099713	128989
5184	0.200683	7013
5184	0.098858	2805
3200	0.178096	26277
3200	0.169983	25913
3200	0.203450	7013
5226	0.099436	3939
5226	0.095154	2923
5226	0.099167	3945
5226	0.095079	6613
5226	0.096330	4478
5226	0.099060	7430
5226	0.097418	10397
5226	0.094878	6876
5226	0.100172	223
5226	0.197554	7013
5226	0.102030	6888
5226	0.095481	7532
9942	0.192869	6888
9942	0.214496	90507
115861	0.273811	54386
115861	0.179507	7014
115861	0.187467	25913
115861	0.220934	7013
9948	0.099611	3948
9948	0.097310	5019
9948	0.100963	3945
9948	0.098127	4478
9948	0.096930	1487
9948	0.097525	2805
9948	0.098281	11034
9948	0.096923	2885
9948	0.101479	1072
9948	0.096425	1073
9948	0.100857	7430
9948	0.103226	51110
9948	0.099629	1460
9948	0.101232	3939
9948	0.097014	7295
9948	0.097300	6732
9948	0.100417	9588
9948	0.103827	6888
9948	0.096725	79017
9948	0.101167	7086
9948	0.099194	4831
9948	0.097482	4830
9948	0.097084	160287
9948	0.099502	2026
9948	0.098364	2023
9948	0.097173	92483
9948	0.098873	28970
2869	0.110945	6623
3014	0.101083	4361
3014	0.097672	60
3014	0.096854	9656
3014	0.157338	7014
3014	0.098155	5888
3014	0.098346	472
3014	0.096766	7158
3014	0.100279	4000
3014	0.100895	1072
3014	0.099347	5925
3014	0.100178	8968
3014	0.096797	7534
3014	0.100178	8357
3014	0.096797	7530
3014	0.096712	142
3014	0.096324	6829
3014	0.099198	672
3014	0.100178	8358
3014	0.251644	54386
3014	0.100178	8350
3014	0.100178	8351
3014	0.100178	8352
3014	0.100178	8353
3014	0.100178	8354
3014	0.100178	8355
3014	0.100178	8356
3014	0.102152	10111
3014	0.097131	5591
3014	0.102682	4683
3014	0.099060	1457
3014	0.098184	6233
3065	0.096391	8361
3065	0.096391	8360
3065	0.096391	8363
3065	0.096391	8362
3065	0.096391	8365
3065	0.096391	8367
3065	0.096391	8368
3065	0.096391	554313
3065	0.098337	6602
3065	0.096391	8294
3065	0.096916	6418
3065	0.102434	7157
3065	0.095947	5566
3065	0.096391	8366
3065	0.096500	5371
3065	0.102012	7329
3065	0.101608	51574
3065	0.099078	5925
3065	0.101105	2033
3065	0.096778	367
3065	0.096094	5966
3065	0.098539	10524
3065	0.096443	142
3065	0.096391	8370
3065	0.096904	8379
3065	0.096391	8359
3065	0.096138	9219
3065	0.095579	8841
3065	0.096330	1616
3065	0.096391	121504
3065	0.095645	1026
3065	0.095897	8553
3065	0.095623	6774
3065	0.098346	23028
3065	0.095714	1107
3065	0.098792	1457
3065	0.097468	5300
3064	0.099955	2597
3064	0.100528	4361
3064	0.099623	8351
3064	0.096261	3329
3064	0.102148	7157
3064	0.099293	5315
3064	0.099623	8968
3064	0.099718	7430
3064	0.095550	1759
3064	0.095769	6829
3064	0.099623	8358
3064	0.103016	51466
3064	0.099623	8350
3064	0.097601	29993
3064	0.099623	8352
3064	0.099623	8353
3064	0.099623	8354
3064	0.099623	8355
3064	0.099623	8356
3064	0.099623	8357
3064	0.096103	7704
3064	0.095427	1107
3064	0.096938	1387
10728	0.096984	10963
10728	0.102491	2130
10728	0.099747	7086
10728	0.097798	6301
10728	0.096087	134492
10728	0.099590	11252
10728	0.095858	3320
10728	0.097296	3326
10728	0.097052	10768
10728	0.097313	29101
10728	0.096211	367
10728	0.098705	3315
10728	0.097348	6233
79001	0.109440	4501
1198	0.173791	26277
1198	0.101556	6733
5888	0.097394	6613
5888	0.103805	7157
5888	0.100301	672
5888	0.106966	79648
5888	0.103383	7329
5888	0.098775	60
5888	0.102442	5216
5888	0.097085	1107
5888	0.097956	9656
5888	0.097357	7431
5888	0.097797	3320
5888	0.099175	7341
5888	0.108782	9401
5888	0.100148	1460
57716	0.119475	1021
57716	0.270150	54386
57716	0.336682	1821
79008	0.123281	84464
79008	0.113004	2885
79763	0.135086	2271
5358	0.096717	10963
5358	0.102224	2130
5358	0.099480	7086
5358	0.097303	6647
5358	0.096168	54974
5358	0.096440	4478
5358	0.097816	2026
5358	0.095453	6311
5358	0.099170	7430
5358	0.102402	396
5358	0.094988	6876
5358	0.102140	6888
5925	0.098955	8361
5925	0.098955	8360
5925	0.098955	8363
5925	0.098955	8362
5925	0.098955	8365
5925	0.098955	8367
5925	0.098955	8368
5925	0.098327	4609
5925	0.099489	7874
5925	0.098955	8294
5925	0.100368	7341
5925	0.103264	1021
5925	0.098634	2885
5925	0.098955	8366
5925	0.104575	7329
5925	0.103669	2033
5925	0.099316	983
5925	0.099342	367
5925	0.106190	10741
5925	0.101103	10524
5925	0.099453	10131
5925	0.098955	8370
5925	0.098952	7704
5925	0.101494	672
5925	0.098586	6613
5925	0.098955	8359
5925	0.099577	5894
5925	0.098955	554313
5925	0.098955	121504
5925	0.100306	1025
5925	0.098187	6774
5925	0.100909	23028
5925	0.098277	1107
5925	0.099735	23411
5925	0.100230	5499
100134934	0.291131	80169
100134934	0.252217	79991
1759	0.095393	2885
1759	0.095952	4830
1759	0.097127	7341
1759	0.101334	7329
1759	0.097209	29993
1759	0.095115	6714
1759	0.097500	29763
51155	0.104398	23406
51155	0.106761	3315
51155	0.103140	3838
51155	0.105851	6623
51155	0.108116	1072
29763	0.099551	29993
29763	0.109963	59341
29763	0.099650	8754
29763	0.097450	10657
29763	0.101821	11252
29763	0.253038	54386
29763	0.098530	6767
29763	0.098678	5894
29763	0.098011	3309
29763	0.098212	3329
27229	0.129721	79991
27229	0.098101	8379
27229	0.098741	3845
27229	0.097183	7431
27229	0.098861	2801
142	0.096320	8361
142	0.096320	8360
142	0.096320	8363
142	0.096320	8362
142	0.096320	8365
142	0.096320	8367
142	0.096320	8368
142	0.096065	6601
142	0.098266	6602
142	0.098539	6604
142	0.096320	8294
142	0.099938	4000
142	0.101940	7329
142	0.101033	2033
142	0.096320	8366
142	0.096320	8370
142	0.098858	672
142	0.096320	8359
142	0.097099	23411
142	0.095719	23075
142	0.096320	554313
142	0.096320	121504
142	0.096791	5591
142	0.096317	7704
142	0.097088	5594
142	0.102362	7157
142	0.097153	1387
141	0.105192	6732
141	0.109653	6733
64396	0.139005	10524
64396	0.136362	8553
64396	0.138756	2576
64396	0.138756	2577
64396	0.142477	7329
64396	0.157687	64395
64396	0.144335	9502
64396	0.140858	4223
64395	0.119246	10524
64395	0.118642	4926
64395	0.118998	2576
64395	0.118998	2577
64395	0.116358	3838
64395	0.124577	9502
64395	0.118511	7341
4504	0.264495	54386
4504	0.115139	7276
4501	0.265007	54386
4501	0.178662	25913
4501	0.212129	7013
115098	0.101898	328
115098	0.106376	2130
90507	0.201230	26277
90507	0.279462	54386
11163	0.095947	9817
23028	0.097693	132320
23028	0.097595	4609
23028	0.100168	6602
23028	0.099496	2801
23028	0.200329	7013
23028	0.099323	5052
23028	0.097461	9039
23028	0.104266	7157
23028	0.103843	7329
23028	0.101741	8968
23028	0.098610	367
23028	0.102452	57062
23028	0.107427	79648
23028	0.100761	672
23028	0.097451	9869
23028	0.097411	8841
23028	0.101741	8350
23028	0.101741	8351
23028	0.101741	8352
23028	0.101741	8353
23028	0.101741	8354
23028	0.101741	8355
23028	0.101741	8356
23028	0.101741	8357
23028	0.101741	8358
23028	0.097454	6774
23028	0.097545	1107
23028	0.099354	51105
29101	0.098653	39
29101	0.101661	10591
29101	0.102381	7167
29101	0.103739	51110
29101	0.098021	134492
29101	0.100931	9588
29101	0.097363	5500
1478	0.097854	10524
1478	0.102372	2130
1478	0.097328	1975
1478	0.098244	672
1478	0.095028	1107
1478	0.096215	11217
26100	0.253502	54386
26100	0.102084	54469
26100	0.167157	25913
26100	0.098221	10980
7186	0.098186	1025
7186	0.096833	7704
7186	0.098306	3326
7186	0.103501	2130
7186	0.100401	54469
7186	0.097912	5300
7186	0.097774	60491
7186	0.098459	7316
7186	0.097009	79873
7186	0.096353	6310
7186	0.099823	1956
7186	0.101549	2033
7186	0.100142	9961
7186	0.097666	84708
7186	0.098359	6233
64080	0.178854	25913
10063	0.096021	3958
10063	0.100351	7086
10063	0.102471	7157
10063	0.097037	55183
10063	0.098173	6647
10063	0.100663	1072
10063	0.096131	10980
10063	0.097275	6697
10063	0.096059	6613
10063	0.098110	1915
10063	0.103011	6888
134829	0.100665	328
9368	0.103440	207
9368	0.100321	2923
9368	0.104334	3945
9368	0.108851	4190
9368	0.101457	1152
9368	0.101498	4478
9368	0.104228	7430
9368	0.155911	83874
9368	0.100751	7534
9368	0.100544	92483
9368	0.100751	7530
50484	0.104718	4361
50484	0.106317	4683
50484	0.106338	7157
50484	0.101981	472
50484	0.104813	6733
50484	0.101819	6233
50484	0.105787	10111
114548	0.108623	23616
66002	0.113084	6648
126306	0.213510	7013
3417	0.118357	203
3417	0.104502	5093
3417	0.103545	5830
3417	0.103454	5019
3417	0.105337	4831
3417	0.104237	11244
3417	0.105011	7316
3417	0.107311	7086
3417	0.103626	4830
3417	0.109970	6888
3417	0.103668	2805
9168	0.100444	132320
9168	0.100568	3958
9168	0.207738	79693
9168	0.105654	5216
9168	0.103818	7111
9168	0.105492	6733
9168	0.169613	25913
9168	0.255958	54386
9168	0.100310	9859
9168	0.161653	7014
9168	0.203080	7013
376267	0.125134	5877
4223	0.102418	10524
4223	0.100795	6418
4223	0.100376	7158
4223	0.102169	2576
4223	0.102169	2577
4223	0.104036	11252
4223	0.100026	2739
4223	0.101347	5300
4223	0.118475	203569
4223	0.103578	9961
4223	0.101498	10768
25	0.097593	10273
25	0.096167	983
25	0.096339	7874
25	0.097942	23429
25	0.106880	23616
25	0.096906	5052
25	0.095486	2885
25	0.100520	2033
25	0.097340	1398
25	0.096193	367
25	0.095943	7530
25	0.096038	5062
25	0.098345	672
25	0.100323	6733
25	0.095943	7534
25	0.097430	7316
25	0.097492	472
25	0.098794	1956
56954	0.100233	3939
56954	0.100868	7167
56954	0.099964	3945
56954	0.107110	5236
56954	0.096124	25824
56954	0.097365	2023
56954	0.099417	9588
51574	0.102836	1025
51574	0.103886	1457
51574	0.101232	9219
407	0.100641	1457
407	0.101528	27232
25824	0.099998	2597
25824	0.099866	3945
25824	0.097560	7341
25824	0.097248	5052
25824	0.096936	3476
25824	0.095492	6648
25824	0.097893	6647
25824	0.100382	1072
25824	0.100136	3939
25824	0.096645	10131
25824	0.097185	11034
25824	0.104384	4190
25824	0.099321	9588
25824	0.098483	22949
25824	0.096305	5830
25824	0.098097	4831
25824	0.096386	4830
25824	0.096994	6697
128646	0.213510	7013
10741	0.210266	79693
10741	0.258487	54386
9686	0.103933	1021
9686	0.254608	54386
9686	0.102930	4208
9686	0.108445	359948
9686	0.102900	4205
9061	0.130954	84988
9061	0.097125	39
9061	0.097236	2271
9061	0.097112	4478
9061	0.096236	471
9061	0.099049	5757
9061	0.098327	5048
9061	0.095468	9039
9061	0.097912	1915
9060	0.098931	328
9060	0.098216	7280
10524	0.098416	8361
10524	0.098416	8360
10524	0.098416	8363
10524	0.102266	2597
10524	0.098416	8365
10524	0.098416	8367
10524	0.098416	8366
10524	0.098416	8368
10524	0.099428	60
10524	0.098416	8362
10524	0.098416	8294
10524	0.101934	8351
10524	0.099690	2801
10524	0.105082	2130
10524	0.102035	4000
10524	0.101934	8968
10524	0.098777	983
10524	0.098803	367
10524	0.098449	7532
10524	0.098416	8370
10524	0.101934	8358
10524	0.098416	8359
10524	0.099195	23411
10524	0.100955	672
10524	0.098416	554313
10524	0.101934	8350
10524	0.098416	121504
10524	0.101934	8352
10524	0.101934	8353
10524	0.101934	8354
10524	0.101934	8355
10524	0.101934	8356
10524	0.101934	8357
10524	0.098949	7874
10524	0.097612	6427
10524	0.104459	7157
10524	0.107207	339448
3939	0.099962	2923
3939	0.103975	3945
3939	0.111122	5236
3939	0.101405	5050
3939	0.202362	7013
3939	0.101293	11034
3939	0.102001	6647
3939	0.104491	1072
3939	0.099437	1073
3939	0.103444	5315
3939	0.103110	8659
3939	0.177008	26277
3939	0.104880	7167
3939	0.108492	4190
3939	0.102227	10397
3939	0.101307	226
3939	0.101051	3313
3939	0.109362	219
3939	0.106839	6888
3939	0.101263	2271
3939	0.104179	7086
3939	0.102206	4831
3939	0.101924	18
3939	0.105549	5230
3939	0.168895	25913
3939	0.101377	2023
3939	0.100185	92483
3939	0.101103	6697
84632	0.194939	26277
84632	0.178866	7014
84632	0.186826	25913
84632	0.220294	7013
3838	0.102194	2130
3838	0.095208	2885
3838	0.101571	7157
3838	0.098067	672
3838	0.096154	978
3838	0.094851	1107
3838	0.095584	6732
3838	0.098348	5757
3838	0.096999	3326
3838	0.094900	4609
3838	0.100242	2033
3838	0.096361	1387
3838	0.098835	9961
5995	0.107345	26128
1956	0.103106	2597
1956	0.101044	10273
1956	0.100727	3326
1956	0.099617	983
1956	0.099364	5371
1956	0.099290	3320
1956	0.098699	3308
1956	0.102774	8351
1956	0.100051	3313
1956	0.100356	5052
1956	0.099536	2805
1956	0.102774	8353
1956	0.098936	2885
1956	0.105299	7157
1956	0.102774	8354
1956	0.098812	5566
1956	0.098437	9817
1956	0.103491	1072
1956	0.100307	226
1956	0.102774	8968
1956	0.102869	7430
1956	0.100791	1398
1956	0.099643	367
1956	0.099392	7530
1956	0.099026	7295
1956	0.102081	207
1956	0.102774	8352
1956	0.107492	4190
1956	0.102774	8358
1956	0.099879	5894
1956	0.099392	7534
1956	0.102774	8350
1956	0.098658	6714
1956	0.099458	3312
1956	0.102137	3315
1956	0.102774	8355
1956	0.102774	8356
1956	0.102774	8357
1956	0.099727	5591
1956	0.119000	9905
1956	0.100415	10963
1956	0.098488	6774
1956	0.103879	7167
1956	0.100402	2353
1956	0.099262	471
1956	0.100780	6233
1956	0.105099	374
1956	0.100336	2067
10768	0.099283	10273
10768	0.097451	3309
10768	0.098117	7791
10768	0.100457	5496
10768	0.099467	6623
10768	0.097266	7295
10768	0.099242	6647
10768	0.097404	53938
10768	0.100511	8270
10768	0.097653	29934
10768	0.097285	57698
10768	0.097128	6613
10768	0.097552	6732
10768	0.102014	6733
10768	0.097402	6672
10768	0.098656	10963
10768	0.100105	11140
10768	0.101419	7086
10768	0.098343	6697
10963	0.099173	6647
10963	0.098899	3326
10963	0.097184	2739
10963	0.106534	219
10963	0.098310	4478
10963	0.096870	3308
10963	0.097383	3309
10963	0.096858	6876
10963	0.098215	3476
10963	0.104094	2130
10963	0.102720	5230
10963	0.098542	5093
10963	0.101040	7430
10963	0.100497	2289
10963	0.097197	7295
10963	0.097629	3312
10963	0.100308	3315
10963	0.096624	6427
10963	0.101350	7086
10963	0.099377	4831
10963	0.102051	7167
10963	0.099686	2026
10963	0.098525	27236
10963	0.166066	25913
10963	0.098951	6233
6714	0.097458	10273
6714	0.095065	10657
6714	0.096682	60
6714	0.099022	5337
6714	0.101713	7157
6714	0.099905	1072
6714	0.097204	1398
6714	0.096057	367
6714	0.095717	89870
6714	0.096501	84708
6714	0.098495	207
6714	0.097091	3190
6714	0.100187	6733
6714	0.094858	8841
6714	0.095704	3320
6714	0.094902	6774
6714	0.094953	7421
6714	0.096791	2023
28988	0.102841	4000
28988	0.103457	1072
28988	0.167860	25913
28988	0.100989	10785
28988	0.254206	54386
28988	0.201328	7013
10111	0.109952	283489
10111	0.106183	4361
10111	0.107782	4683
10111	0.101621	2956
10111	0.103446	472
10111	0.102667	4436
10111	0.101954	9656
10111	0.104299	672
10111	0.256744	54386
10111	0.162439	7014
10111	0.120780	5514
9905	0.115335	1107
9905	0.130203	56963
84330	0.251514	54386
84330	0.097804	2801
84330	0.097263	56159
7317	0.097058	997
7317	0.103371	10072
7317	0.097631	2271
7317	0.096305	2885
7317	0.098249	7316
7317	0.100528	10591
7317	0.097778	3845
7317	0.100238	7430
7317	0.098149	6233
7317	0.096631	471
7316	0.097824	9531
7316	0.098425	7874
7316	0.100027	23429
7316	0.099679	10273
7316	0.097850	1488
7316	0.098172	2805
7316	0.097571	2885
7316	0.103935	7157
7316	0.099637	6647
7316	0.101080	5315
7316	0.102606	2033
7316	0.098325	997
7316	0.099312	3190
7316	0.100430	672
7316	0.098093	3312
7316	0.100773	3315
7316	0.102200	1021
7316	0.099528	8566
7316	0.101815	7086
7316	0.097831	1616
7316	0.099012	2023
160287	0.097145	11034
160287	0.100732	7167
160287	0.095478	5232
160287	0.097854	6647
160287	0.100343	1072
160287	0.104345	4190
160287	0.095289	1073
160287	0.098962	8659
160287	0.099296	5315
160287	0.102691	6888
90737	0.178884	25913
10591	0.101208	11034
10591	0.104126	197131
10591	0.121596	29992
10591	0.168810	25913
10591	0.099851	51042
10591	0.202277	7013
10591	0.101271	5052
3845	0.098523	6904
3845	0.097577	3329
3845	0.099591	57492
3845	0.103041	7329
3845	0.097535	369
3845	0.100838	308
3845	0.096822	10055
3845	0.106625	79648
3845	0.105122	115426
3845	0.098044	5894
3845	0.098216	3313
3845	0.099103	1915
3845	0.096612	6636
3845	0.098498	5300
3845	0.099105	8996
3845	0.100728	9961
3845	0.104581	9925
3845	0.101097	729
84708	0.097994	39
84708	0.096779	2885
84708	0.097335	256281
84708	0.100287	5315
84708	0.097725	978
84708	0.096785	1487
84708	0.096779	51042
84708	0.099191	10606
84708	0.098248	5050
84708	0.096290	6636
84706	0.099906	1072
84706	0.095015	6648
84706	0.107712	56267
84706	0.095951	2805
374	0.110843	116143
165904	0.118743	55740
165904	0.115239	7408
165904	0.118104	51466
390637	0.104705	2597
1487	0.099804	2597
1487	0.100377	4361
1487	0.097904	4831
1487	0.098493	672
1487	0.095277	1107
1487	0.095960	471
1487	0.250938	54386
1487	0.095912	1488
1487	0.156633	7014
1487	0.099957	81888
396	0.103629	23406
396	0.117837	23498
396	0.109779	2130
396	0.103995	4478
396	0.102818	2923
396	0.104234	5214
396	0.179864	26277
396	0.105371	2026
396	0.106724	7430
396	0.171751	25913
396	0.104163	226
396	0.105993	3315
396	0.205218	7013
396	0.103516	6484
396	0.102882	7295
3308	0.097499	10273
3308	0.098535	11098
3308	0.095745	3320
3308	0.096594	4478
3308	0.097183	3326
3308	0.095667	3309
3308	0.095867	3329
3308	0.098671	5496
3308	0.099229	8352
3308	0.099229	8353
3308	0.099229	8354
3308	0.097457	6647
3308	0.094868	203068
3308	0.099229	8968
3308	0.099324	7430
3308	0.095271	10484
3308	0.095414	5966
3308	0.105255	23746
3308	0.094952	2932
3308	0.099229	8358
3308	0.099229	8350
3308	0.099229	8351
3308	0.096506	3313
3308	0.095913	3312
3308	0.098592	3315
3308	0.099229	8355
3308	0.099229	8356
3308	0.099229	8357
3308	0.098112	1457
3308	0.097132	3190
3309	0.095930	2923
3309	0.095994	7295
3309	0.099048	207
3309	0.095903	2885
3309	0.097695	3326
3309	0.098609	1460
3309	0.097106	4478
3309	0.098624	1457
3309	0.096846	5894
3309	0.097748	6233
3309	0.096380	3329
3309	0.096425	3312
3309	0.099104	3315
3309	0.100453	57062
3309	0.096722	10131
5496	0.099228	8361
5496	0.099228	8360
5496	0.099228	8363
5496	0.099228	8362
5496	0.099228	8365
5496	0.099228	8367
5496	0.099228	8366
5496	0.099228	8368
5496	0.099228	8294
5496	0.159907	7014
5496	0.201335	7013
5496	0.105895	2130
5496	0.102860	6286
5496	0.254212	54386
5496	0.099471	23039
5496	0.099385	29934
5496	0.099228	8370
5496	0.099228	8359
5496	0.099284	6732
5496	0.103746	6733
5496	0.098507	8479
5496	0.099228	554313
5496	0.099228	121504
5496	0.101202	6301
5496	0.098993	388228
5496	0.102848	4000
5496	0.100075	6697
58497	0.101210	4830
9039	0.096544	11034
9039	0.096402	39
9039	0.107178	221294
9039	0.094829	1107
9039	0.095770	134492
5315	0.103306	2597
5315	0.102974	8354
5315	0.103628	10327
5315	0.103175	3945
5315	0.102974	8350
5315	0.100578	5214
5315	0.101548	10606
5315	0.100731	5499
5315	0.102974	8352
5315	0.106123	2130
5315	0.104748	5230
5315	0.102337	3315
5315	0.100571	5093
5315	0.103691	1072
5315	0.098613	203068
5315	0.100507	226
5315	0.201562	7013
5315	0.176208	26277
5315	0.102974	8968
5315	0.104170	2033
5315	0.099571	369
5315	0.098644	8841
5315	0.099954	10131
5315	0.102974	8358
5315	0.100079	5894
5315	0.102974	8351
5315	0.102629	9588
5315	0.102974	8353
5315	0.101138	1915
5315	0.102974	8355
5315	0.102974	8356
5315	0.102974	8357
5315	0.100351	39
5315	0.098711	1026
5315	0.100462	2271
5315	0.103379	7086
5315	0.100533	5300
5315	0.100877	3190
56122	0.104158	3190
5966	0.095650	2885
5966	0.096207	256281
5966	0.095489	6310
5966	0.099278	9961
5966	0.095167	5877
2289	0.099871	7874
2289	0.099835	10131
2289	0.099696	10916
2289	0.103417	11054
2289	0.100809	3326
2289	0.099372	3320
5499	0.098152	55183
5499	0.098555	60
5499	0.097878	5527
5499	0.096879	9859
5499	0.097148	5500
5499	0.103586	7157
5499	0.099077	1398
5499	0.098094	7531
5499	0.099928	1460
5499	0.132267	84988
5499	0.100368	207
5499	0.100082	672
5499	0.098384	1152
5499	0.097049	8553
5499	0.116563	5514
5499	0.096714	1641
5499	0.098311	5594
5499	0.096775	6774
92483	0.100120	7086
92483	0.097865	18
92483	0.097943	6647
92483	0.104433	4190
92483	0.100821	7167
92483	0.099051	8659
92483	0.102780	6888
1387	0.097101	8361
1387	0.097101	8360
1387	0.097101	8363
1387	0.097101	8362
1387	0.097101	8365
1387	0.097101	8367
1387	0.097101	8368
1387	0.096496	10657
1387	0.098514	7341
1387	0.097101	8294
1387	0.096452	3146
1387	0.099926	207
1387	0.103767	2130
1387	0.103144	7157
1387	0.097101	8366
1387	0.102721	7329
1387	0.100619	8968
1387	0.097488	367
1387	0.096569	80198
1387	0.097101	8370
1387	0.099639	672
1387	0.100619	8358
1387	0.097101	8359
1387	0.097101	121504
1387	0.097101	554313
1387	0.100619	8350
1387	0.100619	8351
1387	0.100619	8352
1387	0.100619	8353
1387	0.100619	8354
1387	0.100619	8355
1387	0.100619	8356
1387	0.100619	8357
1387	0.096355	1026
1387	0.097869	5594
1387	0.096333	6774
1387	0.097041	1616
1387	0.096473	4609
1387	0.096384	7421
1387	0.098247	2353
1387	0.098625	6233
2271	0.097341	5019
2271	0.100993	3945
2271	0.099326	132789
2271	0.106380	219
2271	0.098157	4478
2271	0.108140	5236
2271	0.097555	2805
2271	0.096618	6648
2271	0.096954	2885
2271	0.102567	5230
2271	0.100887	7430
2271	0.100094	5757
2271	0.099372	5048
2271	0.098325	226
2271	0.099609	22949
2271	0.098170	39
2271	0.101197	7086
2271	0.097280	471
2271	0.098395	2023
2271	0.101951	800
2271	0.098904	28970
160140	0.121960	7341
2576	0.253151	54386
2577	0.253151	54386
79693	0.207549	6733
5409	0.703118	54386
5409	0.650240	7013
2571	0.134745	5566
2571	0.149914	23498
149420	0.247524	339448
6767	0.097780	11034
6767	0.102371	7276
6767	0.100509	11252
6767	0.095924	1073
6767	0.098832	1809
6767	0.097650	4436
51105	0.103541	55646
8723	0.095505	132320
8723	0.095699	6829
2067	0.103198	2072
2067	0.098255	4436
2067	0.107305	84464
201255	0.110132	6286
2597	0.101589	3326
2597	0.104290	10327
2597	0.100152	3320
2597	0.100275	3329
2597	0.101267	5050
2597	0.202224	7013
2597	0.101218	5052
2597	0.105411	5230
2597	0.101863	6647
2597	0.104353	1072
2597	0.102377	2026
2597	0.176870	26277
2597	0.099275	203068
2597	0.100505	367
2597	0.100669	7531
2597	0.100152	7532
2597	0.100616	10131
2597	0.099360	2932
2597	0.101169	226
2597	0.100913	3313
2597	0.100320	3312
2597	0.101801	1915
2597	0.100887	5594
2597	0.104041	7086
2597	0.104742	7167
2597	0.099636	6310
2597	0.101968	11332
2597	0.168757	25913
2597	0.101239	2023
2597	0.101253	128989
89870	0.097327	60
89870	0.099139	207
89870	0.173067	26277
89870	0.100549	1072
89870	0.095496	9817
89870	0.100995	5216
89870	0.097197	4478
89870	0.095910	7431
89870	0.097849	1398
89870	0.100361	7408
2593	0.106576	2353
2593	0.260414	54386
2593	0.207537	7013
2593	0.107816	1460
2593	0.174069	25913
10654	0.165503	116143
10657	0.097451	10273
10657	0.102330	2130
10657	0.095343	2885
10657	0.100181	6733
10657	0.096675	60
10657	0.095559	6311
10657	0.164302	25913
10657	0.097085	3190
10657	0.097159	29993
9531	0.097946	6647
9531	0.097988	10273
9531	0.102867	2130
9531	0.101821	7329
9531	0.172953	26277
9531	0.100718	6733
9531	0.164839	25913
9531	0.097672	3326
9531	0.096402	3312
9531	0.099081	3315
9531	0.099508	9961
146956	0.098613	80198
146956	0.109102	84464
4436	0.098861	472
4436	0.096430	1026
4436	0.103196	4683
4436	0.100000	207
4436	0.096407	6774
4436	0.096839	6829
4436	0.099714	672
4436	0.107132	84464
4436	0.099264	1809
4436	0.101598	4361
4436	0.097035	2956
4436	0.096735	10484
6532	0.113402	6623
8294	0.095666	11091
8294	0.096629	983
8294	0.096890	7791
8294	0.096374	7158
8294	0.101888	7329
8294	0.099786	8968
8294	0.100982	2033
8294	0.096510	23039
8294	0.095456	8841
8294	0.096010	7536
8294	0.095828	10484
8294	0.096500	5062
8294	0.099786	8358
8294	0.099087	5757
8294	0.251252	54386
8294	0.099786	8350
8294	0.099786	8351
8294	0.099786	8352
8294	0.099786	8353
8294	0.099786	8354
8294	0.099786	8355
8294	0.099786	8356
8294	0.099786	8357
8294	0.097036	5594
8294	0.096208	1616
8294	0.097365	27236
8294	0.095547	8479
728113	0.200649	26277
728113	0.292664	145226
728113	0.226003	7013
728113	0.278880	54386
2053	0.104701	25934
2053	0.116155	8226
2053	0.103354	9961
2053	0.100204	5830
2053	0.202153	7013
3775	0.104515	7329
3775	0.100308	7341
2885	0.096557	55183
2885	0.095283	9859
2885	0.113004	548593
2885	0.100662	2033
2885	0.095543	7431
2885	0.096335	367
2885	0.097093	155435
2885	0.096887	60491
2885	0.097368	3190
2885	0.097068	2023
6286	0.101688	10273
6286	0.100688	3476
6286	0.254883	54386
6286	0.166127	170591
6286	0.099091	6636
978	0.103247	8895
978	0.096681	55093
978	0.098016	5214
9401	0.110112	11098
9401	0.111243	197131
9401	0.112002	2033
9401	0.175926	25913
9401	0.262271	54386
9401	0.209394	7013
10620	0.184497	26277
10620	0.176383	25913
23154	0.176657	26277
23154	0.104906	435
23154	0.168544	25913
57062	0.106086	56674
57062	0.105121	7167
57062	0.101574	5300
57062	0.115106	3620
57062	0.106118	7329
57062	0.103036	672
57062	0.102898	1457
57062	0.101969	3326
57062	0.255481	54386
57062	0.161176	7014
57062	0.101646	5050
57062	0.202604	7013
57062	0.101598	5052
10626	0.128361	391634
10626	0.110077	9869
10626	0.187600	26277
10626	0.110442	7431
10626	0.118616	10953
10626	0.212954	7013
10626	0.179486	25913
8370	0.095666	11091
8370	0.096629	983
8370	0.096890	7791
8370	0.096374	7158
8370	0.101888	7329
8370	0.099786	8968
8370	0.100982	2033
8370	0.096510	23039
8370	0.095456	8841
8370	0.096010	7536
8370	0.095828	10484
8370	0.096500	5062
8370	0.099786	8358
8370	0.099087	5757
8370	0.251252	54386
8370	0.099786	8350
8370	0.099786	8351
8370	0.099786	8352
8370	0.099786	8353
8370	0.099786	8354
8370	0.099786	8355
8370	0.099786	8356
8370	0.099786	8357
8370	0.097036	5594
8370	0.096208	1616
8370	0.097365	27236
8370	0.095547	8479
8379	0.121455	29094
8379	0.097514	56159
8574	0.208971	7295
11332	0.104642	1410
11332	0.097824	2923
11332	0.099232	5093
11332	0.174870	26277
11332	0.097636	6310
11332	0.104023	25816
11332	0.100088	10397
11332	0.107501	374354
11332	0.102843	223
11332	0.200223	7013
11332	0.166756	25913
5894	0.097225	5527
5894	0.098678	10273
5894	0.097659	5594
5894	0.099715	207
5894	0.097123	5062
5894	0.097126	256281
5894	0.097442	7531
5894	0.097005	369
5894	0.097027	7534
5894	0.097278	367
5894	0.098573	1915
5894	0.097027	7530
5894	0.096924	7532
10397	0.101656	308
10397	0.099027	3476
10397	0.104985	10072
10397	0.099178	60491
9623	0.107911	207
9588	0.099507	5019
9588	0.099197	2739
9588	0.201547	7013
9588	0.100541	5052
9588	0.099788	1632
9588	0.110307	5236
9588	0.254424	54386
9588	0.099992	7531
9588	0.107677	4190
9588	0.099339	2954
9588	0.102322	3315
9588	0.101776	22949
9588	0.100210	5594
9588	0.104065	7167
9588	0.100288	6697
9588	0.101070	28970
1915	0.098963	60
1915	0.099072	5214
1915	0.099099	5050
1915	0.097556	5500
1915	0.103243	5230
1915	0.098309	10916
1915	0.097107	203068
1915	0.097192	2932
1915	0.103578	7276
1915	0.098745	3313
1915	0.100831	3315
1915	0.097948	7704
1915	0.097205	1026
1915	0.100209	2026
1915	0.099372	3190
10016	0.098994	308
10016	0.096365	3476
10016	0.095347	7295
10016	0.099749	10327
10016	0.099500	7086
10016	0.096691	5093
10016	0.096674	27236
10016	0.096372	3313
10016	0.096851	2801
116113	0.141978	9502
5830	0.173177	26277
5830	0.100144	3945
5830	0.098964	672
5830	0.098112	472
5830	0.165064	25913
5830	0.097949	6233
56963	0.145183	84988
56963	0.265443	54386
3081	0.218610	5098
3081	0.113651	9815
3081	0.113179	1488
3081	0.215327	7013
3081	0.154642	1366
125488	0.097667	39
125488	0.099653	3315
2026	0.099409	4478
2026	0.097957	6876
2026	0.200633	7013
2026	0.103819	5230
2026	0.100272	6647
2026	0.175279	26277
2026	0.102139	7430
2026	0.098297	7295
2026	0.101351	207
2026	0.098158	6613
2026	0.100670	27190
2026	0.100670	6483
2026	0.102449	7086
2026	0.100476	4831
2026	0.103150	7167
2026	0.167165	25913
2026	0.099694	2029
28955	0.098427	6904
7408	0.101210	39
7408	0.106667	8895
7408	0.101999	8996
7408	0.104994	5216
7408	0.103240	6708
7408	0.107225	51466
7408	0.107865	55740
7408	0.100936	7791
2023	0.101108	3945
2023	0.098271	4478
2023	0.098860	3326
2023	0.096819	6876
2023	0.099558	57492
2023	0.097914	6418
2023	0.096759	5232
2023	0.099134	6647
2023	0.101624	1072
2023	0.108254	5236
2023	0.100242	8659
2023	0.101001	7430
2023	0.097525	7534
2023	0.097525	7530
2023	0.097159	7295
2023	0.099927	672
2023	0.096894	8553
2023	0.098439	226
2023	0.097590	3312
2023	0.103971	6888
2023	0.101311	7086
2023	0.099338	4831
2023	0.099056	18
2023	0.102012	7167
2023	0.102681	5230
653145	0.200649	26277
653145	0.292664	145226
653145	0.226003	7013
653145	0.278880	54386
2029	0.101953	6733
2029	0.166074	25913
6819	0.191371	26277
6819	0.129333	25780
6819	0.183258	25913
6819	0.216726	7013
10273	0.099527	3326
10273	0.098089	3320
10273	0.098319	134492
10273	0.098014	1488
10273	0.200162	7013
10273	0.104099	7157
10273	0.100599	4168
10273	0.174808	26277
10273	0.100148	10606
10273	0.097615	10484
10273	0.100880	207
10273	0.098443	367
10273	0.098257	3312
10273	0.100936	3315
10273	0.097574	6310
10273	0.166694	25913
10273	0.099580	6233
3146	0.102286	2130
3146	0.101663	7157
3146	0.096228	55183
3146	0.097565	6602
3146	0.097839	6604
3146	0.095980	983
3146	0.250603	54386
3146	0.156298	7014
3146	0.095390	7295
5216	0.103656	339344
5216	0.101473	6418
5216	0.101557	55183
5216	0.105183	1072
5216	0.101960	60
5216	0.101004	6732
5216	0.102472	6233
161253	0.198995	26277
23429	0.097801	11091
23429	0.100804	1457
23429	0.103118	2033
23429	0.099938	1398
23429	0.101284	3315
23429	0.100789	1460
134492	0.097319	3476
134492	0.095727	6427
134492	0.096439	53938
134492	0.107923	653505
134492	0.173283	26277
134492	0.098707	6603
134492	0.097310	23411
134492	0.165169	25913
134492	0.096211	51042
134492	0.198637	7013
9053	0.107388	59341
9053	0.099997	6733
9053	0.099903	4361
9053	0.164118	25913
9053	0.197586	7013
6623	0.113265	6011
6623	0.101999	2870
6623	0.166878	25913
6623	0.253223	54386
6623	0.200345	7013
4000	0.104310	4361
4000	0.100496	55183
4000	0.104539	3001
4000	0.101431	4926
4000	0.101001	5093
4000	0.099996	5371
4000	0.105508	7329
4000	0.103405	8968
4000	0.103405	8356
4000	0.101421	1398
4000	0.099630	7536
4000	0.100081	9656
4000	0.099551	6829
4000	0.103405	8358
4000	0.104404	6733
4000	0.101033	2353
4000	0.103405	8350
4000	0.103405	8351
4000	0.103405	8352
4000	0.103405	8353
4000	0.103405	8354
4000	0.103405	8355
4000	0.103405	8357
4000	0.108817	55100
4000	0.100154	201294
4000	0.104493	57092
11244	0.096624	8553
11244	0.099943	207
11244	0.096440	1107
11244	0.103161	7157
11244	0.098531	7341
11244	0.096360	2932
11244	0.102738	7329
11244	0.096750	6613
11244	0.096636	6310
11244	0.099519	1457
11244	0.103260	55646
11244	0.097740	7791
11244	0.098267	5050
11244	0.199224	7013
11244	0.103701	6888
11244	0.096713	7431
10087	0.099860	11252
10087	0.096428	5527
7329	0.101888	8361
7329	0.101888	8360
7329	0.101888	8363
7329	0.101888	8362
7329	0.101888	8365
7329	0.101888	8366
7329	0.101888	8368
7329	0.101888	554313
7329	0.101394	8553
7329	0.105194	4208
7329	0.103301	7341
7329	0.102510	7791
7329	0.162567	7014
7329	0.103162	2801
7329	0.105164	4205
7329	0.101888	8367
7329	0.101994	7158
7329	0.101997	5371
7329	0.101211	1107
7329	0.106602	2033
7329	0.102249	983
7329	0.102275	367
7329	0.104076	328
7329	0.102131	23039
7329	0.101290	10055
7329	0.104427	672
7329	0.101520	6613
7329	0.101888	8359
7329	0.101828	1616
7329	0.102668	23411
7329	0.101794	6672
7329	0.101888	121504
7329	0.101847	1488
7329	0.102359	5591
7329	0.101117	9869
7329	0.101886	7704
7329	0.104497	11140
7329	0.102258	7068
7329	0.105812	7086
7329	0.104273	1460
7329	0.107931	7157
7329	0.101406	6310
7329	0.103309	3190
7329	0.103035	2353
7329	0.101261	4609
4168	0.099049	4830
8841	0.095456	8361
8841	0.095456	8360
8841	0.095456	8363
8841	0.095456	8362
8841	0.095456	8365
8841	0.095456	8367
8841	0.095456	8366
8841	0.095456	8368
8841	0.097402	6602
8841	0.101499	7157
8841	0.102123	2130
8841	0.100749	5230
8841	0.095456	8359
8841	0.095456	554313
8841	0.095456	121504
8841	0.095927	5591
8841	0.094779	1107
8841	0.097857	1457
328	0.105592	23217
328	0.098331	8624
328	0.103169	2033
328	0.104498	7157
328	0.098512	6732
328	0.102973	6733
328	0.099235	23411
328	0.098391	3003
328	0.253439	54386
328	0.103107	3001
328	0.159134	7014
328	0.099877	3190
328	0.200562	7013
328	0.098225	7295
203	0.187990	26277
203	0.266221	54386
203	0.213344	7013
2870	0.102853	11098
207	0.099428	5527
207	0.099127	3320
207	0.098698	5500
207	0.103807	2033
207	0.098688	7431
207	0.099229	7534
207	0.099229	7530
207	0.108253	677
207	0.098334	2932
207	0.101631	672
207	0.098322	9869
207	0.254076	54386
207	0.101974	3315
207	0.099564	5591
207	0.099988	39
207	0.098348	1026
207	0.101494	1457
207	0.099547	25830
207	0.099873	23411
207	0.100617	6233
3620	0.145601	84988
3620	0.265860	54386
79991	0.199447	80169
79991	0.171712	1200
79991	0.171503	26119
79991	0.131708	9961
79991	0.283384	54386
79991	0.189079	7014
79991	0.230507	7013
79991	0.197039	25913
7068	0.102680	7157
201294	0.099952	308
124808	0.173905	26277
124808	0.103820	2130
56267	0.108332	5239
56267	0.107505	5877
56267	0.119175	5236
64897	0.213510	7013
8479	0.095547	8361
8479	0.095547	8360
8479	0.095547	8363
8479	0.095547	8362
8479	0.095547	8365
8479	0.095547	8367
8479	0.095547	8366
8479	0.095547	8368
8479	0.096072	6418
8479	0.095789	23039
8479	0.095289	7536
8479	0.095107	10484
8479	0.097932	1460
8479	0.095547	8359
8479	0.095603	6732
8479	0.100064	6733
8479	0.095547	554313
8479	0.095547	121504
8479	0.097947	1457
27350	0.103417	6733
64577	0.109049	10072
3713	0.189806	25913
8624	0.097828	8996
8624	0.098682	672
8624	0.097265	5214
8624	0.097133	5049
8624	0.095703	10484
79633	0.102436	80351
79633	0.098372	6310
4478	0.097213	9601
4478	0.199257	7013
4478	0.102443	5230
4478	0.096521	5232
4478	0.100764	7430
4478	0.102497	2937
4478	0.099970	5757
4478	0.098141	5049
4478	0.099248	5048
4478	0.100032	3315
4478	0.101074	7086
4478	0.097157	471
11054	0.100137	57698
11054	0.100846	10131
11054	0.102957	11140
11054	0.100706	10916
11054	0.255331	54386
11054	0.100881	7874
11054	0.202454	7013
11054	0.103362	8270
5500	0.130598	84988
5500	0.095271	11091
5500	0.098412	672
5500	0.095380	8553
5500	0.096208	5527
5500	0.103142	4598
5500	0.098258	1460
11112	0.100484	6647
11112	0.101277	672
11112	0.107844	219
11112	0.100374	8566
11112	0.106975	4190
8659	0.098303	1073
8659	0.103045	7086
8659	0.103357	1072
8659	0.102841	3945
8659	0.098466	6648
8659	0.100159	11034
8659	0.099403	2805
26277	0.198747	388536
26277	0.174032	60
26277	0.191225	203569
26277	0.174491	3326
26277	0.172451	6876
26277	0.233699	7014
26277	0.197694	29094
26277	0.275126	7013
26277	0.198993	9715
26277	0.191780	1427
26277	0.175002	7156
26277	0.192040	5514
26277	0.172177	203068
26277	0.179766	10072
26277	0.184375	7433
26277	0.180788	10953
26277	0.173053	7532
26277	0.176437	308
26277	0.182179	677
26277	0.182563	23746
26277	0.182224	79648
26277	0.173862	1152
26277	0.328004	54386
26277	0.172191	1641
26277	0.203668	200316
26277	0.181456	3176
26277	0.183886	5236
26277	0.174993	6301
26277	0.179373	8895
26277	0.174704	8996
26277	0.174142	5214
26277	0.198995	26716
26277	0.241658	25913
26277	0.176307	27232
26277	0.177697	800
26277	0.174643	1975
26277	0.194067	51411
55183	0.096106	9869
55183	0.098026	5050
55183	0.096199	1107
55183	0.098823	6602
55183	0.165516	25913
55183	0.251860	54386
55183	0.099758	3315
55183	0.096472	7431
8718	0.097352	8996
8718	0.096436	5594
1460	0.098051	11091
1460	0.099665	60
1460	0.104696	7157
1460	0.101110	51131
1460	0.103367	2033
1460	0.098768	369
1460	0.099086	997
1460	0.098317	6829
1460	0.097894	2932
1460	0.101192	672
1460	0.098284	6613
1460	0.098159	8553
1460	0.101054	1457
1460	0.167292	25913
1460	0.099433	23411
51110	0.101742	5238
51110	0.103995	6647
5064	0.164095	25913
997	0.100267	54469
997	0.099102	1457
997	0.098225	6233
57455	0.097747	5049
9275	0.102660	57492
9275	0.102435	6602
9275	0.102665	6603
9275	0.102709	6604
9275	0.255473	54386
9275	0.202596	7013
5149	0.105071	23406
10055	0.102335	2130
10055	0.095575	6672
10055	0.095041	4609
10055	0.097436	10785
10055	0.097082	7341
369	0.096618	256281
369	0.096519	7530
369	0.096519	7534
369	0.096934	7531
197131	0.099903	51042
197131	0.099465	2932
55740	0.104586	5594
55740	0.106743	6708
55740	0.110729	51466
55740	0.104439	7791
55740	0.258802	54386
5757	0.099087	8361
5757	0.099087	8360
5757	0.099087	8363
5757	0.099087	8362
5757	0.099087	8365
5757	0.099087	8367
5757	0.099087	8366
5757	0.099087	8368
5757	0.159766	7014
5757	0.201194	7013
5757	0.100125	11034
5757	0.099612	6418
5757	0.098269	9817
5757	0.103801	2033
5757	0.099448	983
5757	0.254071	54386
5757	0.099638	7531
5757	0.099150	9601
5757	0.099087	8359
5757	0.099087	554313
5757	0.099087	121504
5757	0.098283	6427
5757	0.098320	6774
5757	0.099094	471
367	0.097016	983
367	0.097667	60
367	0.098601	6602
367	0.098068	7341
367	0.102698	7157
367	0.101369	2033
367	0.098189	1398
367	0.098127	3326
367	0.099194	672
367	0.096689	3320
367	0.096653	7704
367	0.100964	1021
367	0.096594	1616
367	0.097435	23411
367	0.097189	7874
121504	0.095666	11091
121504	0.096629	983
121504	0.096890	7791
121504	0.096374	7158
121504	0.099786	8968
121504	0.100982	2033
121504	0.096510	23039
121504	0.096010	7536
121504	0.095828	10484
121504	0.096500	5062
121504	0.099786	8358
121504	0.251252	54386
121504	0.099786	8350
121504	0.099786	8351
121504	0.099786	8352
121504	0.099786	8353
121504	0.099786	8354
121504	0.099786	8355
121504	0.099786	8356
121504	0.099786	8357
121504	0.097036	5594
121504	0.096208	1616
121504	0.097365	27236
81888	0.101066	3313
81888	0.101003	56159
81888	0.101907	8566
5591	0.101162	4361
5591	0.096933	9656
5591	0.097839	5052
5591	0.100257	8353
5591	0.102782	7157
5591	0.097098	10916
5591	0.100257	8968
5591	0.095980	2932
5591	0.099278	672
5591	0.100257	8358
5591	0.096111	4609
5591	0.100257	8350
5591	0.100257	8351
5591	0.100257	8352
5591	0.096941	3312
5591	0.100257	8354
5591	0.100257	8355
5591	0.100257	8356
5591	0.100257	8357
5591	0.095971	6774
5591	0.098425	472
5591	0.099140	1457
3320	0.097773	3326
3320	0.113816	391634
3320	0.096616	79657
3320	0.096459	3329
3320	0.102345	7157
3320	0.095483	9817
3320	0.096661	10916
3320	0.095966	6829
3320	0.095544	2932
3320	0.104070	10953
3320	0.096504	3312
3320	0.099183	3315
3320	0.098911	11140
3320	0.098702	1457
3320	0.098400	5048
55100	0.109716	6733
5594	0.097036	8361
5594	0.097036	8360
5594	0.097036	8363
5594	0.097036	8365
5594	0.097036	8367
5594	0.097036	8366
5594	0.097036	8368
5594	0.096409	4609
5594	0.099810	8682
5594	0.097036	8362
5594	0.097371	5527
5594	0.103080	7157
5594	0.101750	2033
5594	0.096278	2932
5594	0.100618	80351
5594	0.097036	554313
5594	0.097036	8359
5594	0.096740	10980
5594	0.096320	7421
5596	0.134733	1398
79873	0.251426	54386
79873	0.098534	10606
79873	0.099729	27232
6310	0.099304	8357
6310	0.096320	7874
6310	0.095531	6601
6310	0.097199	7341
6310	0.096408	7791
6310	0.100021	1072
6310	0.099304	8968
6310	0.097321	1398
6310	0.095922	7534
6310	0.095529	7536
6310	0.096337	7531
6310	0.095922	7530
6310	0.103487	115426
6310	0.099304	8358
6310	0.099304	8350
6310	0.099304	8351
6310	0.099304	8352
6310	0.099304	8353
6310	0.099304	8354
6310	0.099304	8355
6310	0.099304	8356
6310	0.095894	5371
6310	0.100095	1021
6310	0.095682	6311
6311	0.095844	26128
25816	0.108920	10072
25816	0.111557	374354
25816	0.102968	3313
25816	0.102724	7531
18	0.098973	11034
18	0.102171	1072
18	0.108801	5236
18	0.097280	6648
18	0.099572	8566
18	0.097117	1073
221264	0.130724	8682
339448	0.104762	10980
339448	0.109576	6733
339448	0.260042	54386
50810	0.275248	54386
3948	0.100584	4831
3948	0.100380	6647
3948	0.103259	7167
3948	0.101173	672
3948	0.103152	6733
3948	0.106871	4190
3948	0.105218	6888
203569	0.216580	7013
203569	0.183112	25913
3945	0.110853	5236
3945	0.101136	5050
3945	0.202093	7013
3945	0.101024	11034
3945	0.106654	2130
3945	0.104610	7167
3945	0.101733	6647
3945	0.104222	1072
3945	0.099168	1073
3945	0.100124	7534
3945	0.100124	7530
3945	0.100021	7532
3945	0.100219	5062
3945	0.108224	4190
3945	0.100829	1152
3945	0.100977	5049
3945	0.100782	3313
3945	0.109093	219
3945	0.106570	6888
3945	0.103910	7086
3945	0.101937	4831
3945	0.105279	5230
3945	0.168626	25913
6708	0.106104	51466
9656	0.105665	79648
9656	0.100885	4361
9656	0.102483	4683
9656	0.100979	6733
9656	0.096567	7158
9656	0.098147	472
9656	0.096207	6601
9656	0.098408	6602
9656	0.098862	1457
9656	0.099000	672
9656	0.098637	6603
9656	0.097986	6233
6876	0.097648	4831
6876	0.096750	226
6876	0.095441	7536
6876	0.095855	29934
6876	0.164337	25913
9715	0.190880	25913
5098	0.205973	113655
3476	0.098170	5093
3476	0.103722	2130
3476	0.100979	7086
3476	0.097213	29934
3476	0.096812	2739
3476	0.096688	6613
3476	0.096964	53938
3476	0.100643	26015
3476	0.101770	2033
3476	0.096649	3958
3476	0.099937	3315
3476	0.096962	6672
3476	0.096247	6636
5093	0.098855	7280
5093	0.101554	10327
5093	0.097744	983
5093	0.097900	23406
5093	0.098504	5214
5093	0.104049	2130
5093	0.099128	6647
5093	0.101617	1072
5093	0.097291	53938
5093	0.099474	10606
5093	0.098419	11034
5093	0.101900	6733
5093	0.103966	6888
5093	0.098278	39
5093	0.101305	7086
5093	0.098575	52
5093	0.098804	3190
23616	0.155612	147945
23616	0.175981	25913
23616	0.209449	7013
8968	0.099786	8361
8968	0.099786	8360
8968	0.099786	8363
8968	0.099786	8362
8968	0.099786	8365
8968	0.099184	11091
8968	0.099786	8367
8968	0.099786	8366
8968	0.099786	8368
8968	0.099943	3329
8968	0.100311	6418
8968	0.099891	7158
8968	0.104500	2033
8968	0.099922	7534
8968	0.099922	7530
8968	0.107487	115426
8968	0.099015	9869
8968	0.099786	8359
8968	0.100566	23411
8968	0.099786	554313
7430	0.155176	83874
7430	0.101517	8566
7430	0.103803	7086
7431	0.095569	2923
7431	0.096485	7791
7431	0.095633	7295
7431	0.096802	60491
7431	0.095105	2932
7431	0.095092	9869
7431	0.095369	8553
7431	0.098744	3315
7431	0.095495	6613
7431	0.095117	1026
7431	0.101490	7276
7431	0.095566	10980
7431	0.095186	1107
80351	0.115754	3212
80351	0.099185	9859
80351	0.201956	7013
80351	0.101394	4926
7536	0.096010	8361
7536	0.096010	8360
7536	0.096010	8363
7536	0.096010	8362
7536	0.096010	8365
7536	0.096010	8367
7536	0.096010	8366
7536	0.096010	8368
7536	0.102677	2130
7536	0.101303	5230
7536	0.096119	5371
7536	0.096253	23039
7536	0.095674	6829
7536	0.096010	8359
7536	0.096010	554313
7536	0.099934	7086
7536	0.097633	1975
7536	0.097432	3190
7531	0.098292	7280
7531	0.102111	5230
7531	0.096956	7534
7531	0.096956	7530
7531	0.096881	9601
7531	0.097051	5062
7531	0.102165	2937
7531	0.097809	5049
7531	0.099700	3315
7531	0.097714	39
7531	0.102862	7157
7531	0.096825	471
7531	0.165458	25913
7531	0.096853	7532
7530	0.099922	8350
7530	0.099710	4208
7530	0.101697	5230
7530	0.099922	8354
7530	0.095961	5566
7530	0.101119	2033
7530	0.099922	8357
7530	0.096438	7532
7530	0.096637	5062
7530	0.099922	8358
7530	0.099922	8351
7530	0.099922	8352
7530	0.099922	8353
7530	0.099285	3315
7530	0.099922	8355
7530	0.099922	8356
7530	0.095595	6636
7530	0.098027	1975
7530	0.097929	6233
7532	0.198408	7013
7532	0.096533	5062
7532	0.102345	7157
7532	0.101648	2937
7532	0.098248	6602
7532	0.164940	25913
7532	0.097292	5049
7532	0.098399	5048
7532	0.096438	7534
7532	0.097143	1152
7532	0.097826	6233
2937	0.102965	1025
2937	0.101676	9601
2937	0.105180	54469
2937	0.102604	5049
2937	0.108882	4598
2937	0.203720	7013
2932	0.101553	7157
2932	0.095065	5566
2932	0.094832	1107
2932	0.094882	4609
2932	0.108787	57179
23411	0.097156	5371
23411	0.100353	4208
23411	0.099223	6603
23411	0.097669	7791
23411	0.096836	57698
23411	0.097573	6418
23411	0.103714	2130
23411	0.103091	7157
23411	0.097409	983
23411	0.100566	8358
23411	0.096419	4609
23411	0.100566	8350
23411	0.100566	8351
23411	0.100566	8352
23411	0.100566	8353
23411	0.100566	8354
23411	0.100566	8355
23411	0.100566	8356
23411	0.100566	8357
23411	0.101356	1021
23411	0.103069	4683
23411	0.096370	1107
23411	0.099448	1457
23411	0.098193	2353
4190	0.259488	54386
4190	0.104571	5019
4190	0.103848	6648
4190	0.106140	8566
4190	0.115370	5236
4190	0.118121	51097
4190	0.105351	6697
4190	0.206611	7013
4190	0.104785	2805
6672	0.251158	54386
6672	0.096282	5371
6672	0.198280	7013
6672	0.095806	6613
6672	0.097587	7341
6672	0.097211	11034
6672	0.095734	10484
6672	0.156853	7014
7534	0.099922	8350
7534	0.099710	4208
7534	0.101697	5230
7534	0.099922	8354
7534	0.095961	5566
7534	0.101119	2033
7534	0.099922	8357
7534	0.096637	5062
7534	0.099922	8358
7534	0.099922	8351
7534	0.099922	8352
7534	0.099922	8353
7534	0.099285	3315
7534	0.099922	8355
7534	0.099922	8356
7534	0.095595	6636
7534	0.098027	1975
7534	0.097929	6233
3313	0.100986	7086
3313	0.103106	7157
3313	0.099944	3315
3313	0.103416	8895
3313	0.098808	6647
3313	0.101298	1072
3313	0.097220	3329
3313	0.097265	3312
3312	0.096175	2923
3312	0.097941	3326
3312	0.096626	3329
3312	0.095627	203068
3312	0.103216	10072
3312	0.106013	23746
3312	0.099008	672
3312	0.099351	3315
3312	0.097481	60
3312	0.098156	472
3315	0.101123	6301
3315	0.099215	5019
3315	0.099463	79657
3315	0.098905	2739
3315	0.101095	6602
3315	0.099770	7791
3315	0.105192	7157
3315	0.100280	90416
3315	0.101241	10606
3315	0.100683	1398
3315	0.098813	6829
3315	0.100621	3326
3315	0.098581	23582
3315	0.098340	6636
3315	0.103072	7086
3315	0.100771	1975
3315	0.099088	1616
3315	0.099155	471
3315	0.105674	1410
3315	0.099510	983
10223	0.178884	25913
1641	0.197545	7013
1641	0.164077	25913
1641	0.096713	2801
1641	0.102600	9925
6774	0.096602	6904
6774	0.095439	1616
6774	0.095858	10916
6774	0.096598	27236
6774	0.100214	2033
6774	0.095270	7295
6774	0.096439	60491
6774	0.095006	8553
6774	0.096490	5049
6774	0.094754	1026
64858	0.180518	7014
64858	0.221946	7013
10980	0.095225	1026
10980	0.096504	7874
10980	0.100685	2033
10980	0.097119	5050
8817	0.164692	55646
9961	0.105619	7157
9961	0.100006	9815
9961	0.101047	3326
9961	0.168214	25913
9961	0.100849	2801
92749	0.105929	4361
11091	0.095666	8361
11091	0.095666	8360
11091	0.095666	8363
11091	0.095666	8362
11091	0.095666	8365
11091	0.095666	8367
11091	0.095666	8366
11091	0.095666	8368
11091	0.096678	60
11091	0.095771	7158
11091	0.101709	7157
11091	0.100183	6733
11091	0.100380	2033
11091	0.250650	54386
11091	0.099184	8358
11091	0.095666	8359
11091	0.095412	9219
11091	0.095666	554313
11091	0.099184	8350
11091	0.099184	8351
11091	0.099184	8352
11091	0.099184	8353
11091	0.099184	8354
11091	0.099184	8355
11091	0.099184	8356
11091	0.099184	8357
11091	0.098067	1457
391634	0.121550	10953
51042	0.100465	6733
5371	0.096738	983
5371	0.096910	7874
5371	0.097790	7341
5371	0.102419	7157
5371	0.098359	7156
5371	0.251360	54386
5371	0.096008	6613
5371	0.096316	1616
5371	0.096374	7704
5371	0.100685	1021
5371	0.098777	1457
60	0.098317	11034
60	0.097385	7158
60	0.101515	1072
60	0.096461	1073
60	0.101994	2033
60	0.097067	55093
60	0.101797	6733
60	0.096652	4609
60	0.096534	1026
60	0.102907	7276
60	0.165918	25913
25780	0.110538	5566
3001	0.101445	6418
3001	0.102341	3190
3001	0.102193	2801
3003	0.097477	2801
3003	0.096729	6418
3003	0.097625	3190
7791	0.096890	8361
7791	0.096890	8360
7791	0.096890	8363
7791	0.096890	8362
7791	0.096890	8365
7791	0.096890	8367
7791	0.096890	8366
7791	0.096890	8368
7791	0.096890	554313
7791	0.096890	8359
7791	0.104658	10953
2801	0.097135	3958
2801	0.097481	1616
2801	0.102255	2033
2801	0.097539	7704
2801	0.097328	55093
2801	0.103169	7276
2801	0.096738	6427
2801	0.102446	339231
2801	0.098618	5300
548593	0.123281	84464
2805	0.098294	6647
2805	0.096457	53938
2805	0.098498	4831
2805	0.096787	4830
2805	0.101172	7167
2805	0.097741	52
2805	0.098883	22949
2805	0.103132	6888
2805	0.098178	28970
1427	0.121553	1410
1427	0.183667	25913
1427	0.270012	54386
7158	0.096374	8361
7158	0.096374	8360
7158	0.096374	8363
7158	0.096374	8362
7158	0.096374	8365
7158	0.096374	8367
7158	0.096374	8366
7158	0.096374	8368
7158	0.097786	7341
7158	0.157052	7014
7158	0.098059	472
7158	0.102416	7157
7158	0.096735	983
7158	0.105577	79648
7158	0.098912	672
7158	0.099891	8358
7158	0.096374	8359
7158	0.096374	554313
7158	0.099891	8350
7158	0.099891	8351
7158	0.099891	8352
7158	0.099891	8353
7158	0.099891	8354
7158	0.099891	8355
7158	0.099891	8356
7158	0.099891	8357
7157	0.102672	983
7157	0.103724	7341
7157	0.104257	6602
7157	0.103460	5050
7157	0.103997	472
7157	0.102250	1616
7157	0.107025	2033
7157	0.103662	1025
7157	0.103846	1398
7157	0.104850	672
7157	0.110012	115426
7157	0.101943	6613
7157	0.101817	8553
7157	0.102367	6732
7157	0.109169	10777
7157	0.104712	1457
7157	0.101566	1026
7157	0.103388	5300
7157	0.102468	29934
7157	0.103996	8996
7157	0.101634	1107
7157	0.102057	9219
7157	0.101594	7421
7157	0.102845	7874
7157	0.102646	5527
7157	0.103835	6233
7156	0.158929	7014
10916	0.097125	10131
10916	0.098098	3326
10916	0.097160	7874
10916	0.099641	8270
51131	0.107929	79648
29934	0.100597	10327
29934	0.096333	53938
29934	0.098476	132789
29934	0.098374	4831
29934	0.097501	5300
7295	0.097138	5052
7295	0.102705	2130
7295	0.097783	6647
7295	0.096044	471
7295	0.095632	3958
7295	0.100555	6733
7295	0.095293	1026
7295	0.102224	1979
9502	0.258730	54386
9502	0.172385	25913
7704	0.097679	7341
7704	0.095520	1026
7704	0.097414	5050
7704	0.100979	2033
7704	0.102407	55646
7704	0.198372	7013
79648	0.107158	472
79648	0.111493	4683
79648	0.260456	54386
79648	0.174111	25913
79648	0.166151	7014
79648	0.124492	5514
39	0.098011	6697
39	0.101888	223
39	0.199270	7013
116143	0.105315	79657
116143	0.105611	54974
116143	0.106767	10785
116143	0.259984	54386
116143	0.129559	100131017
9869	0.096645	5050
9869	0.095129	6613
9869	0.095003	8553
9869	0.099015	8350
9869	0.099015	8351
9869	0.099015	8352
9869	0.099015	8353
9869	0.099015	8354
9869	0.099015	8355
9869	0.099015	8356
9869	0.099015	8357
9869	0.099015	8358
9869	0.094752	1026
9869	0.101125	7276
9869	0.100121	7167
9869	0.100151	25934
4683	0.103975	472
4683	0.204396	7013
4683	0.102150	2956
4683	0.257273	54386
4683	0.121310	5514
4683	0.104828	672
4683	0.162968	7014
4683	0.107004	2033
4683	0.106713	4361
11140	0.099411	7874
11140	0.103186	1021
11140	0.105544	2130
11140	0.102584	1428
11140	0.100349	3326
4831	0.102389	10327
4831	0.200324	7013
4831	0.099254	11034
4831	0.098648	9815
4831	0.099963	6647
4831	0.102453	1072
4831	0.097398	1073
4831	0.104801	6888
4831	0.102140	7086
4831	0.099295	5300
4831	0.098456	4830
4831	0.099322	55008
4830	0.096573	5019
4830	0.098252	6647
4830	0.100741	1072
4830	0.098452	6602
4830	0.097445	60491
4830	0.096294	55093
4830	0.198613	7013
5214	0.098487	27236
5214	0.199496	7013
5214	0.166028	25913
1107	0.095336	6601
1107	0.097003	7341
1107	0.097683	10606
1107	0.095222	6613
1107	0.095097	8553
1107	0.095337	9219
1107	0.102174	6888
1107	0.101218	7276
1457	0.099030	983
1457	0.100766	5048
1457	0.099194	6418
1457	0.103383	2033
1457	0.099815	155435
1457	0.098333	6829
1457	0.100140	3326
1457	0.098174	8553
1457	0.098041	4609
1457	0.098529	2956
1457	0.097864	6427
1457	0.098414	6601
1457	0.100291	1975
1457	0.098608	1616
1457	0.103345	800
57179	0.178183	25913
90416	0.166038	25913
26128	0.096105	1800
26128	0.096888	60491
26128	0.097715	10785
26128	0.198055	7013
8361	0.096629	983
8361	0.100982	2033
8361	0.096510	23039
8361	0.095828	10484
8361	0.096500	5062
8361	0.099786	8358
8361	0.251252	54386
8361	0.099786	8350
8361	0.099786	8351
8361	0.099786	8352
8361	0.099786	8353
8361	0.099786	8354
8361	0.099786	8355
8361	0.099786	8356
8361	0.099786	8357
8361	0.096208	1616
8361	0.097365	27236
8360	0.096629	983
8360	0.100982	2033
8360	0.096510	23039
8360	0.095828	10484
8360	0.096500	5062
8360	0.099786	8358
8360	0.251252	54386
8360	0.099786	8350
8360	0.099786	8351
8360	0.099786	8352
8360	0.099786	8353
8360	0.099786	8354
8360	0.099786	8355
8360	0.099786	8356
8360	0.099786	8357
8360	0.096208	1616
8360	0.097365	27236
8363	0.096629	983
8363	0.100982	2033
8363	0.096510	23039
8363	0.095828	10484
8363	0.096500	5062
8363	0.099786	8358
8363	0.251252	54386
8363	0.099786	8350
8363	0.099786	8351
8363	0.099786	8352
8363	0.099786	8353
8363	0.099786	8354
8363	0.099786	8355
8363	0.099786	8356
8363	0.099786	8357
8363	0.096208	1616
8363	0.097365	27236
8362	0.096629	983
8362	0.100982	2033
8362	0.096510	23039
8362	0.095828	10484
8362	0.096500	5062
8362	0.099786	8358
8362	0.251252	54386
8362	0.099786	8350
8362	0.099786	8351
8362	0.099786	8352
8362	0.099786	8353
8362	0.099786	8354
8362	0.099786	8355
8362	0.099786	8356
8362	0.099786	8357
8362	0.096208	1616
8362	0.097365	27236
8365	0.096629	983
8365	0.100982	2033
8365	0.096510	23039
8365	0.095828	10484
8365	0.096500	5062
8365	0.099786	8358
8365	0.251252	54386
8365	0.099786	8350
8365	0.099786	8351
8365	0.099786	8352
8365	0.099786	8353
8365	0.099786	8354
8365	0.099786	8355
8365	0.099786	8356
8365	0.099786	8357
8365	0.096208	1616
8365	0.097365	27236
79413	0.168242	25913
8367	0.096629	983
8367	0.100982	2033
8367	0.096510	23039
8367	0.095828	10484
8367	0.096500	5062
8367	0.099786	8358
8367	0.251252	54386
8367	0.099786	8350
8367	0.099786	8351
8367	0.099786	8352
8367	0.099786	8353
8367	0.099786	8354
8367	0.099786	8355
8367	0.099786	8356
8367	0.099786	8357
8367	0.096208	1616
8367	0.097365	27236
8366	0.096629	983
8366	0.100982	2033
8366	0.096510	23039
8366	0.095828	10484
8366	0.096500	5062
8366	0.099786	8358
8366	0.251252	54386
8366	0.099786	8350
8366	0.099786	8351
8366	0.099786	8352
8366	0.099786	8353
8366	0.099786	8354
8366	0.099786	8355
8366	0.099786	8356
8366	0.099786	8357
8366	0.096208	1616
8366	0.097365	27236
8368	0.096629	983
8368	0.100982	2033
8368	0.096510	23039
8368	0.095828	10484
8368	0.096500	5062
8368	0.099786	8358
8368	0.251252	54386
8368	0.099786	8350
8368	0.099786	8351
8368	0.099786	8352
8368	0.099786	8353
8368	0.099786	8354
8368	0.099786	8355
8368	0.099786	8356
8368	0.099786	8357
8368	0.096208	1616
8368	0.097365	27236
2739	0.095516	5238
2739	0.102691	2130
2739	0.099947	7086
2739	0.096030	471
2739	0.097075	226
8566	0.099650	6647
8566	0.102527	7167
8566	0.097100	5877
57092	0.255858	54386
57092	0.108575	115426
51411	0.185953	25913
51411	0.219421	7013
8403	0.273809	203245
5050	0.098407	5049
5050	0.252400	54386
5050	0.099514	5048
5050	0.097048	6613
5050	0.098889	7280
5050	0.199523	7013
5052	0.099314	6602
5052	0.199474	7013
5052	0.099113	6647
5052	0.101603	1072
5052	0.098503	128989
5052	0.096740	4609
5052	0.097228	2956
5052	0.101291	7086
5052	0.098215	6697
119710	0.095902	6601
6418	0.157472	7014
6418	0.198899	7013
6418	0.098885	10606
6418	0.251777	54386
6418	0.096457	6829
6418	0.096193	23075
6418	0.100311	8358
6418	0.100311	8350
6418	0.100311	8351
6418	0.100311	8352
6418	0.100311	8353
6418	0.100311	8354
6418	0.100311	8355
6418	0.100311	8356
6418	0.100311	8357
874	0.094925	5877
874	0.102396	2130
9817	0.102195	10072
9817	0.096920	3326
9817	0.197555	7013
54974	0.198985	7013
221294	0.108879	60491
203068	0.098842	308
203068	0.096897	7280
203068	0.096896	3326
2033	0.100982	554313
2033	0.104288	4208
2033	0.161661	7014
2033	0.107649	2130
2033	0.101343	983
2033	0.104500	8357
2033	0.101214	5062
2033	0.103521	672
2033	0.100613	6613
2033	0.100982	8359
2033	0.104500	8350
2033	0.104500	8351
2033	0.104500	8352
2033	0.104500	8353
2033	0.104500	8354
2033	0.104500	8355
2033	0.104500	8356
2033	0.104500	8358
2033	0.100354	4609
2033	0.102506	6233
2033	0.100265	7421
2033	0.102128	2353
374354	0.112397	10072
4598	0.110203	2130
4598	0.172175	25913
4598	0.205643	7013
10484	0.096071	23039
10484	0.095460	6613
10484	0.095828	8359
10484	0.095828	554313
10484	0.097450	1975
10484	0.097917	1809
5877	0.250447	54386
57492	0.098184	6601
57492	0.100384	6602
57492	0.100613	6603
57492	0.100658	6604
203245	0.267980	54386
203245	0.173675	7014
203245	0.112429	23582
6732	0.095520	6427
6732	0.100842	6733
6732	0.095607	7421
6732	0.097470	2353
6733	0.105266	84811
6733	0.100121	9859
6733	0.101800	54869
6733	0.099982	6427
6733	0.101836	226
6733	0.105787	435
6733	0.102408	1975
6733	0.100550	388228
6733	0.102207	3190
23075	0.095138	132320
23075	0.095332	6829
23075	0.099434	11252
23075	0.097760	10606
23075	0.096002	5527
23075	0.102829	9925
6636	0.097556	5048
6636	0.098473	8270
9293	0.178884	25913
10634	0.178884	25913
1975	0.102126	1072
1975	0.199997	7013
1975	0.166529	25913
1975	0.098133	23039
1975	0.098902	10212
11252	0.255018	54386
11252	0.111943	59341
11252	0.100368	5527
11252	0.168673	25913
11252	0.101529	29993
11252	0.100191	3329
11252	0.202140	7013
1616	0.096741	7874
1616	0.097620	7341
1616	0.095839	6613
1616	0.096208	8359
1616	0.096208	554313
1616	0.097893	472
51097	0.120751	5236
83451	0.146985	5236
800	0.100501	5566
800	0.169583	25913
800	0.203051	7013
216	0.167263	25913
132320	0.094934	6427
132320	0.095970	5062
132320	0.102091	8895
132320	0.095074	9859
983	0.096629	8359
983	0.096629	554313
554313	0.096510	23039
554313	0.096500	5062
554313	0.099786	8358
554313	0.251252	54386
554313	0.099786	8350
554313	0.099786	8351
554313	0.099786	8352
554313	0.099786	8353
554313	0.099786	8354
554313	0.099786	8355
554313	0.099786	8356
554313	0.099786	8357
554313	0.097365	27236
219	0.116239	5236
219	0.104718	6648
3326	0.098054	79657
3326	0.097896	3329
3326	0.199846	7013
3326	0.166378	25913
10212	0.252263	54386
10212	0.157958	7014
10212	0.199386	7013
3329	0.096491	5019
3329	0.096131	2923
3329	0.099943	8352
3329	0.099943	8353
3329	0.097475	226
3329	0.097560	128989
3329	0.098963	672
3329	0.099943	8358
3329	0.099943	8350
3329	0.099943	8351
3329	0.099943	8354
3329	0.099943	8355
3329	0.099943	8356
3329	0.099943	8357
55915	0.112316	1025
55915	0.171644	7014
55915	0.265949	54386
6648	0.097357	6647
6648	0.099535	7086
6648	0.100236	7167
6648	0.096663	226
6647	0.102185	10327
6647	0.098080	5019
6647	0.098512	10131
6647	0.098037	5239
6647	0.099050	11034
6647	0.104680	2130
6647	0.102248	1072
6647	0.097195	1073
6647	0.108879	5236
6647	0.097921	53938
6647	0.099149	128989
6647	0.097607	3958
6647	0.097911	2954
6647	0.100065	132789
6647	0.101936	7086
6647	0.099090	5300
6647	0.098860	6697
6647	0.099642	28970
1072	0.104675	10327
1072	0.103855	5337
1072	0.100059	5566
1072	0.101020	23406
1072	0.099684	1073
1072	0.202609	7013
1072	0.101638	128989
1072	0.101001	10131
1072	0.116612	8226
1072	0.101554	226
1072	0.102838	22949
1072	0.104426	7086
1072	0.101580	5300
1072	0.169142	25913
1073	0.096486	11034
1073	0.164087	25913
79020	0.105709	1428
79020	0.103475	7280
56157	0.549162	83874
10953	0.105182	155435
10953	0.172675	25913
10953	0.206142	7013
56159	0.096255	1026
8226	0.111869	5238
677	0.174066	25913
677	0.106417	5049
677	0.207534	7013
672	0.103230	4361
672	0.099141	5527
672	0.100220	7341
672	0.100493	472
672	0.100158	1025
672	0.098438	6613
672	0.098179	4609
672	0.098667	2956
672	0.103531	223
672	0.098552	6601
672	0.100982	6603
672	0.100331	6233
1152	0.097341	5062
1152	0.165748	25913
1152	0.098160	226
1152	0.199216	7013
283489	0.108882	4361
283489	0.165138	7014
339804	0.178884	25913
29993	0.109672	59341
29993	0.166402	25913
5514	0.119711	4361
5514	0.114844	5566
5514	0.183926	25913
5514	0.270271	54386
5514	0.175967	7014
6011	0.110667	4609
339230	0.159716	7014
435	0.101056	55093
52	0.101384	7086
52	0.097368	53938
52	0.104044	6888
1410	0.169019	1411
1411	0.180829	1414
1412	0.204746	1414
1413	0.266265	1414
1414	0.216709	7013
1414	0.269586	54386
83874	0.306547	54386
83874	0.253669	7013
9601	0.102997	2130
9601	0.097320	5049
9601	0.098428	5048
122622	0.130221	55646
10327	0.202546	7013
10327	0.102775	22949
10327	0.104363	7086
10327	0.105733	5230
10327	0.099810	5232
10327	0.101538	27236
10327	0.102491	132789
10327	0.255424	54386
10327	0.107023	6888
10327	0.102069	28970
5019	0.101627	5230
5019	0.100958	7167
5019	0.096340	471
5019	0.102917	6888
5153	0.167243	25913
7341	0.098215	7874
7341	0.100957	4205
7341	0.104348	2130
7341	0.097589	53938
7341	0.098827	2353
132789	0.100004	8996
132789	0.099948	28970
8682	0.254025	54386
8682	0.102393	5337
8682	0.098377	9859
6904	0.166009	25913
6904	0.099344	6301
6904	0.199476	7013
25913	0.166880	6301
25913	0.168494	26015
25913	0.166441	1398
25913	0.179631	23498
25913	0.173973	9087
25913	0.171260	8895
25913	0.225585	7014
25913	0.267012	7013
25913	0.165253	1632
25913	0.190634	388536
25913	0.175772	5236
25913	0.165260	55313
25913	0.319890	54386
25913	0.173343	3176
25913	0.169530	7167
25913	0.168193	27232
25913	0.166379	7280
25913	0.166591	8996
25913	0.208217	1200
25913	0.235953	80169
25913	0.171652	10072
25913	0.174450	23746
25913	0.171817	51466
25913	0.166995	1809
25913	0.165361	25830
4205	0.099175	6613
11034	0.104051	10072
11034	0.096501	6427
11034	0.101929	7167
11034	0.098152	6697
5566	0.097359	1398
116224	0.275248	54386
53938	0.099764	26015
26015	0.101947	10606
26015	0.254839	54386
26015	0.102870	8270
10606	0.098366	471
10606	0.102283	7086
10606	0.098024	6829
10606	0.100306	6602
10606	0.099299	60491
10606	0.200466	7013
1398	0.097808	471
1398	0.098650	6697
1398	0.098793	5049
1398	0.252786	54386
2072	0.112074	84464
2072	0.108260	55646
5062	0.096206	2923
5062	0.095872	4609
5062	0.096500	8359
5062	0.098598	5048
916	0.132066	54869
6301	0.099339	27236
6301	0.200348	7013
155435	0.104080	2130
128989	0.104150	10072
308	0.099391	2923
308	0.114115	3460
308	0.201792	7013
308	0.254669	54386
308	0.160364	7014
3958	0.096709	6697
23498	0.265977	54386
9087	0.260317	54386
9087	0.112001	2130
9087	0.207440	7013
55093	0.096291	256281
55093	0.099342	27232
8358	0.107487	115426
8358	0.099786	8359
8359	0.096510	23039
8359	0.251252	54386
8359	0.099786	8350
8359	0.099786	8351
8359	0.099786	8352
8359	0.099786	8353
8359	0.099786	8354
8359	0.099786	8355
8359	0.099786	8356
8359	0.099786	8357
8359	0.097365	27236
10785	0.099025	5049
10785	0.158713	7014
10785	0.200140	7013
8350	0.107487	115426
8351	0.107487	115426
8352	0.107487	115426
8353	0.107487	115426
8354	0.107487	115426
8355	0.107487	115426
8356	0.107487	115426
8357	0.107487	115426
6427	0.102130	2130
6427	0.099773	1021
8895	0.204727	7013
8895	0.109040	2730
8895	0.257605	54386
6829	0.198038	7013
6829	0.095793	2956
6829	0.097283	1025
6829	0.097009	5300
6829	0.097353	3190
1428	0.202081	7013
2923	0.097395	3190
5048	0.098372	471
5048	0.099355	5049
23406	0.098133	160418
23406	0.100709	7086
23406	0.251769	54386
6601	0.102680	2130
6601	0.097960	6602
6601	0.250997	54386
6601	0.098189	6603
6601	0.098233	6604
6601	0.100436	4361
6601	0.198120	7013
6602	0.100389	6603
6602	0.100434	6604
7014	0.161369	4361
7014	0.158491	4926
7014	0.259053	7013
7014	0.158633	472
7014	0.163088	55646
7014	0.311930	54386
7014	0.163529	6888
7014	0.166903	84464
7014	0.160234	27232
29094	0.275926	54386
7013	0.202297	7086
7013	0.202997	7167
7013	0.224101	388536
7013	0.209240	5236
7013	0.204516	55646
7013	0.353357	54386
7013	0.199425	226
7013	0.204957	6888
7013	0.206811	3176
7013	0.201661	27232
7013	0.199847	7280
7013	0.200059	8996
7013	0.198689	79657
7013	0.200060	472
7013	0.198610	256281
7013	0.205120	10072
7013	0.205285	51466
7013	0.199918	4926
7013	0.200463	1809
7013	0.205232	10777
5238	0.095783	5239
5238	0.106626	5236
5239	0.102875	6888
5230	0.108546	57016
5230	0.108227	2130
5230	0.102611	226
5230	0.105484	7086
5230	0.106184	7167
5236	0.262117	54386
5236	0.111757	7167
5236	0.113716	6888
5236	0.107139	471
54386	0.257835	6888
54386	0.252936	8996
54386	0.255675	4361
54386	0.261208	84464
54386	0.254539	27232
54386	0.258237	57016
54386	0.251487	256281
54386	0.257997	10072
54386	0.252796	4926
54386	0.252266	54869
54386	0.258109	10777
54386	0.252673	3190
80198	0.105692	84464
60491	0.100494	27232
60491	0.098891	8996
60491	0.097443	256281
29899	0.103742	4926
115426	0.104502	7874
4609	0.096691	226
4609	0.099949	1021
4609	0.096717	5300
4609	0.097164	6233
226	0.097817	10131
226	0.096950	6613
226	0.103902	6888
226	0.101242	7086
2956	0.097814	472
2956	0.100552	4361
6888	0.109518	2130
6888	0.106774	7086
1025	0.099305	472
7874	0.103468	2130
7874	0.097300	10131
7874	0.096433	6613
7874	0.098326	6233
1026	0.096944	3190
1026	0.097047	6233
1021	0.102121	4926
7086	0.104815	7167
7086	0.101820	28970
7086	0.101038	6697
7167	0.107558	2130
7167	0.102521	28970
84464	0.220565	128710
2353	0.097046	6613
6697	0.098192	5300
6697	0.097121	471
4361	0.102377	472
4361	0.100649	1488
1200	0.210625	80169
5527	0.098289	472
2130	0.102566	6613
27236	0.098355	5049
25830	0.097799	5300
6613	0.095906	471
6613	0.097423	6233
