#Id Score P-value
5409 1.0 0.0
56157 0.891465 7.52e-05
1821 0.5393 7.52e-05
145226 0.433802 7.52e-05
8403 0.417894 0.0002907
54386 0.406235 0.0002907
1413 0.399593 0.0002907
149420 0.3812 0.0002907
1361 0.361902 0.0002907
100134934 0.343901 0.0004379
128710 0.324949 0.0005117
8574 0.322134 0.0005117
120224 0.320204 0.0005117
79693 0.309795 0.0005117
5098 0.307047 0.0005117
7013 0.30048 0.0005117
92002 0.292935 0.0005117
154664 0.289492 0.0005117
1412 0.276555 0.0005117
9942 0.276304 0.0005117
26277 0.249772 0.0005117
22879 0.245579 0.0005117
3554 0.243425 0.0005117
80169 0.238361 0.0005868
65057 0.234483 0.0005868
25913 0.233545 0.0005868
10799 0.232556 0.0005868
684 0.231263 0.0005868
1411 0.228721 0.0005868
170591 0.228721 0.0005868
8817 0.220833 0.0005868
7014 0.217625 0.0008074
10654 0.217275 0.0008074
4521 0.211722 0.0008074
83874 0.206859 0.0009511
147945 0.192808 0.0009511
1200 0.18289 0.0010987
26119 0.182472 0.0010987
1366 0.179111 0.001309
64396 0.177445 0.001309
83451 0.175971 0.001309
2571 0.174109 0.001309
10039 0.172986 0.001309
116113 0.17273 0.001309
79763 0.171892 0.001309
5596 0.170128 0.001309
916 0.165834 0.0017514
84988 0.165716 0.0017514
126364 0.163726 0.0017514
79991 0.160533 0.0017514
221264 0.159634 0.0018977
200316 0.157564 0.0018977
376267 0.155608 0.0018977
90507 0.152689 0.0018977
122622 0.15189 0.0018977
653145 0.151526 0.0018977
728113 0.151526 0.0018977
200895 0.148218 0.0021938
161253 0.148218 0.0021938
26716 0.148218 0.0021938
9715 0.148214 0.0021938
388536 0.147722 0.0021938
3713 0.146068 0.0021938
29094 0.145617 0.0021938
27348 0.145575 0.0021938
100131017 0.145386 0.0021938
4951 0.145099 0.0021938
160140 0.144827 0.0021938
7705 0.144261 0.0021938
116224 0.144261 0.0021938
50810 0.144261 0.0021938
64858 0.143411 0.0021938
115861 0.141388 0.0021938
6444 0.141 0.0021938
84632 0.140107 0.0021938
29992 0.139119 0.0026306
64852 0.138822 0.0026306
51411 0.138361 0.0026306
26093 0.138361 0.0026306
64395 0.137928 0.0026306
22977 0.137314 0.0026306
27283 0.136969 0.0026306
9905 0.135757 0.0026306
55276 0.134948 0.0026306
5514 0.134308 0.0026306
57716 0.134065 0.0026306
3897 0.133938 0.0026306
1427 0.133789 0.0026306
4552 0.133761 0.0026306
5121 0.133672 0.0026306
55531 0.133281 0.0026306
6819 0.132971 0.0026306
1414 0.132937 0.0026306
203569 0.132679 0.0026306
246744 0.132673 0.0026306
10551 0.132186 0.0026306
3557 0.131966 0.0026306
391634 0.131295 0.0026306
66002 0.131212 0.0026306
79008 0.130381 0.0026306
548593 0.130381 0.0026306
3081 0.130173 0.0026306
203245 0.129725 0.0033476
6666 0.129231 0.0033476
1812 0.128676 0.0033476
8226 0.128486 0.0033476
3212 0.128076 0.0033476
8867 0.126874 0.0033476
6532 0.126593 0.0033476
126306 0.126539 0.0033476
64897 0.126539 0.0033476
128646 0.126539 0.0033476
6011 0.126321 0.0033476
203 0.126207 0.0033476
4143 0.126174 0.0033476
165904 0.126118 0.0033476
23498 0.125718 0.0033476
25780 0.125695 0.0033476
55915 0.125663 0.0033476
3620 0.125485 0.0033476
10626 0.125427 0.0033476
3460 0.125128 0.0033476
56963 0.12465 0.0033476
54977 0.124236 0.0033476
9293 0.124222 0.0033476
90737 0.124222 0.0033476
10223 0.124222 0.0033476
57834 0.124222 0.0033476
254295 0.124222 0.0033476
10634 0.124222 0.0033476
339804 0.124222 0.0033476
64080 0.124163 0.0033476
441273 0.124092 0.0033476
4501 0.123778 0.0033476
51097 0.123502 0.0033476
2169 0.123337 0.0033476
57179 0.122822 0.0033476
4504 0.122755 0.0033476
54913 0.122223 0.0033476
2869 0.12168 0.0033476
56267 0.12035 0.0033476
59341 0.120085 0.0033476
221294 0.119612 0.0050266
10620 0.119222 0.0050266
5995 0.11906 0.0050266
23061 0.119057 0.0050266
653505 0.119051 0.0050266
7433 0.118979 0.0050266
23616 0.118417 0.0050266
9401 0.118307 0.0050266
7357 0.118156 0.0050266
5236 0.117999 0.0050266
4651 0.11753 0.0050266
201255 0.116732 0.0050266
55092 0.116683 0.0050266
134 0.116309 0.0050266
84464 0.116181 0.0050266
23746 0.115355 0.0050266
374354 0.115035 0.0050266
79648 0.114676 0.0050266
2593 0.114593 0.0050266
677 0.114587 0.0050266
219 0.11448 0.0050266
5826 0.11447 0.0050266
9087 0.1144 0.0050266
6273 0.114279 0.0050266
90203 0.11419 0.0050266
55100 0.114129 0.0050266
141 0.114004 0.0050266
359948 0.113909 0.0050266
9623 0.113904 0.0050266
339448 0.113849 0.0050266
116143 0.113732 0.0050266
810 0.11345 0.0050266
3176 0.113141 0.0050266
5149 0.11284 0.0050266
23437 0.112778 0.0050266
4190 0.112741 0.0050266
3029 0.112673 0.0050266
283489 0.112651 0.0050266
10953 0.111804 0.0050266
1798 0.111679 0.0050266
115426 0.11167 0.0050266
51155 0.111493 0.0050266
55740 0.111368 0.0050266
84867 0.111351 0.0050266
9502 0.111225 0.0050266
55224 0.111094 0.0050266
4598 0.110805 0.0050266
10741 0.110738 0.0050266
9925 0.110589 0.0050266
23217 0.11054 0.0050266
3417 0.110507 0.0050266
57016 0.110239 0.0050266
51466 0.110089 0.0050266
100 0.110046 0.0050266
10777 0.109983 0.0069231
396 0.109956 0.0069231
10072 0.10976 0.0069231
2130 0.109601 0.0069231
6888 0.109434 0.0069231
1410 0.109317 0.0069231
31 0.109221 0.0069231
56122 0.109206 0.0069231
2730 0.109107 0.0069231
8895 0.108974 0.0069231
1979 0.108641 0.0069231
55646 0.108552 0.0069231
7157 0.108354 0.0069231
64577 0.108338 0.0069231
4683 0.108311 0.0069231
51110 0.108232 0.0069231
1747 0.108231 0.0069231
29899 0.108127 0.0069231
25816 0.108079 0.0069231
2072 0.107968 0.0069231
374 0.107954 0.0069231
80726 0.107759 0.0069231
115416 0.107751 0.0069231
79020 0.107737 0.0069231
7276 0.107523 0.0069231
7329 0.107509 0.0069231
56674 0.107445 0.0069231
2323 0.107258 0.0069231
10111 0.107252 0.0069231
1201 0.107018 0.0069231
2937 0.10696 0.0069231
5230 0.106853 0.0069231
92749 0.106743 0.0069231
51574 0.106702 0.0069231
6596 0.106613 0.0069231
3200 0.10642 0.0069231
435 0.106271 0.0069231
339231 0.106077 0.0069231
80823 0.10575 0.0069231
223 0.105718 0.0069231
2033 0.105696 0.0069231
9168 0.105681 0.0069231
58497 0.105674 0.0069231
5216 0.105628 0.0069231
800 0.105621 0.0069231
25934 0.105576 0.0069231
3001 0.105572 0.0069231
7167 0.105515 0.0069231
57092 0.10548 0.0069231
390637 0.105442 0.0069231
55229 0.105379 0.0069231
10380 0.105318 0.0069231
6733 0.105303 0.0069231
84811 0.10523 0.0069231
4361 0.105114 0.0069231
9368 0.104962 0.0069231
113655 0.104898 0.0069231
1021 0.104886 0.0069231
100128588 0.104881 0.0069231
51601 0.104745 0.0069231
1072 0.104738 0.0069231
57062 0.104727 0.0069231
9275 0.104711 0.0069231
10327 0.104612 0.0069231
11054 0.104427 0.0069231
7408 0.104361 0.0069231
50484 0.104322 0.0069231
81888 0.104273 0.0069231
4223 0.104272 0.0069231
79132 0.104249 0.0069231
3939 0.104244 0.0069231
10513 0.104229 0.0069231
197131 0.104179 0.0069231
7086 0.104114 0.0069231
10591 0.104074 0.0069231
2597 0.103968 0.0069231
2053 0.103825 0.0069231
11252 0.1038 0.0069231
2870 0.103789 0.0069231
25975 0.103751 0.0069231
3945 0.103706 0.0069231
1428 0.103682 0.0069231
729 0.103619 0.0069231
23154 0.103542 0.0069231
6286 0.103532 0.0069231
4000 0.103506 0.0069231
7430 0.103493 0.0069231
26015 0.103443 0.0069231
80351 0.103432 0.0069231
54469 0.1034 0.0069231
8358 0.103304 0.0069231
8350 0.103304 0.0069231
8351 0.103304 0.0069231
8352 0.103304 0.0069231
8353 0.103304 0.0069231
8354 0.103304 0.0069231
8355 0.103304 0.0069231
8356 0.103304 0.0069231
8357 0.103304 0.0069231
8968 0.103304 0.0069231
9324 0.103293 0.0069231
115098 0.103152 0.0069231
308 0.103103 0.0069231
95 0.1031 0.0069231
29914 0.103072 0.0069231
9686 0.102981 0.0069231
5337 0.102972 0.0069231
79413 0.102939 0.0069231
9961 0.102883 0.0069231
4208 0.102879 0.0069231
27232 0.102842 0.0069231
445 0.102836 0.0069231
4205 0.102819 0.0069231
5315 0.102644 0.0069231
9588 0.102614 0.0069231
2289 0.102407 0.0069231
7179 0.102404 0.0069231
3162 0.102376 0.0069231
8270 0.102297 0.0069231
1956 0.102244 0.0069231
5496 0.102189 0.0069231
28988 0.102176 0.0069231
6708 0.102119 0.0069231
3315 0.10203 0.0069231
146956 0.102023 0.0069231
8659 0.101976 0.0069231
7111 0.101955 0.0069231
3094 0.101945 0.0069231
3336 0.101942 0.0069231
207 0.101918 0.0069231
11098 0.101916 0.0069231
5757 0.101907 0.0069231
8682 0.101815 0.0069231
339230 0.101807 0.0069231
339344 0.101685 0.0069231
7514 0.101666 0.0069231
5925 0.101642 0.0069231
7862 0.101613 0.0069231
27350 0.101531 0.0069231
3775 0.101522 0.0069231
11140 0.101486 0.0069231
79633 0.10144 0.0069231
9322 0.101403 0.0069231
4168 0.101354 0.0069231
672 0.101345 0.0069231
11112 0.101208 0.0069231
51131 0.101183 0.0069231
1457 0.101069 0.0069231
1460 0.101038 0.0069231
261726 0.101037 0.0069231
3948 0.101002 0.0069231
216 0.10098 0.0069231
5153 0.100941 0.0069231
22949 0.100938 0.0069231
2547 0.100902 0.0069231
5184 0.100886 0.0069231
6358 0.10084 0.0069231
2026 0.100785 0.0069231
26100 0.100769 0.0069231
57030 0.100757 0.0069231
6604 0.100707 0.0069231
134829 0.100687 0.0069231
328 0.100643 0.0069231
6603 0.100619 0.0069231
57492 0.100608 0.0069231
6652 0.100604 0.0069231
7371 0.100576 0.0069231
10524 0.100564 0.0069231
27190 0.100555 0.0069231
6483 0.100555 0.0069231
23429 0.100539 0.0069231
5048 0.100463 0.0069231
10606 0.100452 0.0069231
1809 0.100445 0.0069231
29086 0.100435 0.0069231
132789 0.100371 0.0069231
7156 0.100232 0.0069231
6301 0.100215 0.0069231
407 0.100214 0.0069231
10397 0.10021 0.0069231
6623 0.10021 0.0069231
8289 0.100206 0.0069231
6271 0.100182 0.0069231
23028 0.100177 0.0069231
654364 0.100167 0.0069231
4831 0.100167 0.0069231
6602 0.10016 0.0069231
2576 0.100067 0.0069231
2577 0.100067 0.0069231
2543 0.100067 0.0069231
11332 0.099967 0.0142476
191 0.099902 0.0142476
10273 0.099843 0.0142476
29763 0.099842 0.0142476
10785 0.099801 0.0142476
6647 0.099759 0.0142476
11344 0.099756 0.0142476
472 0.09964 0.0142476
8996 0.099637 0.0142476
1915 0.099633 0.0142476
18 0.099604 0.0142476
8566 0.09954 0.0142476
28970 0.099526 0.0142476
7316 0.099515 0.0142476
1975 0.099513 0.0142476
8754 0.099458 0.0142476
4926 0.099356 0.0142476
1398 0.099337 0.0142476
6233 0.099316 0.0142476
51268 0.099264 0.0142476
29993 0.099259 0.0142476
5888 0.099257 0.0142476
29101 0.099247 0.0142476
7280 0.099213 0.0142476
3326 0.099211 0.0142476
6611 0.099184 0.0142476
817 0.099163 0.0142476
3190 0.09911 0.0142476
7341 0.099094 0.0142476
4193 0.099057 0.0142476
1025 0.09897 0.0142476
160418 0.098964 0.0142476
5268 0.09892 0.0142476
27229 0.098908 0.0142476
5111 0.098842 0.0142476
114548 0.098829 0.0142476
5499 0.098818 0.0142476
2801 0.098815 0.0142476
271 0.098741 0.0142476
6597 0.098727 0.0142476
10768 0.098724 0.0142476
55291 0.098653 0.0142476
52 0.098653 0.0142476
2029 0.098603 0.0142476
10963 0.098587 0.0142476
3927 0.09858 0.0142476
3845 0.098574 0.0142476
5050 0.098565 0.0142476
2353 0.09856 0.0142476
155435 0.09856 0.0142476
128989 0.098539 0.0142476
90416 0.098531 0.0142476
51105 0.09853 0.0142476
5214 0.098511 0.0142476
2023 0.098509 0.0142476
5093 0.098497 0.0142476
55008 0.098477 0.0142476
6904 0.098472 0.0142476
5052 0.098468 0.0142476
27236 0.098463 0.0142476
2067 0.098429 0.0142476
5300 0.098422 0.0142476
28955 0.098382 0.0142476
226 0.09837 0.0142476
11034 0.098342 0.0142476
4653 0.098339 0.0142476
3024 0.09831 0.0142476
54869 0.098297 0.0142476
60 0.098292 0.0142476
10212 0.098291 0.0142476
2271 0.098281 0.0142476
5049 0.098248 0.0142476
9948 0.09822 0.0142476
2821 0.098178 0.0142476
60491 0.098146 0.0142476
4436 0.098082 0.0142476
39 0.098059 0.0142476
3822 0.098057 0.0142476
124808 0.098039 0.0142476
4478 0.098034 0.0142476
11244 0.097968 0.0142476
6697 0.097962 0.0142476
1152 0.097951 0.0142476
1387 0.097934 0.0142476
84708 0.09793 0.0142476
51119 0.097892 0.0142476
3313 0.097858 0.0142476
3476 0.097844 0.0142476
23411 0.097827 0.0142476
1198 0.09781 0.0142476
5594 0.097805 0.0142476
56159 0.097733 0.0142476
92241 0.097532 0.0142476
978 0.09752 0.0142476
5894 0.097513 0.0142476
7791 0.097511 0.0142476
54974 0.09749 0.0142476
55183 0.097486 0.0142476
7186 0.097402 0.0142476
7531 0.09737 0.0142476
1017 0.097335 0.0142476
7874 0.097335 0.0142476
6418 0.097318 0.0142476
23406 0.097303 0.0142476
8379 0.097294 0.0142476
11217 0.097286 0.0142476
125488 0.097275 0.0142476
11163 0.097264 0.0142476
10131 0.097264 0.0142476
6595 0.097256 0.0142476
57455 0.097245 0.0142476
6598 0.097222 0.0142476
9060 0.097219 0.0142476
6767 0.097218 0.0142476
5591 0.09721 0.0142476
25830 0.097177 0.0142476
641 0.09717 0.0142476
4048 0.097164 0.0142476
997 0.097134 0.0142476
9815 0.097129 0.0142476
6484 0.097076 0.0142476
3014 0.097052 0.0142476
367 0.097042 0.0142476
23390 0.097016 0.0142476
7068 0.097006 0.0142476
983 0.09699 0.0142476
10916 0.096985 0.0142476
7317 0.096982 0.0142476
55313 0.096974 0.0142476
1632 0.096961 0.0142476
5527 0.096937 0.0142476
6723 0.096934 0.0142476
79657 0.096897 0.0142476
2805 0.096829 0.0142476
201294 0.096802 0.0142476
5987 0.096799 0.0142476
134492 0.096794 0.0142476
84330 0.096793 0.0142476
23039 0.096753 0.0142476
4830 0.096745 0.0142476
256281 0.096739 0.0142476
5062 0.096732 0.0142476
84676 0.096704 0.0142476
3312 0.096671 0.0142476
147650 0.096669 0.0142476
246269 0.096669 0.0142476
6386 0.096656 0.0142476
9656 0.096655 0.0142476
10383 0.096653 0.0142476
79873 0.096617 0.0142476
10063 0.096588 0.0142476
5830 0.096583 0.0142476
3329 0.096581 0.0142476
29934 0.096581 0.0142476
1800 0.09658 0.0142476
905 0.096543 0.0142476
7534 0.096541 0.0142476
7530 0.096541 0.0142476
3675 0.096528 0.0142476
445815 0.09652 0.0142476
3065 0.096514 0.0142476
369 0.096497 0.0142476
5371 0.096485 0.0142476
57693 0.096479 0.0142476
7158 0.096479 0.0142476
5019 0.096401 0.0142476
9601 0.096392 0.0142476
6732 0.09638 0.0142476
142 0.096371 0.0142476
89870 0.096361 0.0142476
3320 0.096336 0.0142476
7532 0.096335 0.0142476
5239 0.096315 0.0142476
471 0.09628 0.0142476
554313 0.096268 0.0142476
8359 0.096268 0.0142476
8370 0.096268 0.0142476
8294 0.096268 0.0142476
8361 0.096268 0.0142476
8360 0.096268 0.0142476
8363 0.096268 0.0142476
8362 0.096268 0.0142476
8365 0.096268 0.0142476
8364 0.096268 0.0142476
8367 0.096268 0.0142476
8366 0.096268 0.0142476
8368 0.096268 0.0142476
121504 0.096268 0.0142476
7704 0.096263 0.0142476
56954 0.096221 0.0142476
9061 0.096191 0.0142476
1488 0.096184 0.0142476
3309 0.096179 0.0142476
1616 0.096147 0.0142476
3003 0.09614 0.0142476
9531 0.096133 0.0142476
92483 0.096126 0.0142476
53938 0.096084 0.0142476
6672 0.09608 0.0142476
81572 0.096069 0.0142476
2954 0.096064 0.0142476
6311 0.096059 0.0142476
119710 0.096045 0.0142476
10298 0.096036 0.0142476
25824 0.096027 0.0142476
8624 0.096018 0.0142476
2956 0.095989 0.0142476
160287 0.095948 0.0142476
3064 0.095942 0.0142476
10087 0.095919 0.0142476
8658 0.095869 0.0142476
57698 0.095846 0.0142476
55093 0.095842 0.0142476
7295 0.095808 0.0142476
8723 0.095803 0.0142476
388228 0.095798 0.0142476
2739 0.09578 0.0142476
1936 0.095774 0.0142476
9219 0.095761 0.0142476
6601 0.095759 0.0142476
7536 0.095753 0.0142476
2923 0.09568 0.0142476
5966 0.095674 0.0142476
10980 0.095674 0.0142476
1487 0.09564 0.0142476
26128 0.095629 0.0142476
2885 0.095627 0.0142476
51042 0.095627 0.0142476
6829 0.095596 0.0142476
4176 0.095561 0.0142476
6613 0.095531 0.0142476
7001 0.095505 0.0142476
8705 0.095489 0.0142476
5500 0.095479 0.0142476
51163 0.09547 0.0142476
7431 0.095458 0.0142476
3958 0.095455 0.0142476
10484 0.095388 0.0142476
10728 0.09538 0.0142476
5566 0.09538 0.0142476
1861 0.09536 0.0142476
25 0.095344 0.0142476
545 0.095331 0.0142476
6310 0.095304 0.0142476
84717 0.095288 0.0142476
8553 0.09528 0.0142476
5238 0.095252 0.0142476
79017 0.09523 0.0142476
132320 0.095208 0.0142476
80198 0.095204 0.0142476
874 0.095191 0.0142476
1759 0.095159 0.0142476
3308 0.095154 0.0142476
1478 0.095143 0.0142476
23582 0.095132 0.0142476
6876 0.095129 0.0142476
79001 0.095102 0.0142476
10490 0.095076 0.0142476
84706 0.095074 0.0142476
6714 0.095072 0.0142476
10055 0.09507 0.0142476
23075 0.095068 0.0142476
8718 0.095067 0.0142476
11091 0.095064 0.0142476
10657 0.095059 0.0142476
7265 0.095052 0.0142476
5859 0.095019 0.0142476
4609 0.095012 0.0142476
5232 0.095009 0.0142476
3146 0.094971 0.0142476
32 0.094959 0.0142476
6648 0.094956 0.0142476
9859 0.094939 0.0142476
50865 0.094927 0.0142476
1107 0.094913 0.0142476
10016 0.094886 0.0142476
5358 0.094847 0.0142476
7421 0.094834 0.0142476
8479 0.094825 0.0142476
1432 0.094804 0.0142476
1019 0.094801 0.0142476
3838 0.094788 0.0142476
1937 0.094784 0.0142476
1026 0.094777 0.0142476
7866 0.094758 0.0142476
2932 0.094751 0.0142476
9039 0.094745 0.0142476
8945 0.094744 0.0142476
6774 0.094732 0.0142476
1627 0.09473 0.0142476
9869 0.094726 0.0142476
9053 0.094691 0.0142476
5877 0.09466 0.0142476
6427 0.09466 0.0142476
6636 0.09465 0.0142476
5064 0.094645 0.0142476
8841 0.094644 0.0142476
1073 0.09463 0.0142476
9817 0.09463 0.0142476
5226 0.094627 0.0142476
11269 0.094622 0.0142476
1641 0.09461 0.0142476
203068 0.094582 0.0142476
6790 0.094536 0.0142476
5007 0.094533 0.0142476
4171 0.094533 0.0142476
51808 0.094527 0.0142476
9690 0.094501 0.0142476
83706 0.094483 0.0142476
7486 0.094481 0.0142476
4283 0.094475 0.0142476
353 0.09447 0.0142476
10808 0.094465 0.0142476
580 0.094432 0.0142476
3035 0.094428 0.0142476
5905 0.094421 0.0142476
65094 0.094385 0.0142476
6117 0.094375 0.0142476
8724 0.094347 0.0142476
2617 0.094283 0.0142476
3141 0.094274 0.0142476
60626 0.094254 0.0142476
914 0.094248 0.0142476
26528 0.094245 0.0142476
7415 0.094218 0.0142476
10919 0.094212 0.0142476
79159 0.094204 0.0142476
6299 0.094169 0.0142476
11212 0.094169 0.0142476
5005 0.094165 0.0142476
81847 0.094156 0.0142476
387893 0.094156 0.0142476
5071 0.094141 0.0142476
3184 0.094106 0.0142476
9040 0.0941 0.0142476
2037 0.094084 0.0142476
3303 0.094059 0.0142476
3304 0.094059 0.0142476
1655 0.094057 0.0142476
8850 0.094052 0.0142476
1854 0.094045 0.0142476
8339 0.094042 0.0142476
8344 0.094042 0.0142476
3017 0.094042 0.0142476
8343 0.094042 0.0142476
8347 0.094042 0.0142476
8346 0.094042 0.0142476
85456 0.094023 0.0142476
2184 0.09402 0.0142476
57037 0.094003 0.0142476
117178 0.093983 0.0142476
10726 0.093983 0.0142476
9513 0.093978 0.0142476
5597 0.093962 0.0142476
4869 0.093954 0.0142476
3178 0.093937 0.0142476
51605 0.093929 0.0142476
5931 0.09392 0.0142476
3725 0.093897 0.0142476
11273 0.093895 0.0142476
1184 0.09389 0.0142476
5058 0.093887 0.0142476
4088 0.093883 0.0142476
6275 0.09388 0.0142476
5347 0.093873 0.0142476
8407 0.093871 0.0142476
6902 0.09386 0.0142476
10013 0.093848 0.0142476
440 0.093839 0.0142476
6709 0.093829 0.0142476
6477 0.093807 0.0142476
836 0.093806 0.0142476
54809 0.093796 0.0142476
2203 0.093794 0.0142476
1639 0.09379 0.0142476
1400 0.093785 0.0142476
5585 0.093776 0.0142476
3985 0.09377 0.0142476
51111 0.09374 0.0142476
145508 0.093731 0.0142476
5886 0.093694 0.0142476
85302 0.093692 0.0142476
3276 0.093686 0.0142476
10482 0.093673 0.0142476
826 0.093668 0.0142476
7015 0.093645 0.0142476
1743 0.093645 0.0142476
2036 0.093627 0.0142476
301 0.093622 0.0142476
55759 0.093618 0.0142476
2177 0.093615 0.0142476
4744 0.09361 0.0142476
5430 0.093608 0.0142476
1892 0.093599 0.0142476
2027 0.093566 0.0142476
10614 0.093565 0.0142476
200728 0.09356 0.0142476
51631 0.093559 0.0142476
26003 0.09355 0.0142476
2521 0.093535 0.0142476
811 0.093522 0.0142476
23552 0.093519 0.0142476
79959 0.093518 0.0142476
22919 0.093516 0.0142476
8290 0.093512 0.0142476
57142 0.093507 0.0142476
2059 0.093504 0.0142476
10534 0.093478 0.0142476
7321 0.093472 0.0142476
1339 0.093462 0.0142476
8554 0.093458 0.0142476
5970 0.093455 0.0142476
5595 0.093443 0.0142476
6421 0.093427 0.0142476
3612 0.093423 0.0142476
10483 0.093419 0.0142476
30000 0.093402 0.0142476
10971 0.09338 0.0142476
11124 0.09338 0.0142476
5504 0.093376 0.0142476
1499 0.093357 0.0142476
408 0.093344 0.0142476
1195 0.093342 0.0142476
8468 0.093303 0.0142476
55791 0.093298 0.0142476
7322 0.093296 0.0142476
5305 0.093293 0.0142476
9380 0.093279 0.0142476
4691 0.093267 0.0142476
51101 0.09325 0.0142476
5763 0.093241 0.0142476
5626 0.093235 0.0142476
29079 0.093228 0.0142476
5352 0.093224 0.0142476
51280 0.09321 0.0142476
3066 0.093198 0.0142476
7453 0.093192 0.0142476
2098 0.09318 0.0142476
51540 0.093135 0.0142476
2222 0.093134 0.0142476
7414 0.093128 0.0142476
3692 0.093127 0.0142476
23035 0.09312 0.0142476
1027 0.093103 0.0142476
54187 0.093097 0.0142476
4292 0.093086 0.0142476
55748 0.09308 0.0142476
5424 0.093075 0.0142476
388677 0.093074 0.0142476
100996717 0.093074 0.0142476
100996763 0.093074 0.0142476
5932 0.093062 0.0142476
7520 0.093059 0.0142476
8438 0.093053 0.0142476
26013 0.093049 0.0142476
23171 0.093045 0.0142476
3843 0.093041 0.0142476
1660 0.093038 0.0142476
10342 0.093029 0.0142476
6118 0.093026 0.0142476
25796 0.093026 0.0142476
54971 0.09301 0.0142476
10598 0.093004 0.0142476
64853 0.093004 0.0142476
8607 0.092984 0.0142476
166 0.092973 0.0142476
10636 0.092964 0.0142476
10533 0.092961 0.0142476
9611 0.092944 0.0142476
302 0.09294 0.0142476
10521 0.092937 0.0142476
342371 0.092929 0.0142476
55003 0.092922 0.0142476
23500 0.092886 0.0142476
1602 0.092871 0.0142476
6872 0.092871 0.0142476
2017 0.09284 0.0142476
27316 0.092837 0.0142476
307 0.092831 0.0142476
9698 0.09283 0.0142476
28985 0.092826 0.0142476
3192 0.092824 0.0142476
833 0.092816 0.0142476
2099 0.092806 0.0142476
5579 0.092805 0.0142476
9063 0.092803 0.0142476
3337 0.092802 0.0142476
29789 0.092777 0.0142476
1155 0.092763 0.0142476
3149 0.092758 0.0142476
2745 0.092742 0.0142476
7533 0.092734 0.0142476
11137 0.092727 0.0142476
8683 0.092719 0.0142476
9577 0.092709 0.0142476
4134 0.092697 0.0142476
6907 0.092688 0.0142476
3921 0.092684 0.0142476
23268 0.092672 0.0142476
23421 0.092668 0.0142476
6772 0.092664 0.0142476
813 0.092656 0.0142476
54819 0.092643 0.0142476
55671 0.092635 0.0142476
217 0.092622 0.0142476
71 0.092612 0.0142476
7529 0.092604 0.0142476
6827 0.092601 0.0142476
10910 0.092598 0.0142476
51199 0.09256 0.0142476
6455 0.092559 0.0142476
5000 0.092538 0.0142476
1420 0.092534 0.0142476
92285 0.092528 0.0142476
5478 0.092515 0.0142476
3187 0.092512 0.0142476
7311 0.092489 0.0142476
23476 0.092487 0.0142476
10155 0.092484 0.0142476
4093 0.092457 0.0142476
57826 0.092443 0.0142476
7004 0.09244 0.0142476
883 0.092439 0.0142476
1642 0.092425 0.0142476
10236 0.092424 0.0142476
6500 0.092419 0.0142476
3728 0.09241 0.0142476
5599 0.092406 0.0142476
8517 0.092392 0.0142476
80742 0.092384 0.0142476
5682 0.092379 0.0142476
25842 0.092369 0.0142476
150864 0.092366 0.0142476
7132 0.092365 0.0142476
23048 0.092363 0.0142476
254427 0.092361 0.0142476
5935 0.092353 0.0142476
8880 0.092344 0.0142476
7205 0.092328 0.0142476
55355 0.092328 0.0142476
8481 0.092328 0.0142476
10054 0.092326 0.0142476
2585 0.092324 0.0142476
824 0.092313 0.0142476
7337 0.092299 0.0142476
4809 0.092263 0.0142476
80755 0.092261 0.0142476
100885850 0.092261 0.0142476
7020 0.092259 0.0142476
22938 0.092233 0.0142476
9978 0.092219 0.0142476
5910 0.092188 0.0142476
1434 0.092188 0.0142476
125115 0.092176 0.0142476
57154 0.09217 0.0142476
26986 0.092165 0.0142476
6428 0.092154 0.0142476
10319 0.092149 0.0142476
5292 0.092148 0.0142476
10419 0.092145 0.0142476
3956 0.092133 0.0142476
10454 0.092125 0.0142476
3028 0.092121 0.0142476
10473 0.092113 0.0142476
261734 0.092107 0.0142476
5198 0.092059 0.0142476
7360 0.092056 0.0142476
7359 0.092056 0.0142476
26471 0.092046 0.0142476
4137 0.092041 0.0142476
389362 0.092039 0.0142476
3984 0.092039 0.0142476
7251 0.092032 0.0142476
9759 0.092027 0.0142476
29085 0.092026 0.0142476
10856 0.092021 0.0142476
6605 0.092013 0.0142476
1859 0.092006 0.0142476
79631 0.092001 0.0142476
7994 0.091998 0.0142476
10015 0.09199 0.0142476
27101 0.091984 0.0142476
84067 0.091979 0.0142476
112858 0.091972 0.0142476
65059 0.091971 0.0142476
5479 0.091947 0.0142476
2237 0.091929 0.0142476
133619 0.091915 0.0142476
8942 0.091914 0.0142476
4733 0.091903 0.0142476
124245 0.091901 0.0142476
2000 0.0919 0.0142476
56893 0.091893 0.0142476
5533 0.091887 0.0142476
6389 0.091885 0.0142476
6599 0.091867 0.0142476
231 0.091864 0.0142476
1785 0.091856 0.0142476
324 0.091855 0.0142476
51035 0.091848 0.0142476
6303 0.091845 0.0142476
84313 0.091836 0.0142476
59342 0.091826 0.0142476
11198 0.091811 0.0142476
10196 0.091806 0.0142476
6897 0.091781 0.0142476
51588 0.091772 0.0142476
7064 0.091769 0.0142476
200081 0.091749 0.0142476
54904 0.091748 0.0142476
8878 0.091725 0.0142476
9252 0.091707 0.0142476
310 0.091706 0.0142476
57658 0.091706 0.0142476
55577 0.091706 0.0142476
374393 0.091696 0.0142476
29979 0.091696 0.0142476
7345 0.091683 0.0142476
79837 0.091674 0.0142476
3613 0.091671 0.0142476
2316 0.091669 0.0142476
6925 0.091665 0.0142476
7003 0.091664 0.0142476
64236 0.091659 0.0142476
6663 0.091644 0.0142476
84787 0.091644 0.0142476
286204 0.091644 0.0142476
3609 0.091636 0.0142476
4105 0.091633 0.0142476
8883 0.091627 0.0142476
10320 0.091623 0.0142476
10813 0.09162 0.0142476
322 0.091603 0.0142476
6195 0.0916 0.0142476
3183 0.091599 0.0142476
6457 0.091596 0.0142476
10944 0.091592 0.0142476
3151 0.09154 0.0142476
2171 0.091538 0.0142476
51765 0.091537 0.0142476
51171 0.091536 0.0142476
3269 0.091535 0.0142476
91419 0.091532 0.0142476
60529 0.091529 0.0142476
595 0.091525 0.0142476
11200 0.09152 0.0142476
56061 0.091497 0.0142476
22981 0.091494 0.0142476
10762 0.091493 0.0142476
998 0.091453 0.0142476
8805 0.091451 0.0142476
10987 0.091436 0.0142476
5202 0.091413 0.0142476
8120 0.091405 0.0142476
2235 0.091404 0.0142476
10567 0.091402 0.0142476
9094 0.091398 0.0142476
29117 0.091388 0.0142476
84324 0.091385 0.0142476
351 0.091383 0.0142476
8202 0.091377 0.0142476
84148 0.091376 0.0142476
22976 0.09137 0.0142476
6622 0.091353 0.0142476
4942 0.09135 0.0142476
8520 0.091337 0.0142476
5037 0.091335 0.0142476
124790 0.091332 0.0142476
56254 0.091326 0.0142476
84296 0.091324 0.0142476
4005 0.091321 0.0142476
26272 0.091307 0.0142476
4678 0.091306 0.0142476
9363 0.091295 0.0142476
51095 0.091289 0.0142476
51593 0.091278 0.0142476
22872 0.091271 0.0142476
4673 0.091267 0.0142476
9261 0.091266 0.0142476
6606 0.091259 0.0142476
6607 0.091259 0.0142476
5887 0.091249 0.0142476
80262 0.091246 0.0142476
55869 0.091242 0.0142476
3441 0.091234 0.0142476
9025 0.091233 0.0142476
51569 0.091233 0.0142476
5001 0.09122 0.0142476
11328 0.091212 0.0142476
6456 0.091192 0.0142476
11143 0.091171 0.0142476
7919 0.091166 0.0142476
2908 0.091165 0.0142476
7965 0.091161 0.0142476
58490 0.09115 0.0142476
22933 0.091134 0.0142476
2539 0.091124 0.0142476
5710 0.091124 0.0142476
5269 0.091115 0.0142476
64710 0.091115 0.0142476
4999 0.091115 0.0142476
55239 0.091114 0.0142476
7528 0.091101 0.0142476
5928 0.091101 0.0142476
2673 0.091095 0.0142476
8826 0.091092 0.0142476
163 0.091088 0.0142476
355 0.091079 0.0142476
1832 0.091076 0.0142476
60314 0.091075 0.0142476
7178 0.091072 0.0142476
90678 0.091061 0.0142476
875 0.091059 0.0142476
102724560 0.091059 0.0142476
27238 0.091041 0.0142476
10979 0.091037 0.0142476
6675 0.091027 0.0142476
6612 0.091006 0.0142476
10094 0.091005 0.0142476
6883 0.091 0.0142476
55236 0.090994 0.0142476
7277 0.090979 0.0142476
55968 0.090965 0.0142476
26092 0.090964 0.0142476
84764 0.090964 0.0142476
57804 0.090935 0.0142476
5515 0.090919 0.0142476
51072 0.090914 0.0142476
29919 0.09091 0.0142476
79723 0.090909 0.0142476
11176 0.090898 0.0142476
5903 0.090887 0.0142476
6434 0.090885 0.0142476
4356 0.090882 0.0142476
101930123 0.090878 0.0142476
29904 0.090878 0.0142476
10048 0.090867 0.0142476
284086 0.09086 0.0142476
5813 0.090859 0.0142476
23210 0.090858 0.0142476
5293 0.090841 0.0142476
120892 0.090836 0.0142476
25978 0.090834 0.0142476
26121 0.090824 0.0142476
26227 0.09082 0.0142476
5536 0.090814 0.0142476
151987 0.090751 0.0142476
140576 0.090741 0.0142476
55163 0.090739 0.0142476
6749 0.090734 0.0142476
7846 0.090733 0.0142476
1396 0.090721 0.0142476
9945 0.09072 0.0142476
6426 0.090713 0.0142476
9416 0.090713 0.0142476
11080 0.090709 0.0142476
1147 0.090708 0.0142476
5213 0.090706 0.0142476
440515 0.090704 0.0142476
2618 0.090696 0.0142476
6817 0.090689 0.0142476
7347 0.090684 0.0142476
501 0.090677 0.0142476
8454 0.090674 0.0142476
10097 0.090671 0.0142476
79026 0.090669 0.0142476
2064 0.090665 0.0142476
51564 0.090664 0.0142476
6120 0.090656 0.0142476
5901 0.090655 0.0142476
7159 0.090654 0.0142476
11338 0.090644 0.0142476
5747 0.090642 0.0142476
9701 0.090641 0.0142476
9785 0.09064 0.0142476
10286 0.090638 0.0142476
6624 0.09063 0.0142476
222229 0.090629 0.0142476
10381 0.090586 0.0142476
23294 0.090577 0.0142476
9146 0.090576 0.0142476
55193 0.090571 0.0142476
7165 0.090569 0.0142476
2286 0.090566 0.0142476
5962 0.090566 0.0142476
10036 0.090562 0.0142476
87 0.090547 0.0142476
4670 0.090537 0.0142476
230 0.090531 0.0142476
6491 0.09053 0.0142476
847 0.090528 0.0142476
1938 0.090527 0.0142476
27300 0.090522 0.0142476
6839 0.090521 0.0142476
961 0.090519 0.0142476
1058 0.090478 0.0142476
10425 0.090467 0.0142476
9971 0.090453 0.0142476
701 0.090451 0.0142476
51031 0.090451 0.0142476
1856 0.090447 0.0142476
9343 0.090446 0.0142476
51759 0.090438 0.0142476
79068 0.090437 0.0142476
2146 0.090429 0.0142476
84445 0.090421 0.0142476
57562 0.090415 0.0142476
5562 0.090411 0.0142476
3981 0.090406 0.0142476
27185 0.090397 0.0142476
159 0.090394 0.0142476
6850 0.090386 0.0142476
23468 0.090382 0.0142476
2224 0.090381 0.0142476
840 0.090372 0.0142476
441282 0.090368 0.0142476
54926 0.090359 0.0142476
57159 0.090319 0.0142476
1153 0.090318 0.0142476
5728 0.090316 0.0142476
822 0.090315 0.0142476
160 0.090313 0.0142476
387521 0.090311 0.0142476
387522 0.090311 0.0142476
7335 0.090311 0.0142476
80746 0.09031 0.0142476
1213 0.090304 0.0142476
10449 0.090292 0.0142476
4087 0.090287 0.0142476
10499 0.090271 0.0142476
30001 0.090263 0.0142476
1029 0.090263 0.0142476
126961 0.090262 0.0142476
333932 0.090262 0.0142476
653604 0.090262 0.0142476
449003 0.090262 0.0142476
6738 0.090232 0.0142476
3910 0.090219 0.0142476
2634 0.090209 0.0142476
51002 0.090198 0.0142476
5338 0.090198 0.0142476
6451 0.090187 0.0142476
84461 0.090186 0.0142476
5034 0.090185 0.0142476
152185 0.090183 0.0142476
7083 0.090179 0.0142476
26123 0.090178 0.0142476
8544 0.090176 0.0142476
5359 0.090174 0.0142476
3181 0.090161 0.0142476
85300 0.090159 0.0142476
1633 0.090156 0.0142476
386682 0.090143 0.0142476
8853 0.090131 0.0142476
23277 0.090129 0.0142476
4188 0.090128 0.0142476
5861 0.090127 0.0142476
573 0.090123 0.0142476
26517 0.090111 0.0142476
5547 0.090109 0.0142476
9584 0.090094 0.0142476
54758 0.090089 0.0142476
29070 0.090085 0.0142476
3621 0.090076 0.0142476
5814 0.090068 0.0142476
3608 0.090065 0.0142476
29888 0.09006 0.0142476
57175 0.090058 0.0142476
8539 0.090056 0.0142476
23385 0.090055 0.0142476
10498 0.090046 0.0142476
116986 0.090037 0.0142476
83746 0.090035 0.0142476
5144 0.090013 0.0142476
4677 0.090008 0.0142476
10014 0.089999 0.0640705
9218 0.089997 0.0640705
23043 0.089977 0.0640705
841 0.089972 0.0640705
83940 0.089972 0.0640705
2936 0.089969 0.0640705
3925 0.089964 0.0640705
9046 0.08996 0.0640705
5879 0.089952 0.0640705
65990 0.089938 0.0640705
1663 0.089904 0.0640705
7189 0.089895 0.0640705
10399 0.089891 0.0640705
22827 0.089888 0.0640705
9188 0.089879 0.0640705
9150 0.089876 0.0640705
10421 0.089869 0.0640705
4282 0.089848 0.0640705
4627 0.089845 0.0640705
6778 0.089845 0.0640705
11030 0.089837 0.0640705
11100 0.089831 0.0640705
23450 0.089828 0.0640705
90441 0.089826 0.0640705
80854 0.089822 0.0640705
51138 0.089821 0.0640705
5217 0.089808 0.0640705
7168 0.089806 0.0640705
29894 0.089802 0.0640705
4214 0.089787 0.0640705
2969 0.089786 0.0640705
6880 0.08978 0.0640705
23650 0.089769 0.0640705
311 0.089751 0.0640705
5532 0.089736 0.0640705
9092 0.08973 0.0640705
28964 0.089726 0.0640705
3316 0.089711 0.0640705
6294 0.089705 0.0640705
51015 0.089705 0.0640705
55660 0.089704 0.0640705
6711 0.089693 0.0640705
51571 0.089676 0.0640705
2810 0.089669 0.0640705
7511 0.08966 0.0640705
84875 0.089656 0.0640705
158 0.089654 0.0640705
4012 0.089654 0.0640705
29124 0.089653 0.0640705
8650 0.089648 0.0640705
6470 0.089644 0.0640705
2034 0.089641 0.0640705
6449 0.08964 0.0640705
23020 0.089635 0.0640705
54496 0.089627 0.0640705
10241 0.089624 0.0640705
23595 0.089608 0.0640705
10542 0.089608 0.0640705
5529 0.089608 0.0640705
3551 0.089608 0.0640705
4841 0.089604 0.0640705
85007 0.089593 0.0640705
23322 0.089592 0.0640705
3875 0.089589 0.0640705
10600 0.089583 0.0640705
526 0.089581 0.0640705
5578 0.089578 0.0640705
6472 0.089566 0.0640705
4089 0.089565 0.0640705
5604 0.089563 0.0640705
8976 0.089563 0.0640705
6453 0.089561 0.0640705
55705 0.089557 0.0640705
1665 0.089546 0.0640705
94134 0.089544 0.0640705
7334 0.089527 0.0640705
9295 0.089527 0.0640705
1912 0.089517 0.0640705
51389 0.089516 0.0640705
63893 0.089512 0.0640705
10270 0.08951 0.0640705
5981 0.089507 0.0640705
2512 0.089506 0.0640705
10075 0.089505 0.0640705
221184 0.089502 0.0640705
27284 0.089499 0.0640705
1981 0.089498 0.0640705
6625 0.089484 0.0640705
55339 0.08948 0.0640705
10594 0.089478 0.0640705
1417 0.089478 0.0640705
867 0.089474 0.0640705
10253 0.089472 0.0640705
11335 0.089468 0.0640705
7323 0.089467 0.0640705
56341 0.089466 0.0640705
2274 0.089452 0.0640705
904 0.089444 0.0640705
675 0.089444 0.0640705
7290 0.08944 0.0640705
331 0.089439 0.0640705
11064 0.089429 0.0640705
5663 0.089428 0.0640705
6045 0.089411 0.0640705
6452 0.08941 0.0640705
51074 0.089406 0.0640705
8241 0.089404 0.0640705
3099 0.08939 0.0640705
4026 0.089378 0.0640705
28960 0.089377 0.0640705
9734 0.089373 0.0640705
2879 0.089369 0.0640705
64083 0.089362 0.0640705
5621 0.089352 0.0640705
9329 0.089339 0.0640705
10313 0.089313 0.0640705
