#Id Score P-value
5409 1.0 0.0
56157 0.891465 7.52e-05
1821 0.5393 7.52e-05
145226 0.433802 7.52e-05
8403 0.417894 0.0002907
54386 0.406235 0.0002907
1413 0.399593 0.0002907
149420 0.3812 0.0002907
1361 0.361902 0.0002907
100134934 0.343901 0.0004379
128710 0.324949 0.0005117
8574 0.322134 0.0005117
120224 0.320204 0.0005117
79693 0.309795 0.0005117
5098 0.307047 0.0005117
7013 0.30048 0.0005117
92002 0.292935 0.0005117
154664 0.289492 0.0005117
1412 0.276555 0.0005117
9942 0.276304 0.0005117
26277 0.249772 0.0005117
22879 0.245579 0.0005117
3554 0.243425 0.0005117
80169 0.238361 0.0005868
65057 0.234483 0.0005868
25913 0.233545 0.0005868
10799 0.232556 0.0005868
684 0.231263 0.0005868
1411 0.228721 0.0005868
170591 0.228721 0.0005868
8817 0.220833 0.0005868
7014 0.217625 0.0008074
10654 0.217275 0.0008074
4521 0.211722 0.0008074
83874 0.206859 0.0009511
147945 0.192808 0.0009511
1200 0.18289 0.0010987
26119 0.182472 0.0010987
1366 0.179111 0.001309
64396 0.177445 0.001309
83451 0.175971 0.001309
2571 0.174109 0.001309
10039 0.172986 0.001309
116113 0.17273 0.001309
79763 0.171892 0.001309
5596 0.170128 0.001309
916 0.165834 0.0017514
84988 0.165716 0.0017514
126364 0.163726 0.0017514
79991 0.160533 0.0017514
221264 0.159634 0.0018977
200316 0.157564 0.0018977
376267 0.155608 0.0018977
90507 0.152689 0.0018977
122622 0.15189 0.0018977
653145 0.151526 0.0018977
728113 0.151526 0.0018977
200895 0.148218 0.0021938
161253 0.148218 0.0021938
26716 0.148218 0.0021938
9715 0.148214 0.0021938
388536 0.147722 0.0021938
3713 0.146068 0.0021938
29094 0.145617 0.0021938
27348 0.145575 0.0021938
100131017 0.145386 0.0021938
4951 0.145099 0.0021938
160140 0.144827 0.0021938
7705 0.144261 0.0021938
116224 0.144261 0.0021938
50810 0.144261 0.0021938
64858 0.143411 0.0021938
115861 0.141388 0.0021938
6444 0.141 0.0021938
84632 0.140107 0.0021938
29992 0.139119 0.0026306
64852 0.138822 0.0026306
51411 0.138361 0.0026306
26093 0.138361 0.0026306
64395 0.137928 0.0026306
22977 0.137314 0.0026306
27283 0.136969 0.0026306
9905 0.135757 0.0026306
55276 0.134948 0.0026306
5514 0.134308 0.0026306
57716 0.134065 0.0026306
3897 0.133938 0.0026306
1427 0.133789 0.0026306
4552 0.133761 0.0026306
5121 0.133672 0.0026306
55531 0.133281 0.0026306
6819 0.132971 0.0026306
1414 0.132937 0.0026306
203569 0.132679 0.0026306
246744 0.132673 0.0026306
10551 0.132186 0.0026306
3557 0.131966 0.0026306
391634 0.131295 0.0026306
66002 0.131212 0.0026306
79008 0.130381 0.0026306
548593 0.130381 0.0026306
3081 0.130173 0.0026306
203245 0.129725 0.0033476
6666 0.129231 0.0033476
1812 0.128676 0.0033476
8226 0.128486 0.0033476
3212 0.128076 0.0033476
8867 0.126874 0.0033476
6532 0.126593 0.0033476
126306 0.126539 0.0033476
64897 0.126539 0.0033476
128646 0.126539 0.0033476
6011 0.126321 0.0033476
203 0.126207 0.0033476
4143 0.126174 0.0033476
165904 0.126118 0.0033476
23498 0.125718 0.0033476
25780 0.125695 0.0033476
55915 0.125663 0.0033476
3620 0.125485 0.0033476
10626 0.125427 0.0033476
3460 0.125128 0.0033476
56963 0.12465 0.0033476
54977 0.124236 0.0033476
9293 0.124222 0.0033476
90737 0.124222 0.0033476
10223 0.124222 0.0033476
57834 0.124222 0.0033476
254295 0.124222 0.0033476
10634 0.124222 0.0033476
339804 0.124222 0.0033476
64080 0.124163 0.0033476
441273 0.124092 0.0033476
4501 0.123778 0.0033476
51097 0.123502 0.0033476
2169 0.123337 0.0033476
57179 0.122822 0.0033476
4504 0.122755 0.0033476
54913 0.122223 0.0033476
2869 0.12168 0.0033476
56267 0.12035 0.0033476
59341 0.120085 0.0033476
221294 0.119612 0.0050266
10620 0.119222 0.0050266
5995 0.11906 0.0050266
23061 0.119057 0.0050266
653505 0.119051 0.0050266
7433 0.118979 0.0050266
23616 0.118417 0.0050266
9401 0.118307 0.0050266
7357 0.118156 0.0050266
5236 0.117999 0.0050266
4651 0.11753 0.0050266
201255 0.116732 0.0050266
55092 0.116683 0.0050266
134 0.116309 0.0050266
84464 0.116181 0.0050266
23746 0.115355 0.0050266
374354 0.115035 0.0050266
79648 0.114676 0.0050266
2593 0.114593 0.0050266
677 0.114587 0.0050266
219 0.11448 0.0050266
5826 0.11447 0.0050266
9087 0.1144 0.0050266
6273 0.114279 0.0050266
90203 0.11419 0.0050266
55100 0.114129 0.0050266
141 0.114004 0.0050266
359948 0.113909 0.0050266
9623 0.113904 0.0050266
339448 0.113849 0.0050266
116143 0.113732 0.0050266
810 0.11345 0.0050266
3176 0.113141 0.0050266
5149 0.11284 0.0050266
23437 0.112778 0.0050266
4190 0.112741 0.0050266
3029 0.112673 0.0050266
283489 0.112651 0.0050266
10953 0.111804 0.0050266
1798 0.111679 0.0050266
115426 0.11167 0.0050266
51155 0.111493 0.0050266
55740 0.111368 0.0050266
84867 0.111351 0.0050266
9502 0.111225 0.0050266
55224 0.111094 0.0050266
4598 0.110805 0.0050266
10741 0.110738 0.0050266
9925 0.110589 0.0050266
23217 0.11054 0.0050266
3417 0.110507 0.0050266
57016 0.110239 0.0050266
51466 0.110089 0.0050266
100 0.110046 0.0050266
10777 0.109983 0.0069231
396 0.109956 0.0069231
10072 0.10976 0.0069231
2130 0.109601 0.0069231
6888 0.109434 0.0069231
1410 0.109317 0.0069231
31 0.109221 0.0069231
56122 0.109206 0.0069231
2730 0.109107 0.0069231
8895 0.108974 0.0069231
1979 0.108641 0.0069231
55646 0.108552 0.0069231
7157 0.108354 0.0069231
64577 0.108338 0.0069231
4683 0.108311 0.0069231
51110 0.108232 0.0069231
1747 0.108231 0.0069231
29899 0.108127 0.0069231
25816 0.108079 0.0069231
2072 0.107968 0.0069231
374 0.107954 0.0069231
80726 0.107759 0.0069231
115416 0.107751 0.0069231
79020 0.107737 0.0069231
7276 0.107523 0.0069231
7329 0.107509 0.0069231
56674 0.107445 0.0069231
2323 0.107258 0.0069231
10111 0.107252 0.0069231
1201 0.107018 0.0069231
2937 0.10696 0.0069231
5230 0.106853 0.0069231
92749 0.106743 0.0069231
51574 0.106702 0.0069231
6596 0.106613 0.0069231
3200 0.10642 0.0069231
435 0.106271 0.0069231
339231 0.106077 0.0069231
80823 0.10575 0.0069231
223 0.105718 0.0069231
2033 0.105696 0.0069231
9168 0.105681 0.0069231
58497 0.105674 0.0069231
5216 0.105628 0.0069231
800 0.105621 0.0069231
25934 0.105576 0.0069231
3001 0.105572 0.0069231
7167 0.105515 0.0069231
57092 0.10548 0.0069231
390637 0.105442 0.0069231
55229 0.105379 0.0069231
10380 0.105318 0.0069231
6733 0.105303 0.0069231
84811 0.10523 0.0069231
4361 0.105114 0.0069231
9368 0.104962 0.0069231
113655 0.104898 0.0069231
1021 0.104886 0.0069231
100128588 0.104881 0.0069231
51601 0.104745 0.0069231
1072 0.104738 0.0069231
57062 0.104727 0.0069231
9275 0.104711 0.0069231
10327 0.104612 0.0069231
11054 0.104427 0.0069231
7408 0.104361 0.0069231
50484 0.104322 0.0069231
81888 0.104273 0.0069231
4223 0.104272 0.0069231
79132 0.104249 0.0069231
3939 0.104244 0.0069231
10513 0.104229 0.0069231
197131 0.104179 0.0069231
7086 0.104114 0.0069231
10591 0.104074 0.0069231
2597 0.103968 0.0069231
2053 0.103825 0.0069231
11252 0.1038 0.0069231
2870 0.103789 0.0069231
25975 0.103751 0.0069231
3945 0.103706 0.0069231
1428 0.103682 0.0069231
729 0.103619 0.0069231
23154 0.103542 0.0069231
6286 0.103532 0.0069231
4000 0.103506 0.0069231
7430 0.103493 0.0069231
26015 0.103443 0.0069231
80351 0.103432 0.0069231
54469 0.1034 0.0069231
8358 0.103304 0.0069231
8350 0.103304 0.0069231
8351 0.103304 0.0069231
8352 0.103304 0.0069231
8353 0.103304 0.0069231
8354 0.103304 0.0069231
8355 0.103304 0.0069231
8356 0.103304 0.0069231
8357 0.103304 0.0069231
8968 0.103304 0.0069231
9324 0.103293 0.0069231
115098 0.103152 0.0069231
308 0.103103 0.0069231
95 0.1031 0.0069231
29914 0.103072 0.0069231
9686 0.102981 0.0069231
5337 0.102972 0.0069231
79413 0.102939 0.0069231
9961 0.102883 0.0069231
4208 0.102879 0.0069231
27232 0.102842 0.0069231
445 0.102836 0.0069231
4205 0.102819 0.0069231
5315 0.102644 0.0069231
9588 0.102614 0.0069231
2289 0.102407 0.0069231
7179 0.102404 0.0069231
3162 0.102376 0.0069231
8270 0.102297 0.0069231
1956 0.102244 0.0069231
5496 0.102189 0.0069231
28988 0.102176 0.0069231
6708 0.102119 0.0069231
3315 0.10203 0.0069231
146956 0.102023 0.0069231
8659 0.101976 0.0069231
7111 0.101955 0.0069231
3094 0.101945 0.0069231
3336 0.101942 0.0069231
207 0.101918 0.0069231
11098 0.101916 0.0069231
5757 0.101907 0.0069231
8682 0.101815 0.0069231
339230 0.101807 0.0069231
339344 0.101685 0.0069231
7514 0.101666 0.0069231
5925 0.101642 0.0069231
7862 0.101613 0.0069231
27350 0.101531 0.0069231
3775 0.101522 0.0069231
11140 0.101486 0.0069231
79633 0.10144 0.0069231
9322 0.101403 0.0069231
4168 0.101354 0.0069231
672 0.101345 0.0069231
11112 0.101208 0.0069231
51131 0.101183 0.0069231
1457 0.101069 0.0069231
1460 0.101038 0.0069231
261726 0.101037 0.0069231
3948 0.101002 0.0069231
216 0.10098 0.0069231
5153 0.100941 0.0069231
22949 0.100938 0.0069231
2547 0.100902 0.0069231
5184 0.100886 0.0069231
6358 0.10084 0.0069231
2026 0.100785 0.0069231
26100 0.100769 0.0069231
57030 0.100757 0.0069231
6604 0.100707 0.0069231
134829 0.100687 0.0069231
328 0.100643 0.0069231
6603 0.100619 0.0069231
57492 0.100608 0.0069231
6652 0.100604 0.0069231
7371 0.100576 0.0069231
10524 0.100564 0.0069231
27190 0.100555 0.0069231
6483 0.100555 0.0069231
23429 0.100539 0.0069231
5048 0.100463 0.0069231
10606 0.100452 0.0069231
1809 0.100445 0.0069231
29086 0.100435 0.0069231
132789 0.100371 0.0069231
7156 0.100232 0.0069231
6301 0.100215 0.0069231
407 0.100214 0.0069231
10397 0.10021 0.0069231
6623 0.10021 0.0069231
8289 0.100206 0.0069231
6271 0.100182 0.0069231
23028 0.100177 0.0069231
654364 0.100167 0.0069231
4831 0.100167 0.0069231
6602 0.10016 0.0069231
2576 0.100067 0.0069231
2577 0.100067 0.0069231
2543 0.100067 0.0069231
11332 0.099967 0.0142476
191 0.099902 0.0142476
10273 0.099843 0.0142476
29763 0.099842 0.0142476
10785 0.099801 0.0142476
6647 0.099759 0.0142476
11344 0.099756 0.0142476
472 0.09964 0.0142476
8996 0.099637 0.0142476
1915 0.099633 0.0142476
18 0.099604 0.0142476
8566 0.09954 0.0142476
28970 0.099526 0.0142476
7316 0.099515 0.0142476
1975 0.099513 0.0142476
8754 0.099458 0.0142476
4926 0.099356 0.0142476
1398 0.099337 0.0142476
6233 0.099316 0.0142476
51268 0.099264 0.0142476
29993 0.099259 0.0142476
5888 0.099257 0.0142476
29101 0.099247 0.0142476
7280 0.099213 0.0142476
3326 0.099211 0.0142476
6611 0.099184 0.0142476
817 0.099163 0.0142476
3190 0.09911 0.0142476
7341 0.099094 0.0142476
4193 0.099057 0.0142476
1025 0.09897 0.0142476
160418 0.098964 0.0142476
5268 0.09892 0.0142476
27229 0.098908 0.0142476
5111 0.098842 0.0142476
114548 0.098829 0.0142476
5499 0.098818 0.0142476
2801 0.098815 0.0142476
271 0.098741 0.0142476
6597 0.098727 0.0142476
10768 0.098724 0.0142476
55291 0.098653 0.0142476
52 0.098653 0.0142476
2029 0.098603 0.0142476
10963 0.098587 0.0142476
3927 0.09858 0.0142476
3845 0.098574 0.0142476
5050 0.098565 0.0142476
2353 0.09856 0.0142476
155435 0.09856 0.0142476
128989 0.098539 0.0142476
90416 0.098531 0.0142476
51105 0.09853 0.0142476
5214 0.098511 0.0142476
2023 0.098509 0.0142476
5093 0.098497 0.0142476
55008 0.098477 0.0142476
6904 0.098472 0.0142476
5052 0.098468 0.0142476
27236 0.098463 0.0142476
2067 0.098429 0.0142476
5300 0.098422 0.0142476
28955 0.098382 0.0142476
226 0.09837 0.0142476
11034 0.098342 0.0142476
4653 0.098339 0.0142476
3024 0.09831 0.0142476
54869 0.098297 0.0142476
60 0.098292 0.0142476
10212 0.098291 0.0142476
2271 0.098281 0.0142476
5049 0.098248 0.0142476
9948 0.09822 0.0142476
2821 0.098178 0.0142476
60491 0.098146 0.0142476
4436 0.098082 0.0142476
39 0.098059 0.0142476
3822 0.098057 0.0142476
124808 0.098039 0.0142476
4478 0.098034 0.0142476
11244 0.097968 0.0142476
6697 0.097962 0.0142476
1152 0.097951 0.0142476
1387 0.097934 0.0142476
84708 0.09793 0.0142476
51119 0.097892 0.0142476
3313 0.097858 0.0142476
3476 0.097844 0.0142476
23411 0.097827 0.0142476
1198 0.09781 0.0142476
5594 0.097805 0.0142476
56159 0.097733 0.0142476
92241 0.097532 0.0142476
978 0.09752 0.0142476
5894 0.097513 0.0142476
7791 0.097511 0.0142476
54974 0.09749 0.0142476
55183 0.097486 0.0142476
7186 0.097402 0.0142476
7531 0.09737 0.0142476
1017 0.097335 0.0142476
7874 0.097335 0.0142476
6418 0.097318 0.0142476
23406 0.097303 0.0142476
8379 0.097294 0.0142476
11217 0.097286 0.0142476
125488 0.097275 0.0142476
11163 0.097264 0.0142476
10131 0.097264 0.0142476
6595 0.097256 0.0142476
57455 0.097245 0.0142476
6598 0.097222 0.0142476
9060 0.097219 0.0142476
6767 0.097218 0.0142476
5591 0.09721 0.0142476
25830 0.097177 0.0142476
641 0.09717 0.0142476
4048 0.097164 0.0142476
997 0.097134 0.0142476
9815 0.097129 0.0142476
6484 0.097076 0.0142476
3014 0.097052 0.0142476
367 0.097042 0.0142476
23390 0.097016 0.0142476
7068 0.097006 0.0142476
983 0.09699 0.0142476
10916 0.096985 0.0142476
7317 0.096982 0.0142476
55313 0.096974 0.0142476
1632 0.096961 0.0142476
5527 0.096937 0.0142476
6723 0.096934 0.0142476
79657 0.096897 0.0142476
2805 0.096829 0.0142476
201294 0.096802 0.0142476
5987 0.096799 0.0142476
134492 0.096794 0.0142476
84330 0.096793 0.0142476
23039 0.096753 0.0142476
4830 0.096745 0.0142476
256281 0.096739 0.0142476
5062 0.096732 0.0142476
84676 0.096704 0.0142476
3312 0.096671 0.0142476
147650 0.096669 0.0142476
246269 0.096669 0.0142476
6386 0.096656 0.0142476
9656 0.096655 0.0142476
10383 0.096653 0.0142476
79873 0.096617 0.0142476
10063 0.096588 0.0142476
5830 0.096583 0.0142476
3329 0.096581 0.0142476
29934 0.096581 0.0142476
1800 0.09658 0.0142476
905 0.096543 0.0142476
7534 0.096541 0.0142476
7530 0.096541 0.0142476
3675 0.096528 0.0142476
445815 0.09652 0.0142476
3065 0.096514 0.0142476
369 0.096497 0.0142476
5371 0.096485 0.0142476
57693 0.096479 0.0142476
7158 0.096479 0.0142476
5019 0.096401 0.0142476
9601 0.096392 0.0142476
6732 0.09638 0.0142476
142 0.096371 0.0142476
89870 0.096361 0.0142476
3320 0.096336 0.0142476
7532 0.096335 0.0142476
5239 0.096315 0.0142476
471 0.09628 0.0142476
554313 0.096268 0.0142476
8359 0.096268 0.0142476
8370 0.096268 0.0142476
8294 0.096268 0.0142476
8361 0.096268 0.0142476
8360 0.096268 0.0142476
8363 0.096268 0.0142476
8362 0.096268 0.0142476
8365 0.096268 0.0142476
8364 0.096268 0.0142476
8367 0.096268 0.0142476
8366 0.096268 0.0142476
8368 0.096268 0.0142476
121504 0.096268 0.0142476
7704 0.096263 0.0142476
56954 0.096221 0.0142476
9061 0.096191 0.0142476
1488 0.096184 0.0142476
3309 0.096179 0.0142476
1616 0.096147 0.0142476
3003 0.09614 0.0142476
9531 0.096133 0.0142476
92483 0.096126 0.0142476
53938 0.096084 0.0142476
6672 0.09608 0.0142476
81572 0.096069 0.0142476
2954 0.096064 0.0142476
6311 0.096059 0.0142476
119710 0.096045 0.0142476
10298 0.096036 0.0142476
25824 0.096027 0.0142476
8624 0.096018 0.0142476
2956 0.095989 0.0142476
160287 0.095948 0.0142476
3064 0.095942 0.0142476
10087 0.095919 0.0142476
8658 0.095869 0.0142476
57698 0.095846 0.0142476
55093 0.095842 0.0142476
7295 0.095808 0.0142476
8723 0.095803 0.0142476
388228 0.095798 0.0142476
2739 0.09578 0.0142476
1936 0.095774 0.0142476
9219 0.095761 0.0142476
6601 0.095759 0.0142476
7536 0.095753 0.0142476
2923 0.09568 0.0142476
5966 0.095674 0.0142476
10980 0.095674 0.0142476
1487 0.09564 0.0142476
26128 0.095629 0.0142476
2885 0.095627 0.0142476
51042 0.095627 0.0142476
6829 0.095596 0.0142476
4176 0.095561 0.0142476
6613 0.095531 0.0142476
7001 0.095505 0.0142476
8705 0.095489 0.0142476
5500 0.095479 0.0142476
51163 0.09547 0.0142476
7431 0.095458 0.0142476
3958 0.095455 0.0142476
10484 0.095388 0.0142476
10728 0.09538 0.0142476
5566 0.09538 0.0142476
1861 0.09536 0.0142476
25 0.095344 0.0142476
545 0.095331 0.0142476
6310 0.095304 0.0142476
84717 0.095288 0.0142476
8553 0.09528 0.0142476
5238 0.095252 0.0142476
79017 0.09523 0.0142476
132320 0.095208 0.0142476
80198 0.095204 0.0142476
874 0.095191 0.0142476
1759 0.095159 0.0142476
3308 0.095154 0.0142476
1478 0.095143 0.0142476
23582 0.095132 0.0142476
6876 0.095129 0.0142476
79001 0.095102 0.0142476
10490 0.095076 0.0142476
84706 0.095074 0.0142476
6714 0.095072 0.0142476
10055 0.09507 0.0142476
23075 0.095068 0.0142476
8718 0.095067 0.0142476
11091 0.095064 0.0142476
10657 0.095059 0.0142476
7265 0.095052 0.0142476
5859 0.095019 0.0142476
4609 0.095012 0.0142476
5232 0.095009 0.0142476
3146 0.094971 0.0142476
32 0.094959 0.0142476
6648 0.094956 0.0142476
9859 0.094939 0.0142476
50865 0.094927 0.0142476
1107 0.094913 0.0142476
10016 0.094886 0.0142476
5358 0.094847 0.0142476
7421 0.094834 0.0142476
8479 0.094825 0.0142476
1432 0.094804 0.0142476
1019 0.094801 0.0142476
3838 0.094788 0.0142476
1937 0.094784 0.0142476
1026 0.094777 0.0142476
7866 0.094758 0.0142476
2932 0.094751 0.0142476
9039 0.094745 0.0142476
8945 0.094744 0.0142476
6774 0.094732 0.0142476
1627 0.09473 0.0142476
9869 0.094726 0.0142476
9053 0.094691 0.0142476
5877 0.09466 0.0142476
6427 0.09466 0.0142476
6636 0.09465 0.0142476
5064 0.094645 0.0142476
8841 0.094644 0.0142476
1073 0.09463 0.0142476
9817 0.09463 0.0142476
5226 0.094627 0.0142476
11269 0.094622 0.0142476
1641 0.09461 0.0142476
203068 0.094582 0.0142476
