5468 89 0.000000e+00
23054 1 4.445000e-04
29109 1 5.187000e-04
8543 1 8.059000e-04
2308 1 5.187000e-04
8841 1 7.334000e-04
8031 1 2.223000e-04
85441 1 7.620000e-05
221504 1 4.445000e-04
7141 1 2.223000e-04
23019 1 4.445000e-04
6257 1 2.981000e-04
6256 1 4.445000e-04
9925 1 2.981000e-04
190 1 2.981000e-04
857 1 7.334000e-04
3064 1 8.763000e-04
79842 1 2.981000e-04
871 1 7.334000e-04
221037 1 2.981000e-04
5578 1 7.334000e-04
9326 1 1.528000e-04
9325 1 2.981000e-04
3832 1 4.445000e-04
7329 1 8.059000e-04
1387 1 7.334000e-04
9612 1 4.445000e-04
9611 1 5.187000e-04
1956 1 8.763000e-04
5495 1 5.187000e-04
84838 1 2.981000e-04
8648 1 2.981000e-04
7791 1 8.059000e-04
10499 1 4.445000e-04
8431 1 2.981000e-04
5970 1 7.334000e-04
10002 1 2.981000e-04
5371 1 7.334000e-04
6604 1 7.334000e-04
4929 1 1.528000e-04
6840 1 7.334000e-04
4488 1 1.528000e-04
3159 1 4.445000e-04
10048 1 7.334000e-04
2033 1 7.334000e-04
8554 1 7.334000e-04
10891 1 2.981000e-04
4734 1 8.059000e-04
284312 1 2.981000e-04
247 1 7.620000e-05
57409 1 4.445000e-04
6772 1 8.059000e-04
221895 1 7.620000e-05
5604 1 8.059000e-04
6421 1 8.763000e-04
10524 1 8.059000e-04
8721 1 5.187000e-04
688 1 4.445000e-04
26137 1 7.620000e-05
4793 1 4.445000e-04
23764 1 2.981000e-04
4582 1 2.981000e-04
23426 1 5.187000e-04
7874 1 8.059000e-04
547 1 7.334000e-04
64324 1 4.445000e-04
5469 1 4.445000e-04
5929 1 7.334000e-04
7316 1 8.763000e-04
11331 1 8.059000e-04
9603 1 1.528000e-04
1020 1 7.334000e-04
2168 1 2.223000e-04
10902 1 2.981000e-04
51701 1 2.981000e-04
8204 1 2.981000e-04
9314 1 2.981000e-04
253980 1 4.445000e-04
3725 1 7.334000e-04
2648 1 7.334000e-04
9070 1 7.334000e-04
3551 1 7.334000e-04
6857 1 2.223000e-04
10987 1 7.334000e-04
81 1 8.059000e-04
8805 1 7.334000e-04
8202 1 4.445000e-04
11091 1 8.059000e-04
3164 1 7.334000e-04
