9070	0.159376	3169
9070	0.156768	367
9070	0.155227	30827
9070	0.191701	11091
9070	0.154114	8085
9070	0.155450	7157
9070	0.157535	5705
9070	0.215187	284312
9070	0.154587	22976
9070	0.152709	58508
9070	0.162341	7404
9070	0.152912	58499
9070	0.158740	2078
9070	0.211319	23054
9070	0.577461	5468
9070	0.152814	3054
9070	0.165448	171023
9070	0.196429	5929
9070	0.156068	7403
6667	0.174093	9612
6667	0.118932	30012
6667	0.115541	4088
6667	0.115545	4208
6667	0.117304	6720
6667	0.116464	3065
6667	0.149894	3064
6667	0.118439	2099
6667	0.115345	6908
6667	0.114679	5580
6667	0.117344	7157
6667	0.115961	5451
6667	0.114721	4087
6667	0.157444	5371
6667	0.127244	4487
6667	0.154911	2033
6667	0.115802	6047
6667	0.150563	10524
6667	0.119016	6736
6667	0.114708	3054
6667	0.187498	9314
6667	0.117301	1958
6667	0.163899	9611
6667	0.114575	5595
6667	0.116296	5594
6667	0.116745	3227
6667	0.116009	3091
6667	0.126694	5914
6667	0.123467	2516
6667	0.118198	2100
6722	0.133383	1051
6722	0.128227	10973
6722	0.182838	9612
6722	0.132380	93649
6722	0.127324	153443
6722	0.135951	51008
6722	0.160226	7329
6722	0.137340	218
6722	0.148580	6258
6722	0.193916	8648
6722	0.135439	5914
6722	0.128366	6714
6722	0.166254	1387
6722	0.178928	6256
6722	0.126707	7403
6722	0.202147	9325
10519	0.177982	8204
10519	0.145583	5663
10519	0.131299	5881
10519	0.145191	5664
10519	0.116109	2537
10519	0.115104	3674
9670	0.121815	2101
9670	0.151166	7329
9670	0.248484	2710
9670	0.137203	8092
9670	0.123074	80714
148156	0.197503	348
23369	0.120630	340719
4783	0.126211	10538
4783	0.141747	4097
4783	0.216470	23764
4783	0.127941	1649
10103	0.118069	4192
10103	0.171330	4793
4780	0.236150	9603
4780	0.218225	23764
4780	0.143502	4097
4780	0.124295	468
4780	0.121729	5580
4780	0.169084	5578
4780	0.145504	571
4780	0.125365	196
4780	0.123319	2932
4780	0.163359	8805
4780	0.122800	7341
4780	0.189895	7975
4780	0.133744	5914
4780	0.164559	1387
4780	0.127985	4778
3727	0.119696	10538
3727	0.160160	10987
3727	0.121426	1649
3727	0.114591	8061
3727	0.153691	2033
3727	0.155383	3725
3727	0.117442	367
8092	0.174372	2033
8092	0.176970	1387
3551	0.154532	1147
3551	0.187712	3064
3551	0.204910	5495
3551	0.194419	3725
3551	0.156898	2309
3551	0.152497	5580
3551	0.155161	7157
3551	0.152780	4790
3551	0.156397	1499
3551	0.153115	8517
3551	0.153504	207
3551	0.207842	8202
3551	0.577172	5468
3551	0.157439	6714
3551	0.152464	9641
3551	0.153483	4791
3551	0.206252	4793
3551	0.195327	1387
3551	0.186190	11140
3551	0.199852	5578
3551	0.199196	10987
3551	0.192901	5970
3551	0.236265	4582
51303	0.158139	5970
115950	0.179705	2516
10891	0.192519	2100
10891	0.189137	23411
10891	0.203745	3172
10891	0.195711	2908
10891	0.190589	2932
10891	0.225801	7329
10891	0.244503	6256
10891	0.200230	2494
10891	0.202517	5465
10891	0.203651	9970
10891	0.613676	5468
10891	0.196450	2101
10891	0.229405	5970
10891	0.201716	8856
10891	0.189683	6097
10891	0.194223	2104
3257	0.160422	5664
80333	0.179279	5663
80333	0.178887	5664
79370	0.163289	10987
10788	0.153148	5970
10788	0.166498	4793
348	0.180443	3949
348	0.246377	51295
348	0.234816	2639
348	0.174453	338
348	0.235013	90580
348	0.175119	2291
348	0.175119	2290
348	0.233085	9361
348	0.195623	22874
348	0.175522	2193
348	0.214594	54850
348	0.175294	6009
348	0.202159	344
348	0.177419	7436
348	0.210968	2
348	0.264435	3437
348	0.193256	4846
348	0.214666	24138
348	0.220505	84171
348	0.179420	53822
348	0.177082	336
348	0.190561	56172
348	0.183818	3931
348	0.214008	1562
348	0.176034	7001
348	0.171890	22905
348	0.171928	1994
348	0.202149	5663
348	0.263584	22983
348	0.174773	58526
348	0.204921	11140
348	0.611982	1558
348	0.191622	84106
348	0.184812	351
348	0.180260	9922
348	0.246594	140545
9935	0.140698	468
9935	0.145926	4094
9935	0.161907	571
9935	0.139263	8061
9935	0.140522	2353
9935	0.164791	51201
9463	0.113334	2899
9463	0.113508	207
9463	0.159855	5578
9463	0.117751	2917
9463	0.149846	7874
9463	0.120563	7832
9463	0.112751	2834
2917	0.168378	23426
2918	0.158799	8554
715	0.152904	2033
4968	0.158764	5578
6758	0.180211	284312
6758	0.118626	84105
6758	0.124065	4778
1795	0.149321	5663
1795	0.148929	5664
5465	0.142353	10062
5465	0.184233	9612
5465	0.136423	6955
5465	0.174038	9611
5465	0.180323	6256
5465	0.165051	2033
5465	0.234526	7141
5465	0.161621	7329
5465	0.149975	6258
5465	0.127970	1018
5465	0.236100	2168
5465	0.195311	8648
5465	0.155365	3171
5465	0.175091	51102
5465	0.129762	6714
5465	0.152967	29982
5465	0.188141	8204
5467	0.188843	8431
5467	0.168145	10048
5467	0.181977	9612
5467	0.151763	5629
5467	0.171783	9611
5467	0.127313	5705
5467	0.232270	7141
5467	0.147719	6258
5467	0.122901	2752
5467	0.122486	3066
5467	0.193055	8648
5467	0.125718	8668
5467	0.162795	2033
5467	0.224689	6257
5467	0.178067	6256
5469	0.165128	10001
5469	0.167012	6720
5469	0.165133	8295
5469	0.164871	10025
5469	0.168147	2099
5469	0.165664	219541
5469	0.167052	7157
5469	0.167908	9282
5469	0.210246	547
5469	0.179038	9970
5469	0.183358	81857
5469	0.165926	9441
5469	0.589063	5468
5469	0.166575	9862
5469	0.169961	6095
5469	0.175991	6955
5469	0.167907	2100
5469	0.266514	6257
5469	0.171176	7376
5469	0.164732	51586
5469	0.172711	7421
5469	0.176401	5914
5469	0.207217	1387
5469	0.164495	9968
5469	0.219891	6256
5468	0.576862	871
5468	0.575453	8543
5468	0.594870	253980
5468	0.578742	5371
5468	0.581836	547
5468	0.602258	8431
5468	0.571861	10524
5468	0.598680	3832
5468	0.632473	23764
5468	0.570733	1956
5468	0.582426	6840
5468	0.575176	4734
5468	0.569870	7316
5468	0.578808	1387
5468	0.638103	6257
5468	0.591481	6256
5468	0.581558	10048
5468	0.643007	6857
5468	0.646151	8031
5468	0.629388	190
5468	0.573323	7874
5468	0.574892	5604
5468	0.588391	5495
5468	0.576987	81
5468	0.588467	2308
5468	0.577607	8805
5468	0.599299	8204
5468	0.591323	8202
5468	0.789821	247
5468	0.593645	3159
5468	0.608796	9314
5468	0.604739	221037
5468	0.568479	6421
5468	0.583333	5578
5468	0.657223	4488
5468	0.582677	10987
5468	0.645684	7141
5468	0.574693	6772
5468	0.647258	2168
5468	0.599870	10902
5468	0.588958	8721
5468	0.576382	5970
5468	0.589542	57409
5468	0.574893	11091
5468	0.583195	6604
5468	0.571287	7791
5468	0.584127	3164
5468	0.650937	9326
5468	0.614699	9325
5468	0.581579	857
5468	0.739291	26137
5468	0.595893	23019
5468	0.571866	11331
5468	0.577900	3725
5468	0.588913	1020
5468	0.593857	221504
5468	0.591629	10499
5468	0.595391	9612
5468	0.634076	10002
5468	0.585197	9611
5468	0.598379	284312
5468	0.597102	64324
5468	0.571192	3064
5468	0.621030	84838
5468	0.587803	23426
5468	0.828815	85441
5468	0.634737	79842
5468	0.652817	4929
5468	0.572779	7329
5468	0.746658	221895
5468	0.576209	2033
5468	0.580358	8841
5468	0.579620	5929
5468	0.578348	2648
5468	0.650397	9603
5468	0.594511	23054
5468	0.579362	8554
5468	0.589732	4793
5468	0.602556	51701
5468	0.589519	29109
5468	0.597750	688
5468	0.606469	8648
5468	0.632884	9925
5468	0.619746	4582
6840	0.211315	57409
6840	0.164461	2908
6840	0.162704	399909
6840	0.161733	367
6840	0.161510	2099
6095	0.120029	8668
6095	0.141151	55629
6095	0.172526	10499
6095	0.146074	5629
6095	0.121625	5705
6095	0.163575	10987
6095	0.210286	190
6095	0.122792	79364
6095	0.178000	64324
6095	0.157106	2033
6095	0.187367	8648
6095	0.145083	10957
6097	0.115140	8668
6097	0.116759	9575
6097	0.116735	5705
6097	0.111948	406
6097	0.182477	8648
6097	0.170518	23054
6097	0.116399	4862
6097	0.154815	1387
6097	0.117845	6096
6096	0.141437	55629
6096	0.125072	4878
6096	0.121935	9575
6096	0.121912	5705
6096	0.180483	8204
6096	0.163390	4135
6096	0.153963	7329
6096	0.178287	64324
6096	0.187654	8648
6096	0.175695	23054
6096	0.120316	8668
6096	0.122104	6714
6096	0.145370	10957
6096	0.117774	7136
5308	0.119336	1499
5308	0.236680	4488
5308	0.230395	9326
5308	0.123991	4205
4734	0.203437	1020
4734	0.151509	207
4734	0.151363	4088
4734	0.184393	7316
4734	0.185256	1956
4734	0.156756	4778
4734	0.192424	3725
4734	0.155443	6714
4734	0.151350	10110
340061	0.117005	9641
340061	0.150931	7316
340061	0.157536	3434
340061	0.150937	3433
286827	0.144392	2099
286827	0.215783	51295
286827	0.152553	11270
286827	0.144152	2100
286827	0.199334	283576
84547	0.143069	342945
84547	0.170484	3164
84547	0.125988	55663
5915	0.193829	9612
5915	0.140235	2625
5915	0.139165	5705
5915	0.251254	4929
5915	0.134457	4087
5915	0.180644	4135
5915	0.162624	10957
5915	0.159571	6258
5915	0.154665	55806
5915	0.204908	8648
5915	0.137570	8668
5915	0.236542	6257
5915	0.189919	6256
5915	0.138152	25865
5914	0.124325	23532
5914	0.182729	9612
5914	0.142286	81857
5914	0.172535	9611
5914	0.130026	2908
5914	0.130104	7376
5914	0.160662	7874
5914	0.139955	5881
5914	0.123239	3066
5914	0.124387	7341
5914	0.164326	81
5914	0.127075	2099
5914	0.128258	6714
5914	0.151464	29982
5914	0.128066	5705
5914	0.240155	4929
5914	0.166080	5371
5914	0.124972	6688
5914	0.127730	4862
5914	0.128089	9575
5914	0.189596	8431
5914	0.147591	55629
5914	0.178967	10499
5914	0.124324	207
5914	0.134391	7080
5914	0.181849	23054
5914	0.186638	8204
5914	0.178662	8202
5914	0.183231	23019
5914	0.143566	55806
5914	0.129802	9318
5914	0.180984	3159
5914	0.135979	171023
5914	0.157023	50805
5914	0.124933	5594
5914	0.138772	7068
5914	0.124080	1022
5914	0.184441	64324
5914	0.151524	10957
5914	0.148471	6258
5914	0.173588	51102
5914	0.193808	8648
5914	0.126024	8850
5914	0.225442	6257
5914	0.178820	6256
5914	0.130402	10865
5916	0.190311	8431
5916	0.148307	55629
5916	0.183445	9612
5916	0.127944	8877
5916	0.173251	9611
5916	0.124893	4088
5916	0.128781	5705
5916	0.179377	8202
5916	0.170260	4135
5916	0.152239	10957
5916	0.149186	6258
5916	0.194524	8648
5916	0.127186	8668
5916	0.181699	3159
5916	0.179792	2063
5916	0.226158	6257
5916	0.179535	6256
140545	0.261819	51295
140545	0.250258	2639
140545	0.248527	9361
140545	0.217591	5663
140545	0.190964	2193
140545	0.193151	5886
140545	0.217199	5664
140545	0.279877	3437
140545	0.188470	22976
140545	0.230036	54850
140545	0.226409	2
140545	0.219193	5864
140545	0.208698	4846
140545	0.309836	9545
140545	0.235947	84171
140545	0.194149	10724
140545	0.200827	57559
140545	0.217442	9158
140545	0.191476	7001
140545	0.230107	24138
140545	0.248818	6468
140545	0.193591	10556
140545	0.279026	22983
140545	0.231768	1995
140545	0.239605	1020
140545	0.220363	11140
140545	0.631018	1559
140545	0.199361	51013
140545	0.192284	3221
140545	0.207064	84106
140545	0.239457	642
140545	0.200254	351
140545	0.627424	1558
140545	0.256823	54536
780851	0.190856	64324
56751	0.150835	7089
1122	0.162396	5864
196	0.114901	406
196	0.155169	2033
196	0.185430	8648
196	0.121528	3169
196	0.118839	1499
196	0.119880	6714
196	0.115604	6908
190	0.268035	8204
190	0.211423	2908
190	0.207337	6720
190	0.211199	9318
190	0.213500	2516
190	0.212163	2101
190	0.209936	2104
58508	0.150141	11091
58508	0.113890	7157
58508	0.169759	23054
58508	0.113027	22976
58508	0.120781	7404
58508	0.153148	3725
58508	0.154868	5929
58508	0.114508	7403
206338	0.329064	3437
6383	0.159796	1562
6383	0.119426	8573
6383	0.164370	5578
3674	0.141029	5566
79726	0.157753	2033
26154	0.115540	19
79722	0.185823	284312
117154	0.144327	10379
2268	0.117309	367
2268	0.148083	1956
2268	0.126044	8856
2268	0.121650	7421
1018	0.115081	1033
63934	0.153245	11140
29915	0.111408	3054
29915	0.155023	5929
29915	0.150295	11091
8517	0.113201	54934
8517	0.218950	6857
8517	0.152325	5970
8517	0.145614	11140
8517	0.210679	79842
8517	0.115135	19
8517	0.113510	2932
8517	0.145813	7316
8517	0.167266	8202
8517	0.134945	727764
8517	0.119887	1649
8517	0.146676	1956
8517	0.113043	6047
8517	0.154751	1387
8517	0.112203	4790
8517	0.112907	4791
8517	0.113956	1147
8517	0.165676	4793
8513	0.191029	5664
3586	0.154535	3588
3586	0.179932	2
3586	0.184760	3587
4197	0.115123	8850
4197	0.149217	7329
4197	0.114805	2353
4197	0.113486	7341
4197	0.154338	3725
4197	0.114360	3726
4197	0.155245	1387
9158	0.142155	2246
9158	0.143664	2932
57472	0.145396	9337
57472	0.138554	29883
57472	0.138935	9125
57472	0.138552	25904
57472	0.144938	4848
57472	0.190693	23019
22908	0.162850	5578
8668	0.131991	10062
8668	0.117975	2100
8668	0.135377	4306
8668	0.129912	7068
8668	0.118216	2099
8668	0.116257	22976
8668	0.121275	3174
8668	0.122780	7421
8668	0.119680	2104
8668	0.129107	9970
8668	0.121907	2101
8668	0.127173	8856
9847	0.130439	2101
195814	0.252640	51701
195814	0.406326	2134
8693	0.223047	4582
5578	0.165445	7376
5578	0.162701	3007
5578	0.166719	7832
5578	0.160870	94274
5578	0.198888	2033
5578	0.160584	9421
5578	0.161856	9332
5578	0.160247	2932
5578	0.164045	4255
5578	0.163250	6674
5578	0.158942	3151
5578	0.193412	1956
5578	0.161400	5207
5578	0.216325	3159
5578	0.171289	6402
5578	0.159828	846
5578	0.159359	1994
5578	0.161002	5598
5578	0.166517	3010
5578	0.268364	7141
5578	0.161743	7142
5578	0.168450	3150
5578	0.220430	688
5578	0.557316	1576
113179	0.202172	7068
6278	0.164065	10048
6278	0.165183	10987
3151	0.114294	8850
3151	0.151818	2033
3151	0.148389	7329
1845	0.146967	1956
1845	0.112107	5595
1845	0.113828	5594
1845	0.114623	8573
7709	0.113033	604
7709	0.114733	2100
7709	0.114035	5241
7709	0.111242	3054
7709	0.154044	1387
7709	0.114973	2099
64699	0.184704	6256
430	0.183245	23054
430	0.168354	5929
23326	0.159465	2648
23326	0.121527	5743
23326	0.117231	23411
338	0.123743	3949
338	0.115390	4088
338	0.120383	336
338	0.116104	799
338	0.145459	344
338	0.117602	4547
336	0.148089	344
336	0.129748	3931
8463	0.184574	8648
8463	0.118685	7392
23456	0.188196	51295
7341	0.171786	9612
7341	0.133293	4306
7341	0.149719	7874
7341	0.151287	5604
7341	0.113103	7227
7341	0.120928	4205
7341	0.114906	10773
7341	0.112579	1616
7341	0.113362	51341
7341	0.155137	5371
7341	0.149174	7329
7341	0.113495	6047
7341	0.116354	367
7341	0.116408	467
7341	0.112675	10401
7341	0.112347	6996
7341	0.155757	8554
7341	0.114763	2353
7341	0.154296	3725
7341	0.127118	3172
7341	0.113156	2122
7341	0.115037	7157
7341	0.119149	53335
7341	0.114243	1386
7341	0.155202	1387
7341	0.125089	8856
2639	0.250041	51295
2639	0.208585	11140
2639	0.267247	22983
2639	0.205813	5663
2639	0.214631	2
2639	0.205421	5664
2639	0.196919	4846
2639	0.245044	54536
9326	0.241008	3172
9326	0.241718	7068
9326	0.229781	2100
9326	0.281766	6256
9326	0.317422	9214
55809	0.157264	2516
55809	0.188708	2033
9324	0.123100	7421
9324	0.130232	7068
9325	0.230428	5970
9325	0.193543	2100
9325	0.205480	7068
9325	0.203369	5083
9325	0.194826	10973
9325	0.230256	2033
9325	0.200866	7026
9325	0.260516	8648
9325	0.194006	367
9325	0.232854	1387
9325	0.190307	4790
9325	0.245528	6256
9325	0.231947	3725
8192	0.283968	10845
4542	0.124268	10379
5705	0.133586	10062
5705	0.154968	11091
5705	0.177910	9361
5705	0.119811	2099
5705	0.136972	4306
5705	0.130702	9970
5705	0.117060	207
5705	0.171398	8202
5705	0.118442	2353
5705	0.122871	3174
5705	0.131508	7068
5705	0.149945	7316
5705	0.128769	8856
5705	0.124375	7421
5705	0.123502	2101
5705	0.119571	2100
5705	0.171555	6256
5705	0.121276	2104
3458	0.116021	3459
22976	0.188253	51295
22976	0.152019	11091
22976	0.113144	4087
22976	0.115767	7157
22976	0.171636	23054
22976	0.155867	5371
22976	0.123719	79447
22976	0.156746	5929
22976	0.156488	8554
22976	0.152844	2
22976	0.126688	351
22976	0.205460	22983
22976	0.122659	7404
22976	0.135132	4846
22976	0.116386	7403
858	0.118085	5338
858	0.147295	1956
858	0.158141	857
858	0.115718	8436
387103	0.168930	10987
25904	0.133695	9337
25904	0.126853	29883
25904	0.127233	9125
25904	0.120902	57690
25904	0.131427	246175
25904	0.133237	4848
25904	0.124774	4849
25904	0.178992	23019
25904	0.130383	9924
55154	0.149885	10062
55154	0.172582	2033
24138	0.229891	51295
24138	0.188435	11140
24138	0.247097	22983
24138	0.216598	9361
24138	0.194481	2
24138	0.161222	5886
24138	0.185271	5664
24138	0.159548	7001
24138	0.247948	3437
143279	0.157610	8554
84570	0.144601	351
26873	0.297942	2710
221037	0.184046	367
221037	0.183583	2100
221037	0.235567	6256
221037	0.195520	7068
4772	0.148431	7329
4772	0.151861	2033
4772	0.155013	8554
4772	0.156010	8841
4772	0.114337	8850
4772	0.113424	10014
26287	0.290161	9214
26287	0.208352	26959
26287	0.297760	79842
90	0.183867	6256
90	0.136687	7421
90	0.143819	7068
4778	0.120264	8850
4778	0.120122	468
4778	0.231977	9603
4778	0.127350	3150
4778	0.160387	1387
4779	0.245808	9603
4779	0.153161	4097
4779	0.133954	468
4779	0.227884	23764
4779	0.132978	2932
4779	0.186368	60468
4779	0.131417	3054
1993	0.147208	3225
1993	0.180229	1995
1993	0.233227	10002
1993	0.151465	1996
6759	0.130499	5083
6759	0.118484	3091
1995	0.231551	51295
1995	0.190095	11140
1995	0.196142	2
1995	0.248758	22983
1995	0.178430	4846
1994	0.151816	10659
1994	0.112004	5580
1994	0.118714	2908
1994	0.116437	5743
1994	0.142533	5664
1994	0.134032	4846
9937	0.157610	8554
1628	0.119382	1050
1628	0.120536	1054
1628	0.121662	10538
1628	0.119461	467
1628	0.123392	1649
1628	0.131104	55509
1628	0.120878	116071
1628	0.115952	2034
1628	0.123685	3131
1628	0.120199	9575
64324	0.182705	27242
64324	0.180751	7421
64324	0.182634	2649
64324	0.187883	7068
64324	0.183657	2494
64324	0.179246	3174
64324	0.183876	7101
64324	0.176472	3007
64324	0.183269	7026
64324	0.183973	7025
64324	0.257479	84838
64324	0.176409	367
64324	0.179877	2101
64324	0.228188	2063
64324	0.176186	2099
64324	0.227931	6256
221504	0.170148	55628
221504	0.173068	7544
221504	0.175892	2908
221504	0.172662	133522
221504	0.169465	4790
83478	0.146761	3064
3066	0.170638	9612
3066	0.112319	6597
3066	0.113890	7157
3066	0.112214	51341
3066	0.118498	26240
3066	0.152855	8805
3066	0.112555	3091
3066	0.172998	688
3066	0.113009	3065
3066	0.168893	3159
3066	0.151630	5970
3066	0.160444	9611
150000	0.172933	3164
29883	0.133697	9337
29883	0.127236	9125
29883	0.120904	57690
29883	0.131429	246175
29883	0.133239	4848
29883	0.157794	6772
29883	0.178994	23019
29883	0.127140	7832
29883	0.130385	9924
29883	0.124776	4849
284312	0.174670	55628
284312	0.185823	84684
284312	0.186054	246175
284312	0.185823	57057
284312	0.178118	4862
284312	0.181766	252884
63946	0.121037	10379
440515	0.156268	5371
3065	0.172500	9612
3065	0.114180	6597
3065	0.113949	4088
3065	0.119797	2908
3065	0.149888	7329
3065	0.116845	2099
3065	0.117043	1050
3065	0.113293	1616
3065	0.114368	5451
3065	0.142369	5566
3065	0.138455	5017
3065	0.155851	5371
3065	0.154716	8805
3065	0.153318	2033
3065	0.117068	367
3065	0.179366	8431
3065	0.148970	10524
3065	0.148975	11331
3065	0.123928	7026
3065	0.157467	8841
3065	0.113369	4790
3065	0.114073	4791
3065	0.162305	9611
3065	0.115751	7157
3065	0.113181	5933
3065	0.114075	51341
3065	0.153491	5970
3065	0.133336	55806
3064	0.147098	11177
3064	0.148553	1147
3064	0.195736	9611
3064	0.149181	7157
3064	0.146861	51586
3064	0.148582	3227
3064	0.152133	3221
3064	0.152791	323
3064	0.147482	4209
3064	0.189902	8554
3064	0.150418	1499
3064	0.189347	1387
3064	0.146800	4790
94274	0.113734	5587
1050	0.151142	10524
1050	0.120369	1054
1050	0.117823	468
1050	0.121613	1044
1050	0.121495	10538
1050	0.119294	467
1050	0.170604	8202
1050	0.130937	55509
1050	0.120711	116071
1050	0.118294	1053
1050	0.177032	688
1050	0.117649	2353
1050	0.117129	1386
1050	0.116390	8061
1050	0.115186	10221
1051	0.163631	2648
1051	0.122878	5594
1051	0.127621	60489
1051	0.123925	7157
1051	0.125250	4602
1051	0.127971	2908
1051	0.129227	1649
1051	0.121189	10221
1051	0.161492	2033
1051	0.183034	688
1051	0.121763	1385
1051	0.123968	8850
1051	0.125020	2099
1051	0.123882	1958
1051	0.205029	4582
1053	0.124720	11036
1053	0.119448	1054
1053	0.116902	468
1053	0.120574	10538
1053	0.115619	5451
1053	0.118373	467
1053	0.122304	1649
1053	0.151139	7329
1053	0.115469	8061
1053	0.130016	55509
1053	0.119790	116071
1053	0.157722	8554
1053	0.116728	2353
1053	0.156260	3725
1053	0.114821	10025
1054	0.118977	468
1054	0.122648	10538
1054	0.120448	467
1054	0.124379	1649
1054	0.132090	55509
1054	0.121866	116071
1054	0.178185	688
1054	0.118803	2353
1054	0.158335	3725
1054	0.118283	1386
1054	0.117543	8061
5451	0.171997	9612
5451	0.124662	3225
5451	0.141867	5566
5451	0.127870	3196
5451	0.118839	10379
5451	0.112612	3054
5451	0.113250	6908
8436	0.160081	857
159296	0.128335	11036
133522	0.122483	7752
133522	0.118541	2099
133522	0.129423	130557
51102	0.176319	3172
51102	0.217077	6256
51102	0.177030	7068
201501	0.120898	6720
115704	0.161268	2
115704	0.152058	5664
5929	0.156274	8085
5929	0.193860	11091
5929	0.157609	7157
5929	0.213478	23054
5929	0.191746	7329
5929	0.164500	7404
5929	0.155072	58499
5929	0.157386	30827
5929	0.158227	7403
5929	0.154973	3054
5458	0.117565	2099
23054	0.187369	10062
23054	0.215417	10048
23054	0.229249	9612
23054	0.208751	11091
23054	0.169876	4087
23054	0.170698	4088
23054	0.176546	2908
23054	0.176623	7376
23054	0.173594	2099
23054	0.172500	7157
23054	0.173817	367
23054	0.179893	6957
23054	0.178159	7421
23054	0.174778	6714
23054	0.184581	3172
23054	0.181439	6955
23054	0.173354	2100
23054	0.185291	7068
23054	0.176910	7067
23054	0.225339	6256
23054	0.223378	29109
23054	0.194991	6258
23054	0.170321	63925
23054	0.240327	8648
23054	0.179391	7404
23054	0.171706	1386
23054	0.212666	1387
23054	0.170179	51586
23054	0.182552	8856
23054	0.173118	7403
4255	0.145973	5566
4255	0.120449	2099
9441	0.113323	10025
9441	0.113184	51586
9441	0.116361	9282
9441	0.115465	6720
9441	0.113587	8295
9441	0.131811	81857
9441	0.115028	9862
9441	0.112948	9968
54103	0.144601	351
79918	0.152817	5970
7001	0.191260	51295
7001	0.123209	51293
7001	0.149803	11140
7001	0.162809	10987
7001	0.147031	5663
7001	0.155850	2
7001	0.208466	22983
7001	0.125665	7404
7001	0.186263	54536
2122	0.114793	8850
2122	0.148888	7329
2122	0.114476	2353
2122	0.154009	3725
2122	0.114031	3726
2122	0.154916	1387
1280	0.157092	5970
4664	0.116388	1958
51586	0.113834	9862
51586	0.112387	10001
51586	0.154476	1387
51586	0.115167	9282
51586	0.114270	6720
51586	0.112392	8295
51586	0.130616	81857
51586	0.112129	10025
51586	0.111754	9968
79842	0.220444	11036
79842	0.210923	4088
79842	0.213637	2626
79842	0.246858	80032
79842	0.239260	5629
79842	0.229843	3664
79842	0.212006	23338
79842	0.216772	2908
79842	0.217714	5316
79842	0.217136	7067
79842	0.212360	51176
29109	0.170777	1380
688	0.222294	9611
688	0.174665	2932
688	0.209877	7329
688	0.232488	9612
688	0.215905	1387
8648	0.199328	10062
8648	0.202714	4306
8648	0.182888	6597
8648	0.184615	5241
8648	0.188505	2908
8648	0.188582	7376
8648	0.199653	3170
8648	0.233619	23426
8648	0.185313	2100
8648	0.185553	2099
8648	0.223717	3725
8648	0.184458	7157
8648	0.191231	602
8648	0.188613	3174
8648	0.222025	2033
8648	0.182917	6047
8648	0.185507	9971
8648	0.196445	9970
8648	0.185776	367
8648	0.192001	2649
8648	0.190117	7421
8648	0.237140	8202
8648	0.184502	8850
8648	0.192410	79447
8648	0.184184	2353
8648	0.196540	3172
8648	0.189244	2101
8648	0.192869	7080
8648	0.224624	1387
8648	0.188869	7067
8648	0.228494	10987
8648	0.197250	7068
8648	0.193340	7025
8648	0.193024	2494
8648	0.237297	6256
8648	0.237445	10499
8648	0.190582	2516
8648	0.283920	6257
8648	0.194511	8856
8648	0.187018	2104
8647	0.165144	3164
7182	0.146921	126382
7182	0.127070	868
7182	0.336701	221895
7182	0.130002	367
7182	0.158616	7181
7182	0.140765	3172
7182	0.228146	6257
1576	0.553434	10857
1576	0.644081	2710
1576	0.537844	10273
1576	0.539245	5566
1576	0.543443	267
10062	0.133238	2309
10062	0.195116	8431
10062	0.235866	6857
10062	0.178055	9611
10062	0.192158	8204
10062	0.135547	2908
10062	0.184181	8202
10062	0.181817	8721
10062	0.143467	54929
10062	0.153991	6258
10062	0.134753	79364
10062	0.133778	6714
10062	0.131544	8850
10062	0.230962	6257
10062	0.184339	6256
2710	0.254140	316
2710	0.250218	325
2710	0.293571	3164
2710	0.300925	6256
9361	0.248310	51295
9361	0.213538	10845
9361	0.206854	11140
9361	0.265517	22983
9361	0.266368	3437
9361	0.212900	2
9361	0.613915	1558
9361	0.222438	84171
5740	0.407804	5743
5740	0.769636	5742
5740	0.448972	857
5742	0.479724	4691
5742	0.511055	4924
5743	0.161337	857
5743	0.155548	10659
5743	0.116767	7920
5743	0.149224	4924
5743	0.118400	7157
5743	0.162436	10987
5743	0.118147	8573
5743	0.119637	1499
7227	0.148834	7329
7227	0.113155	6047
1499	0.117238	1147
1499	0.116297	6597
1499	0.167028	23426
1499	0.156213	81
1499	0.117911	8850
1499	0.167692	2308
1499	0.152005	7329
1499	0.155435	2033
1499	0.119185	367
1499	0.116211	207
1499	0.117502	51176
1499	0.116792	2932
1499	0.115340	23411
1499	0.120145	6714
1499	0.129948	3172
1499	0.115486	4790
1499	0.158033	1387
1499	0.126433	2494
1499	0.123527	7421
1499	0.123991	2516
1499	0.155608	5970
1499	0.170707	6256
23598	0.128680	604
23598	0.150636	571
23598	0.127984	6047
23598	0.181841	60468
23129	0.165131	3164
23129	0.129637	9723
871	0.155706	2100
8013	0.163136	10987
10346	0.150486	7874
10346	0.113643	1385
10346	0.115553	8573
8543	0.151703	27330
8543	0.152367	2932
5587	0.114185	7157
5587	0.153444	3725
5587	0.158221	10987
5587	0.118007	9318
5629	0.161421	4306
5629	0.140764	81606
5629	0.141364	4088
5629	0.151731	2494
5629	0.180733	2033
5629	0.149289	2516
5629	0.155247	3172
5629	0.147952	2101
5629	0.145725	2104
54850	0.229819	51295
54850	0.188363	11140
54850	0.247026	22983
54850	0.169191	5349
54850	0.168584	218
54850	0.185591	5663
54850	0.194410	2
54850	0.185199	5664
406	0.150180	11091
406	0.111791	2034
406	0.112595	3091
406	0.111402	23411
406	0.116038	9575
406	0.115679	4862
406	0.119524	3131
406	0.154095	1387
2034	0.112690	4088
2034	0.136433	6776
2034	0.119795	1649
2034	0.117281	116071
2034	0.127506	55509
2034	0.118064	10538
2034	0.112694	4208
2034	0.111966	23411
2034	0.153751	3725
2019	0.162460	3725
2018	0.147507	11036
2018	0.152639	7089
4862	0.120489	9575
4862	0.171219	6256
932	0.123834	1033
55629	0.139097	2100
55629	0.142396	3174
55629	0.139337	2099
55629	0.150323	3172
55629	0.146807	2494
55629	0.143028	2101
55629	0.140801	2104
55629	0.139560	367
55629	0.144365	2516
55629	0.191081	6256
10524	0.150705	2100
10524	0.147323	23411
10524	0.160771	351
10524	0.156622	602
10524	0.149850	7157
10524	0.147469	4790
10524	0.153896	2908
10524	0.184532	7874
10524	0.147931	8295
10524	0.151168	367
10524	0.187590	5970
10524	0.150945	2099
10524	0.161826	130557
158399	0.203282	84838
158399	0.138965	342945
3832	0.177218	19
3832	0.199303	55361
338322	0.119757	367
83941	0.144601	351
1956	0.173940	10273
1956	0.146138	10307
1956	0.188822	5371
1956	0.152768	2908
1956	0.184773	6772
1956	0.187067	81
1956	0.191659	857
1956	0.148722	7157
1956	0.151603	6414
1956	0.175341	5566
1956	0.152332	323
1956	0.152172	9546
1956	0.150039	367
1956	0.147066	207
1956	0.178582	5864
1956	0.151000	6714
1956	0.147107	868
1956	0.238415	22983
1956	0.170662	6776
1956	0.146884	6773
1956	0.159643	351
1956	0.148448	2353
1956	0.229826	4582
6714	0.144126	10273
6714	0.137164	4306
6714	0.122954	2908
6714	0.123032	7376
6714	0.121788	5338
6714	0.120003	2099
6714	0.161846	857
6714	0.200013	4582
6714	0.118909	7157
6714	0.130894	9970
6714	0.160625	8841
6714	0.138273	4846
6714	0.118070	2113
6714	0.117252	207
6714	0.120226	367
6714	0.123063	3174
6714	0.155159	5604
6714	0.119065	5241
6714	0.127473	2494
6714	0.117574	3091
6714	0.124567	7421
6714	0.123694	2101
6714	0.119763	2100
6714	0.218370	6257
6714	0.128961	8856
6714	0.121468	2104
54900	0.128177	57559
1958	0.116587	7157
1958	0.154154	2033
1958	0.156753	1387
317772	0.157753	2033
8877	0.155446	2033
7316	0.146203	23532
7316	0.173077	10273
7316	0.176117	5663
7316	0.184109	5604
7316	0.151676	5886
7316	0.147493	51176
7316	0.190796	857
7316	0.145401	1616
7316	0.185426	2033
7316	0.146317	6047
7316	0.145115	10661
7316	0.159353	57559
7316	0.178677	267
7316	0.187117	3725
7316	0.182540	7874
7316	0.146244	868
7316	0.177696	6421
7316	0.191894	10987
7316	0.147859	7157
7316	0.161908	10617
7316	0.145095	2697
4135	0.169077	7025
54929	0.132721	7376
4487	0.125143	219541
4487	0.126531	7157
4487	0.139381	7089
4487	0.137211	5083
4487	0.166696	1387
4487	0.245112	4488
4487	0.126695	51147
4487	0.124532	6908
4488	0.248063	7089
4488	0.239258	2908
4488	0.259207	51201
54925	0.136605	342945
54925	0.123933	252884
54925	0.119524	55663
6857	0.225042	2908
6857	0.219035	784
51295	0.211751	55361
51295	0.217374	5663
51295	0.190747	2193
51295	0.192934	5886
51295	0.216982	5664
51295	0.227462	81
51295	0.190520	6009
51295	0.226193	2
51295	0.279660	3437
51295	0.218977	5864
51295	0.229234	1562
51295	0.239240	642
51295	0.200610	57559
51295	0.229550	10053
51295	0.205356	3337
51295	0.248602	6468
51295	0.278809	22983
51295	0.220146	11140
51295	0.630802	1559
51295	0.235731	84171
51295	0.199145	51013
51295	0.222146	51103
51295	0.200037	351
51295	0.627208	1558
51295	0.256606	54536
2908	0.163594	10048
2908	0.177426	9612
2908	0.138933	4306
2908	0.216110	10002
2908	0.119107	6597
2908	0.228187	8031
2908	0.203064	84838
2908	0.145895	10273
2908	0.166162	3164
2908	0.163614	857
2908	0.118219	1616
2908	0.167232	9611
2908	0.160776	5371
2908	0.154814	7329
2908	0.121533	9282
2908	0.321326	26137
2908	0.121995	367
2908	0.131111	29893
2908	0.173663	10499
2908	0.119021	207
2908	0.181335	8204
2908	0.214508	23764
2908	0.173358	8202
2908	0.184480	225689
2908	0.128854	7026
2908	0.136983	81857
2908	0.130675	171023
2908	0.220139	6257
2908	0.173773	2063
7031	0.115873	2099
7031	0.115633	2100
7031	0.167459	8202
7031	0.113122	207
58499	0.111457	3054
58499	0.113870	30827
58499	0.150344	11091
5495	0.165751	1147
5495	0.166127	8573
81	0.154658	5598
81	0.191027	6772
81	0.174341	4846
7136	0.119365	2101
7136	0.118733	3174
2309	0.116712	207
2309	0.118369	7157
2309	0.122492	7376
2309	0.116566	4088
2309	0.117034	3091
2309	0.115842	23411
2309	0.158534	1387
2309	0.119463	2099
2309	0.117321	5594
2308	0.164799	207
2308	0.193074	5566
2308	0.204022	2033
2308	0.165380	2932
2308	0.163929	23411
2308	0.167773	367
2308	0.206621	1387
2308	0.167550	2099
4047	0.172933	3164
91	0.170727	6256
6662	0.130504	2516
6662	0.121825	9968
6662	0.158519	7329
6662	0.129511	4094
5316	0.124879	5991
246175	0.131810	9125
246175	0.125478	57690
246175	0.129350	4849
246175	0.183568	23019
246175	0.134960	9924
8805	0.155497	468
8805	0.155596	7157
8805	0.154062	8061
8805	0.156450	2100
8805	0.156691	2099
3664	0.146371	3196
3664	0.137009	5991
79890	0.572843	1558
79897	0.120436	10556
8204	0.181412	7376
8204	0.178383	2099
8204	0.219005	8841
8204	0.189369	3172
8204	0.182074	2101
8204	0.176419	10014
8204	0.190080	7068
8204	0.185854	2494
8204	0.182947	7421
8204	0.207220	7181
8204	0.183412	2516
8204	0.178143	2100
8204	0.276750	6257
8204	0.179847	2104
8202	0.170105	64210
8202	0.173435	7376
8202	0.175603	93649
8202	0.170166	2100
8202	0.170406	2099
8202	0.168540	8405
8202	0.169355	8850
8202	0.206879	2033
8202	0.170629	367
8202	0.168683	1147
8202	0.232928	8431
8202	0.174971	7421
8202	0.168237	2932
8202	0.178763	124152
8202	0.178194	7025
8202	0.167275	1033
8202	0.177723	7080
8202	0.168264	5594
8202	0.182104	7068
8202	0.169468	5241
8202	0.177877	2494
8202	0.179364	8856
8202	0.174098	2101
8202	0.209477	1387
8202	0.222151	6256
247	0.420649	6256
3150	0.161326	2033
3150	0.129157	7832
3150	0.134903	5568
55806	0.133346	10014
55806	0.175932	8841
3159	0.211800	1387
3159	0.171677	8850
3159	0.170092	6047
3159	0.224473	6256
3159	0.210892	3725
7629	0.152581	2033
7629	0.155734	8554
7629	0.113015	6908
252884	0.123018	55663
7141	0.234817	5568
7141	0.250292	5566
7142	0.143672	5566
7142	0.128196	5568
284358	0.145571	93649
10902	0.230699	6256
10902	0.190651	7068
8721	0.173071	2516
8721	0.183187	3337
8721	0.201084	7329
169270	0.144805	6776
9125	0.134078	9337
9125	0.123449	4602
9125	0.121285	57690
9125	0.133620	4848
9125	0.125157	4849
9125	0.179374	23019
9125	0.130766	9924
30012	0.125937	11036
30012	0.131070	7089
30012	0.121810	10379
30012	0.117381	2113
30012	0.118383	51147
10307	0.124968	351
5663	0.148705	5886
5663	0.172754	5664
5663	0.146291	6009
5663	0.162463	55798
5663	0.144525	92737
5663	0.150211	6323
5663	0.174749	5864
5663	0.164253	4846
5663	0.185322	10053
5663	0.156382	57559
5663	0.143813	2932
5663	0.179279	7087
5663	0.185005	1562
5663	0.195160	1020
5663	0.175918	11140
5663	0.582979	1558
5663	0.162619	84106
5663	0.162600	80303
5663	0.155809	351
1875	0.152635	2033
1875	0.112498	5933
8295	0.154419	2648
8295	0.112531	10025
8295	0.114712	7157
8295	0.112156	9968
8295	0.115569	9282
8295	0.131018	81857
8295	0.114236	9862
8295	0.115807	2099
8295	0.114756	8850
5664	0.162071	55798
5664	0.145899	6009
5664	0.235040	3437
5664	0.163861	4846
5664	0.146931	23741
5664	0.149312	10724
5664	0.160735	3337
5664	0.234189	22983
5664	0.178887	7087
5664	0.155417	351
5664	0.211986	54536
1139	0.129124	351
8110	0.151766	5970
8110	0.112455	6597
3699	0.157753	2033
2056	0.154393	2033
6597	0.171810	9612
6597	0.161615	9611
6597	0.115060	7157
6597	0.155160	5371
6597	0.159613	6604
6597	0.151111	6772
6597	0.113223	6773
6597	0.113726	3091
6597	0.112490	5933
6597	0.116378	367
6597	0.155226	1387
6597	0.116155	2099
6597	0.114341	3726
2	0.151203	64223
2	0.155338	2193
2	0.157524	5886
2	0.173907	11173
2	0.155110	6009
2	0.244250	3437
2	0.183567	5864
2	0.173071	4846
2	0.187392	56729
2	0.151264	112398
2	0.158523	10724
2	0.165201	57559
2	0.194140	10053
2	0.169946	3337
2	0.193824	1562
2	0.213192	6468
2	0.243399	22983
2	0.184736	11140
2	0.194578	126074
2	0.163735	51013
2	0.171438	84106
2	0.155059	354
2	0.164628	351
2	0.591798	1558
6047	0.155189	5371
6047	0.115245	5241
6047	0.149226	7329
6047	0.116406	367
6047	0.127170	3172
6047	0.116183	2099
6047	0.113090	6908
23019	0.185836	9337
23019	0.186673	7068
23019	0.179193	340719
23019	0.173044	57690
23019	0.185378	4848
23019	0.176915	4849
23019	0.182525	9924
23019	0.226721	6256
2113	0.113411	4790
2113	0.114746	5594
2113	0.113335	1616
2113	0.115474	5598
2113	0.149930	7329
2113	0.113990	4088
2113	0.153360	2033
2113	0.117111	367
2113	0.155958	1387
2113	0.115199	2114
2113	0.114115	4791
2114	0.116037	7157
2114	0.119326	2078
2114	0.153604	2033
2114	0.155295	3725
2114	0.156202	1387
2114	0.114359	4791
57109	0.120689	2100
57109	0.120928	2099
25865	0.166863	23426
25865	0.170542	6256
25865	0.117450	8573
10401	0.115124	2100
10401	0.132525	4306
10401	0.151836	2033
10401	0.114425	5241
10401	0.148406	7329
10401	0.111943	2752
10401	0.167256	10499
10401	0.115587	367
10401	0.152009	5970
10401	0.115364	2099
10401	0.112271	6908
9337	0.140081	4848
9337	0.131618	4849
9337	0.133983	7832
2626	0.116495	5594
23338	0.198299	84838
23338	0.116076	51147
23338	0.210154	9925
2628	0.118797	1571
56413	0.157885	10048
56413	0.113312	207
11331	0.150949	2099
11331	0.148198	207
11331	0.196409	9611
8573	0.153945	2033
8573	0.146238	5864
8573	0.138873	22895
10011	0.228736	6257
58526	0.116437	2932
19	0.124553	6645
19	0.115540	284723
19	0.123234	316
19	0.121304	7376
7216	0.155778	7874
7216	0.118431	5580
100528030	0.223047	4582
2752	0.155025	8554
2752	0.111923	4790
2752	0.148442	7329
10499	0.178499	7025
10499	0.170472	2100
10499	0.170935	367
10499	0.182409	7068
10499	0.170712	2099
10499	0.181698	3172
10499	0.178182	2494
10499	0.222457	6256
10499	0.175277	7421
10499	0.173741	7376
10499	0.207184	2033
10499	0.209783	1387
10499	0.179669	8856
10499	0.178028	7080
2697	0.113548	5598
2697	0.156804	857
2697	0.127916	10617
7404	0.159773	11091
7404	0.136373	7089
7404	0.124140	7403
7403	0.121175	3169
7403	0.115913	8085
7403	0.153500	11091
7403	0.120538	2078
7403	0.118566	367
7403	0.187403	9314
7403	0.127248	171023
10273	0.141410	1571
10273	0.140192	207
10273	0.141849	7157
10273	0.141502	2977
10273	0.158088	3337
10273	0.148140	93649
10273	0.143167	367
55361	0.150186	351
55361	0.158630	4846
55361	0.143083	5886
727764	0.230822	23764
83594	0.222434	642
84838	0.217089	342945
84838	0.200008	55663
23426	0.167109	367
23426	0.163960	2899
23426	0.174673	7025
23426	0.170202	7067
23426	0.166886	2099
23426	0.199929	7329
23426	0.203358	2033
23426	0.198437	7791
23426	0.265253	6257
3235	0.158394	3225
3235	0.237476	9214
1616	0.113666	4691
1616	0.115490	367
1616	0.151913	5970
1616	0.114173	7157
1616	0.154273	5371
1616	0.148310	7329
1616	0.148855	7874
1616	0.154338	1387
1616	0.112011	1385
1616	0.113401	8405
1616	0.116732	2104
7329	0.193685	10048
7329	0.207517	9612
7329	0.152093	4602
7329	0.150768	7157
7329	0.148969	4208
7329	0.183413	7791
7329	0.151863	2099
7329	0.190026	3725
7329	0.169023	4306
7329	0.150494	2353
7329	0.149093	51341
7329	0.148769	6908
7329	0.190868	5371
7329	0.200892	642
7329	0.188335	2033
7329	0.187018	5604
7329	0.152086	367
7329	0.150139	1147
7329	0.190474	2648
7329	0.149898	10014
7329	0.154892	7376
7329	0.148078	6996
7329	0.191488	8554
7329	0.148606	1385
7329	0.148241	23411
7329	0.162849	3172
7329	0.156660	4205
7329	0.149974	1386
7329	0.152139	467
7329	0.180605	6421
7329	0.181798	11140
7329	0.163560	7068
7329	0.155178	7067
7329	0.194804	10987
7329	0.159333	2494
7329	0.186818	6772
7329	0.203607	6256
7329	0.154880	53335
7329	0.149433	3091
7329	0.161689	351
7329	0.156891	2516
7329	0.190934	1387
7329	0.149029	27330
7329	0.160820	8856
4929	0.274841	10987
4929	0.229129	1032
4929	0.330267	6257
4929	0.283645	6256
323	0.131162	351
51084	0.116714	368
325	0.162799	10987
325	0.117944	3280
8841	0.221963	8431
8841	0.215096	9612
8841	0.204902	9611
8841	0.158348	7157
8841	0.155966	4790
8841	0.159151	9572
8841	0.156648	4209
8841	0.188279	7181
8841	0.159442	2099
55663	0.135690	342945
22895	0.168986	5864
775	0.126429	784
775	0.172425	10987
207	0.171724	9612
207	0.155695	8554
207	0.112351	4087
207	0.113172	4088
207	0.160460	3164
207	0.116069	2099
207	0.114346	1147
207	0.222484	8031
207	0.152541	2033
207	0.134339	4846
207	0.113900	2932
207	0.112448	23411
207	0.115053	5207
207	0.112813	1385
207	0.124973	171023
207	0.115017	8850
207	0.131213	3337
207	0.155140	1387
7101	0.129527	53335
7181	0.186662	5371
7181	0.147880	367
3054	0.113772	30827
3054	0.150246	11091
687	0.117615	5241
7068	0.172339	10048
7068	0.186171	9612
7068	0.145728	81857
7068	0.175977	9611
7068	0.154906	29982
7068	0.129422	7157
7068	0.139856	29893
7068	0.133244	9318
7068	0.151913	6258
7068	0.182519	2063
7068	0.228884	6257
7068	0.182262	6256
7067	0.177791	9612
7067	0.137348	81857
7067	0.118364	8638
7067	0.124863	9318
7067	0.119141	1022
7067	0.123923	6414
7067	0.122136	2099
7067	0.173880	6256
7067	0.167596	9611
7067	0.125463	10865
84315	0.167755	10053
9925	0.209198	51341
5933	0.144884	4924
5933	0.120114	316
5933	0.159546	3164
1763	0.157753	2033
51147	0.154535	5970
51147	0.116795	7157
284014	0.168930	10987
4306	0.175606	8554
4306	0.151552	2180
4306	0.136204	367
4306	0.187725	6256
3492	0.171864	9970
571	0.156850	4097
571	0.231572	23764
571	0.143043	1649
571	0.203243	7975
571	0.136947	1386
29982	0.154195	3172
29982	0.194954	6256
2099	0.174475	9612
2099	0.134031	81857
2099	0.118518	64210
2099	0.131700	5881
2099	0.158445	8554
2099	0.118580	2100
2099	0.117096	1147
2099	0.160662	857
2099	0.124412	26959
2099	0.164280	9611
2099	0.155292	2033
2099	0.137090	4846
2099	0.160919	547
2099	0.181341	8431
2099	0.128159	29893
2099	0.126607	7025
2099	0.129806	3172
2099	0.127724	171023
2099	0.117565	143384
2099	0.115035	6996
2099	0.116678	5594
2099	0.115825	1022
2099	0.117882	5241
2099	0.122971	4878
2099	0.157891	1387
2099	0.122147	10865
6003	0.146386	5566
6009	0.116590	4684
547	0.212664	6256
547	0.161142	367
64091	0.132366	7832
3280	0.128662	7089
3280	0.161297	3164
126074	0.232331	125150
8431	0.192233	9970
8431	0.181564	367
8431	0.182681	23741
8431	0.177720	23411
8431	0.192327	3172
8431	0.184401	3174
8431	0.190927	5083
8431	0.188811	2494
8431	0.190298	8856
8431	0.185906	7421
8431	0.185032	2101
8431	0.181101	2100
8431	0.233086	6256
8431	0.182806	2104
1311	0.140412	11173
7392	0.156310	5970
7392	0.156137	2033
7392	0.118295	2353
10724	0.211139	22983
10724	0.152476	11140
10724	0.120372	2932
23764	0.218180	11036
23764	0.209592	10014
23764	0.229570	4097
23764	0.233166	5017
23764	0.215764	1649
23764	0.262777	60468
23764	0.213250	116071
23764	0.210187	2353
23764	0.223475	55509
23764	0.322217	9603
23764	0.211833	467
10053	0.207187	642
10053	0.167985	351
10053	0.246756	22983
10053	0.186924	5864
10053	0.277566	9545
10053	0.203678	84171
94121	0.144163	5864
5618	0.154910	1387
5595	0.131437	55798
5595	0.112814	5594
5595	0.113940	5207
5595	0.125943	3172
5595	0.150112	5604
5595	0.113822	6720
5595	0.119521	7421
5595	0.153120	3725
5595	0.113068	1386
5595	0.154027	1387
5595	0.112123	27330
5595	0.166701	6256
5594	0.113781	4088
5594	0.151834	5604
5594	0.115543	6720
5594	0.115584	7157
5594	0.153150	2033
5594	0.114508	2932
5594	0.154842	3725
5594	0.127665	3172
5594	0.117358	10370
5594	0.116438	2100
5594	0.137523	6776
5594	0.114249	3091
5594	0.121243	7421
5594	0.114790	1386
5594	0.155749	1387
5594	0.168423	6256
5598	0.156412	5371
5598	0.114513	4208
5598	0.114613	4209
5598	0.116038	2353
5598	0.126364	8856
5598	0.122203	4205
4878	0.133958	3172
4878	0.130441	2494
23161	0.127384	9970
9572	0.174183	9612
9572	0.212867	10002
9572	0.163989	9611
416	0.151760	2033
6258	0.179287	1387
6258	0.195871	9612
6258	0.144781	7421
6258	0.143245	7376
6258	0.140170	9971
6258	0.149174	8856
9575	0.171579	6256
1385	0.113394	2932
1385	0.123034	2494
1385	0.114469	7157
1385	0.114429	6720
1385	0.152036	2033
1385	0.155189	8554
1385	0.117728	5991
1385	0.113675	1386
1385	0.154635	1387
1385	0.115794	4602
1386	0.119409	10538
1386	0.121139	1649
1386	0.114304	8061
1386	0.128851	55509
1386	0.114035	4088
1386	0.115563	2353
1386	0.153404	2033
1386	0.115118	3726
1386	0.156002	1387
1386	0.117208	467
1386	0.155095	3725
1386	0.115737	468
2063	0.173839	53335
2063	0.177905	7026
2063	0.222567	6256
6257	0.221751	7421
6257	0.295547	84885
6257	0.220216	7376
6257	0.226144	8856
6257	0.215321	8405
6256	0.226219	9612
6256	0.185776	81857
6256	0.166847	4087
6256	0.173291	9318
6256	0.173594	7376
6256	0.183445	5881
6256	0.170518	9971
6256	0.276979	8031
6256	0.214955	3164
6256	0.175129	7421
6256	0.176242	602
6256	0.209570	5371
6256	0.377486	221895
6256	0.181456	9970
6256	0.167471	6908
6256	0.179903	29893
6256	0.171701	1514
6256	0.168395	2932
6256	0.220560	4793
6256	0.207210	5970
6256	0.205520	6772
6256	0.167731	27330
6256	0.179522	8856
6256	0.173892	10865
3949	0.163348	1387
55328	0.335535	22983
10773	0.115654	604
10773	0.173249	9612
10773	0.163054	9611
10538	0.120103	468
10538	0.121574	467
10538	0.125504	1649
10538	0.133216	55509
10538	0.119928	2353
10538	0.159461	3725
10538	0.119483	3726
54934	0.151498	11091
7363	0.144805	6776
113201	0.158552	7421
368	0.161679	3164
367	0.160865	10048
367	0.174698	9612
367	0.116146	4088
367	0.152630	7874
367	0.158668	8554
367	0.157207	3725
367	0.121874	3169
367	0.160885	857
367	0.130029	3172
367	0.116613	8085
367	0.117177	8405
367	0.121238	2078
367	0.155516	2033
367	0.120309	8928
367	0.128382	29893
367	0.117991	8850
367	0.115421	23411
367	0.119620	6736
367	0.121770	9318
367	0.117472	9862
367	0.164503	9611
367	0.121447	1644
367	0.155689	5970
367	0.116048	1022
367	0.117948	7157
367	0.119301	354
367	0.127947	171023
367	0.158114	1387
367	0.225458	8031
367	0.122370	10865
6720	0.116591	7157
6720	0.117447	9282
6720	0.117917	4602
6720	0.154158	2033
6720	0.115516	2932
6720	0.156756	1387
6720	0.114064	23411
6720	0.116114	9862
6720	0.114034	9968
6720	0.114667	10001
10014	0.172511	9612
10014	0.113097	5580
10014	0.162316	9611
10014	0.115162	3227
51176	0.180179	51701
51176	0.114463	4088
51176	0.138205	6776
51176	0.153832	2033
51176	0.121925	7421
10370	0.130487	3172
10370	0.155972	2033
2932	0.122328	602
2932	0.113492	29947
2932	0.113900	10365
2932	0.142174	5566
2932	0.115556	7157
2932	0.227311	9603
2932	0.145393	6421
2932	0.156276	8554
2932	0.154814	3725
2932	0.115079	9862
2932	0.113174	4790
23411	0.112305	4208
23411	0.153362	3725
23411	0.146749	7791
23411	0.114104	7157
23411	0.154203	5371
23411	0.115152	9971
23411	0.133468	4846
23411	0.114147	8850
23411	0.113830	2353
23411	0.118890	2101
23411	0.151844	5970
7026	0.165528	8554
7026	0.128920	53335
7025	0.129334	9318
7025	0.129624	53335
1644	0.157869	5970
5580	0.195071	4582
5580	0.113966	7157
5580	0.151533	2033
5580	0.150017	6772
51621	0.154871	1387
51621	0.152273	2033
51621	0.114749	8850
10987	0.203583	10048
10987	0.160037	1147
10987	0.158043	4087
10987	0.158867	4208
10987	0.199925	3725
10987	0.159895	8405
10987	0.172747	3172
10987	0.158285	4790
10987	0.167439	602
10987	0.160523	3362
10987	0.251210	3437
10987	0.164488	9318
10987	0.164821	3174
10987	0.159445	51250
10987	0.160823	5241
10987	0.169231	2494
10987	0.158967	4209
10987	0.158204	80013
1649	0.134946	55509
1649	0.121161	8405
1649	0.174248	60468
1649	0.159500	2033
1649	0.141041	4097
1649	0.121833	468
1649	0.123304	467
1649	0.120399	8061
1649	0.124721	116071
1649	0.161191	3725
1649	0.121214	3726
1649	0.121659	2353
6772	0.152407	2353
6772	0.174621	6776
6772	0.151594	3459
6772	0.150844	6773
6772	0.150178	64223
6772	0.190248	2033
6772	0.193402	8554
6772	0.190422	5970
6772	0.156273	10379
6772	0.192847	1387
6773	0.118384	10379
6773	0.154958	1387
5874	0.161239	857
5970	0.211120	9612
5970	0.153742	1147
5970	0.152568	4088
5970	0.152308	29947
5970	0.189053	7874
5970	0.152372	6908
5970	0.199856	3164
5970	0.193630	3725
5970	0.156509	10973
5970	0.164233	51008
5970	0.151674	9641
5970	0.161143	602
5970	0.191938	2033
5970	0.205462	4793
5970	0.157160	116071
5970	0.154096	2353
5970	0.151989	4790
5970	0.152693	4791
5970	0.152696	51341
5970	0.180989	5566
5970	0.194537	1387
9968	0.112686	219541
9968	0.111893	10025
9968	0.112150	10001
9968	0.114930	9282
9968	0.130380	81857
9968	0.113597	9862
9968	0.123013	6955
10865	0.121907	2100
56676	0.121777	11036
11091	0.151546	8085
11091	0.152659	30827
11091	0.152882	7157
11091	0.190449	2033
11091	0.156135	79364
60489	0.146946	5566
10617	0.572364	1559
10617	0.129186	846
2290	0.120219	8928
3005	0.165685	1020
3007	0.155578	2033
3169	0.130555	171023
3169	0.119221	8085
3169	0.123846	2078
3169	0.161277	8554
3164	0.174434	23461
3164	0.160313	4088
3164	0.218865	9612
3164	0.162116	7157
3164	0.199683	2033
3164	0.160440	1032
3164	0.159735	4790
3164	0.161698	55160
3164	0.173974	5349
3164	0.160377	27330
3337	0.163899	11140
3337	0.222562	22983
3337	0.570961	1558
7157	0.159548	10048
7157	0.114829	4088
7157	0.151312	7874
7157	0.116408	30827
7157	0.118002	467
7157	0.156730	5371
7157	0.154198	2033
7157	0.114730	1022
7157	0.114007	4087
7157	0.122290	7421
7157	0.113941	6996
7157	0.157351	8554
7157	0.163186	9611
7157	0.180545	51701
7157	0.116674	8850
7157	0.156797	1387
7157	0.197735	4582
6688	0.155788	1387
6688	0.113624	6908
10661	0.154053	1387
10661	0.151454	2033
468	0.129545	55509
468	0.154098	2033
468	0.124250	11036
468	0.121661	4094
468	0.117902	467
468	0.114998	8061
468	0.119320	116071
468	0.155790	3725
468	0.115812	3726
468	0.116257	2353
468	0.156697	1387
57559	0.159154	11140
57559	0.217817	22983
54988	0.157753	2033
7849	0.157382	2033
7849	0.119186	1147
3725	0.155044	604
3725	0.212639	9612
3725	0.202444	9611
3725	0.168903	55509
3725	0.155170	3726
3725	0.165751	51008
3725	0.162662	602
3725	0.195989	5371
3725	0.154087	4088
3725	0.158027	10973
3725	0.153891	6908
3725	0.157260	467
3725	0.153199	6996
3725	0.193456	2033
3725	0.154356	8061
3725	0.158678	116071
3725	0.196609	8554
3725	0.159711	9318
3725	0.196055	1387
3725	0.155615	2353
3726	0.113222	6996
3726	0.128925	55509
3726	0.114109	4088
3726	0.118700	116071
3726	0.153478	2033
3726	0.115637	2353
3726	0.114378	8061
3726	0.117283	467
9862	0.114766	219541
9862	0.114230	10001
9862	0.114415	27330
9862	0.117010	9282
9862	0.132460	81857
9862	0.113973	10025
9862	0.125093	6955
6955	0.123388	10025
6955	0.126426	9282
1571	0.135300	4097
1571	0.147010	267
1571	0.128510	23461
11140	0.147031	1147
11140	0.151477	5886
11140	0.238204	3437
11140	0.167025	4846
11140	0.194274	84171
11140	0.144963	9641
11140	0.207145	6468
11140	0.182342	7874
11140	0.197932	1020
11140	0.589345	1559
11140	0.157689	51013
11140	0.165391	84106
11140	0.158581	351
11140	0.151525	84167
11140	0.145921	27330
25999	0.123116	27242
84105	0.154882	5371
84106	0.224054	22983
84106	0.145282	351
79812	0.158552	7421
81857	0.130755	10025
81857	0.133793	9282
81857	0.173102	1387
79364	0.124007	7376
2516	0.122531	30827
2516	0.163474	8554
2100	0.118279	64210
2100	0.164040	9611
2100	0.158205	8554
2100	0.155052	2033
2100	0.143029	10957
2100	0.127919	29893
2100	0.168576	4793
6776	0.195320	9612
6776	0.202485	51701
6776	0.580256	1559
6776	0.176138	2033
6776	0.144805	282679
2104	0.117126	29947
2104	0.144734	10957
2104	0.123976	2101
9612	0.216297	10048
9612	0.172534	604
9612	0.172751	1147
9612	0.225695	60468
9612	0.219935	9611
9612	0.184876	4848
9612	0.177504	7376
9612	0.170998	4790
9612	0.173536	5241
9612	0.181945	2494
9612	0.173105	2353
9612	0.179039	7421
9612	0.183432	8856
10001	0.113319	219541
10001	0.112526	10025
10001	0.115563	9282
10001	0.154872	1387
10002	0.209338	3229
10002	0.216176	53335
10002	0.217724	7421
10002	0.215655	10379
4087	0.156924	10048
4087	0.156944	857
4087	0.111924	11177
4087	0.113378	1147
4087	0.150257	5604
4087	0.112205	4088
4087	0.151575	2033
4087	0.154173	1387
4087	0.116368	8928
4088	0.157745	10048
4088	0.149510	7874
4088	0.154994	1387
4088	0.114200	1147
4088	0.152395	2033
4088	0.117190	8928
4088	0.114497	3075
4088	0.114229	3227
4088	0.113494	3091
4088	0.120487	7421
4088	0.114554	2353
5241	0.157507	8554
5241	0.129801	55509
5241	0.114789	6908
5886	0.117985	80013
5886	0.210991	3437
5886	0.158015	2033
5886	0.210141	22983
5886	0.160613	1387
5886	0.167062	84171
10365	0.152541	2033
10365	0.155140	1387
10365	0.115017	8850
8405	0.119149	2078
8405	0.156579	8554
8405	0.119681	9318
51008	0.128631	10973
6414	0.157079	2033
3433	0.185698	3434
3433	0.238408	3437
3434	0.245007	3437
60468	0.280702	9603
60468	0.181960	55509
60468	0.234448	7975
60468	0.188055	4097
10763	0.185578	1020
3091	0.112854	112398
3091	0.134405	4097
3091	0.152863	2033
3091	0.155462	1387
3091	0.120082	2101
3091	0.118484	548313
3091	0.196401	4582
4848	0.174681	9611
4848	0.127288	57690
4848	0.131160	4849
4848	0.136769	9924
4849	0.118826	57690
4849	0.159830	1387
4849	0.128306	9924
25924	0.167573	857
4846	0.178932	857
4846	0.225688	22983
4846	0.146024	51013
4846	0.146916	351
4846	0.203485	54536
84171	0.252937	22983
84171	0.230735	54536
26959	0.160884	2033
26959	0.163483	1387
219541	0.113062	10025
219541	0.116099	9282
6736	0.155870	2033
4790	0.113620	1147
4790	0.121022	602
4790	0.154349	5371
4790	0.151816	2033
4790	0.112571	4791
4790	0.165340	4793
4791	0.114324	1147
4791	0.121725	602
4791	0.155118	1387
4791	0.166044	4793
4793	0.167093	1147
4793	0.166046	51341
8085	0.125294	171023
8085	0.118585	2078
3229	0.123318	3225
3225	0.133763	11036
3225	0.129636	10379
3227	0.123750	11036
3221	0.133109	255520
55770	0.160771	10048
55770	0.185343	54536
351	0.129124	89832
351	0.135165	27242
351	0.170488	857
351	0.218095	3437
351	0.131001	9546
351	0.157412	5864
351	0.217244	22983
351	0.177675	642
351	0.195041	54536
3131	0.123551	4602
3131	0.126381	3174
92703	0.329064	3437
8850	0.154241	2033
8850	0.118000	4602
8850	0.121459	2101
8850	0.156839	1387
9924	0.124435	57690
8856	0.173237	9611
8856	0.135248	2494
8856	0.138764	3172
55509	0.131016	467
55509	0.148753	4097
6645	0.213696	22983
5371	0.155885	604
5371	0.203285	9611
5371	0.158056	4602
5371	0.191412	7874
5371	0.154033	9641
5371	0.161859	4094
5371	0.154040	6996
5371	0.197451	8554
1071	0.157415	5568
10957	0.154255	3172
10957	0.150739	2494
10957	0.146329	3174
30827	0.114409	6908
642	0.604845	1558
642	0.256447	22983
6996	0.122352	7080
6996	0.151508	2033
6996	0.154107	1387
51701	0.181870	4602
51701	0.220711	1387
51701	0.190639	4603
548313	0.130499	5083
171023	0.129919	2078
1559	0.648008	22983
1559	0.678818	9545
1558	0.644415	22983
1558	0.645265	3437
1558	0.622211	54536
91768	0.168019	1020
8928	0.120219	2291
10048	0.163702	3174
10048	0.160216	953
10048	0.186166	5566
8031	0.229799	7421
23741	0.159231	1387
23741	0.156633	2033
7874	0.152106	64210
7874	0.155436	7376
4208	0.152399	2033
4209	0.141550	5566
4209	0.120823	4205
7975	0.293888	9603
8521	0.154683	1387
11036	0.143458	4097
11036	0.135030	5083
11036	0.136972	3196
11036	0.123971	4990
10025	0.115306	9282
5568	0.132581	6262
5568	0.155449	5128
5566	0.148056	6262
5566	0.143327	5207
5566	0.142512	9421
57047	0.157753	2033
85409	0.157469	857
85409	0.120191	7421
9545	0.326826	22983
857	0.162448	5338
9318	0.126111	7421
9318	0.158019	2033
9314	0.226950	1387
9314	0.224352	2033
9641	0.113305	1147
22983	0.210582	10556
22983	0.296867	3437
22983	0.236183	5864
22983	0.265809	6468
22983	0.256595	1020
22983	0.216352	51013
22983	0.273813	54536
5083	0.140162	7089
7376	0.126414	7421
7376	0.167309	9611
53335	0.119067	51341
7421	0.168845	9611
7421	0.159857	2033
7421	0.121958	3075
7421	0.120390	1022
7421	0.162456	1387
51341	0.114110	604
51341	0.112872	11177
163732	0.157753	2033
54536	0.194149	51013
9611	0.162339	604
9611	0.203906	8554
9611	0.162556	1147
9611	0.161102	11177
9611	0.170728	2649
9611	0.203351	1387
10556	0.120436	10775
9971	0.155246	2033
3075	0.153866	2033
3171	0.157362	7089
3172	0.168878	1387
4602	0.157662	2648
4602	0.158122	1387
4602	0.123086	4094
4602	0.158676	8554
4602	0.155523	2033
4603	0.166890	1387
7080	0.165207	1387
1020	0.165002	1022
7066	0.153415	2033
2353	0.123129	602
2353	0.156522	1387
2353	0.114358	6908
2353	0.121485	4094
2353	0.153923	2033
2353	0.117728	467
2354	0.157753	2033
604	0.153352	2033
604	0.155950	1387
602	0.160970	2033
1387	0.197516	8554
1387	0.156168	1147
6908	0.155353	8554
6908	0.195737	4582
467	0.116469	8061
467	0.137110	4097
2648	0.159126	116071
9603	0.247495	4097
4094	0.120227	8061
4094	0.159327	2033
2033	0.153569	1147
2033	0.152664	8061
2033	0.235302	4582
10379	0.132845	3196
