#Id Score P-value
1559 1.0 0.0
1558 0.992813 0.0
5468 0.960653 0.0
1576 0.908621 0.0
5742 0.843832 0.0
85441 0.696976 6.98e-05
5740 0.695439 6.98e-05
247 0.618989 6.98e-05
2134 0.551831 6.98e-05
221895 0.532663 6.98e-05
26137 0.517928 6.98e-05
2710 0.379541 0.000142
8192 0.375877 0.000142
55328 0.375054 0.000142
206338 0.360411 0.000142
92703 0.360411 0.000142
9545 0.357636 0.000142
4488 0.353793 0.000142
4929 0.34498 0.000142
9326 0.341222 0.000142
9603 0.340142 0.000142
2168 0.333864 0.000282
8031 0.33165 0.000282
7141 0.330716 0.000282
6857 0.325361 0.0003574
6257 0.315554 0.0003574
79842 0.30882 0.0003574
10002 0.307498 0.0003574
9925 0.305116 0.0003574
23764 0.304293 0.0003574
190 0.298123 0.000574
3437 0.297718 0.000574
22983 0.296016 0.000574
9214 0.293621 0.000574
26287 0.2867 0.0007214
84838 0.281406 0.0007214
4582 0.278839 0.0010864
84885 0.275541 0.0010864
9325 0.268746 0.0012334
10891 0.266698 0.0012334
125150 0.266289 0.0012334
113179 0.262129 0.0012334
140545 0.262036 0.0012334
51295 0.261603 0.0012334
195814 0.260821 0.0012334
9314 0.256939 0.0013035
8648 0.252286 0.0013035
54536 0.25161 0.0013035
221037 0.248826 0.0016661
7975 0.247634 0.0016661
51701 0.244459 0.0016661
225689 0.244237 0.0016661
8431 0.243862 0.0016661
10902 0.239088 0.0019545
90580 0.238873 0.0019545
2639 0.238479 0.0019545
8204 0.237946 0.0019545
3832 0.236706 0.0019545
284312 0.236105 0.0019545
6468 0.235601 0.0019545
9361 0.235018 0.0019545
688 0.234848 0.0019545
64324 0.233552 0.0019545
348 0.231152 0.0019545
23019 0.231133 0.0019545
115950 0.230534 0.0019545
9612 0.230129 0.0019545
253980 0.229087 0.0025262
283576 0.228705 0.0025262
23054 0.228369 0.0025262
83594 0.22799 0.0025262
221504 0.227061 0.0025262
3159 0.226637 0.0025262
2063 0.222824 0.0025262
10499 0.222604 0.0025262
6256 0.222309 0.0025262
8202 0.221993 0.0025262
60468 0.221262 0.0025262
92002 0.220652 0.0025262
4793 0.218812 0.0029615
57409 0.218432 0.0029615
29109 0.218386 0.0029615
5469 0.217473 0.0029615
8721 0.217264 0.0029615
1020 0.217174 0.0029615
642 0.216878 0.0029615
26873 0.216342 0.0029615
2308 0.21628 0.0029615
5495 0.216129 0.0029615
23426 0.214952 0.0029615
51102 0.211845 0.0029615
84171 0.209859 0.0033888
9611 0.20974 0.0033888
8513 0.209697 0.0033888
3164 0.207601 0.0033888
5578 0.206012 0.0033888
6604 0.205737 0.0033888
10987 0.204702 0.0033888
6840 0.204199 0.0033888
4135 0.203759 0.0033888
3492 0.203125 0.0033888
547 0.203019 0.0033888
857 0.202505 0.0033888
10048 0.202464 0.0033888
1995 0.2015 0.0033888
3587 0.20044 0.0033888
8841 0.200064 0.0033888
5929 0.198588 0.0047607
126074 0.198374 0.0047607
10857 0.198247 0.0047607
24138 0.198179 0.0047607
8554 0.198071 0.0047607
54850 0.198036 0.0047607
10053 0.197497 0.0047607
1387 0.196962 0.0047607
1562 0.196865 0.0047607
5371 0.19683 0.0047607
2648 0.196043 0.0047607
3725 0.195148 0.0047607
8805 0.194561 0.0047607
9070 0.194269 0.0047607
3551 0.193691 0.0047607
81 0.193322 0.0047607
871 0.193072 0.0047607
3434 0.192297 0.0047607
5970 0.192111 0.0047607
10845 0.192058 0.0047607
2033 0.191765 0.0047607
10659 0.190927 0.0047607
2 0.190783 0.0047607
8543 0.190252 0.0047607
4734 0.1897 0.0070103
113201 0.189155 0.0070103
79812 0.189155 0.0070103
11091 0.189133 0.0070103
5604 0.189131 0.0070103
6772 0.188732 0.0070103
7874 0.185994 0.0070103
55809 0.185651 0.0070103
7087 0.185411 0.0070103
80333 0.185411 0.0070103
7329 0.184905 0.0070103
80032 0.184896 0.0070103
56729 0.184001 0.0070103
11331 0.183078 0.0070103
10524 0.183069 0.0070103
51103 0.18269 0.0070103
7791 0.181921 0.0070103
3064 0.181732 0.0070103
3235 0.18133 0.0070103
1956 0.180813 0.0070103
7702 0.180097 0.0070103
91137 0.179705 0.0108024
3433 0.179099 0.0108024
7316 0.179087 0.0108024
50805 0.178715 0.0108024
11140 0.17869 0.0108024
4924 0.178279 0.0108024
267 0.178266 0.0108024
7181 0.176494 0.0108024
5864 0.176351 0.0108024
6421 0.176305 0.0108024
1071 0.175912 0.0108024
344 0.173166 0.0108024
5663 0.173146 0.0108024
9158 0.172847 0.0108024
3171 0.172393 0.0108024
5664 0.172362 0.0108024
5128 0.17198 0.0108024
286827 0.169964 0.0135101
5566 0.169868 0.0135101
5629 0.169701 0.0135101
3586 0.16908 0.0135101
10957 0.167718 0.0135101
29982 0.167598 0.0135101
100528030 0.167255 0.0135101
8693 0.167255 0.0135101
10273 0.167067 0.0135101
9935 0.164963 0.0135101
117154 0.164842 0.0135101
51201 0.16462 0.0135101
148156 0.163854 0.0135101
2018 0.162946 0.0135101
5017 0.162039 0.0135101
284358 0.161929 0.0135101
55361 0.1619 0.0135101
22895 0.16162 0.0135101
6258 0.161612 0.0135101
6776 0.160511 0.0135101
22874 0.160094 0.0135101
55629 0.159853 0.0157749
56751 0.159338 0.0157749
1993 0.158957 0.0157749
571 0.158852 0.0157749
5915 0.157529 0.0157749
727764 0.157351 0.0157749
11173 0.15703 0.0157749
8092 0.156978 0.0157749
4846 0.15536 0.0157749
4097 0.154847 0.0157749
10763 0.153982 0.0157749
55154 0.153399 0.0157749
4306 0.153142 0.0157749
126382 0.153104 0.0157749
79890 0.152873 0.0157749
342945 0.152772 0.0157749
84106 0.152092 0.0157749
80303 0.152055 0.0157749
55806 0.151801 0.0157749
55798 0.15178 0.0157749
4779 0.151475 0.0157749
3664 0.150867 0.0157749
55262 0.150844 0.0157749
54103 0.150731 0.0157749
84570 0.150731 0.0157749
83941 0.150731 0.0157749
57472 0.150253 0.0157749
56172 0.14997 0.0197715
2180 0.149961 0.0197715
81857 0.149243 0.0197715
3337 0.149109 0.0197715
3257 0.148483 0.0197715
1122 0.148441 0.0197715
780851 0.148159 0.0197715
64699 0.147099 0.0197715
3170 0.14702 0.0197715
10062 0.14637 0.0197715
90 0.145425 0.0197715
10617 0.144729 0.0197715
5881 0.14458 0.0197715
1996 0.143972 0.0197715
255520 0.143686 0.0197715
55509 0.142658 0.0197715
23598 0.14242 0.0197715
7089 0.142332 0.0197715
7068 0.142214 0.0197715
10011 0.141918 0.0197715
3196 0.141876 0.0197715
23461 0.141267 0.0197715
3172 0.140793 0.0197715
7182 0.140738 0.0197715
9970 0.140603 0.0197715
130557 0.140583 0.0197715
54929 0.140564 0.0197715
9337 0.140539 0.0197715
5349 0.140346 0.0197715
775 0.140148 0.0197715
3588 0.139991 0.0265606
4848 0.139623 0.0265606
57559 0.139618 0.0265606
218 0.139132 0.0265606
5568 0.138918 0.0265606
351 0.138472 0.0265606
5465 0.138337 0.0265606
4047 0.138265 0.0265606
150000 0.138265 0.0265606
430 0.138121 0.0265606
84315 0.138013 0.0265606
5083 0.137992 0.0265606
29893 0.137498 0.0265606
64091 0.137306 0.0265606
4603 0.136819 0.0265606
5916 0.136761 0.0265606
8856 0.136735 0.0265606
51013 0.136687 0.0265606
171023 0.136628 0.0265606
9723 0.136613 0.0265606
6402 0.136566 0.0265606
3931 0.136484 0.0265606
4487 0.136431 0.0265606
283248 0.136424 0.0265606
6039 0.136424 0.0265606
51008 0.136354 0.0265606
246175 0.136003 0.0265606
6722 0.135547 0.0265606
79722 0.13554 0.0265606
84684 0.13554 0.0265606
57057 0.13554 0.0265606
124152 0.135534 0.0265606
3225 0.135459 0.0265606
5914 0.13533 0.0265606
11270 0.135142 0.0265606
932 0.135111 0.0265606
9847 0.134677 0.0265606
6955 0.134509 0.0265606
7025 0.134394 0.0265606
7101 0.1342 0.0265606
9924 0.133916 0.0265606
5467 0.133825 0.0265606
2494 0.133761 0.0265606
7080 0.133452 0.0265606
84547 0.133366 0.0265606
387103 0.133157 0.0265606
284014 0.133157 0.0265606
7026 0.132986 0.0265606
25924 0.132642 0.0265606
79447 0.132535 0.0265606
4780 0.132157 0.0265606
6662 0.132132 0.0265606
11036 0.132068 0.0265606
27242 0.131858 0.0265606
100289290 0.13183 0.0265606
4142 0.13183 0.0265606
9 0.13183 0.0265606
28577 0.13183 0.0265606
719 0.13183 0.0265606
11174 0.13183 0.0265606
115704 0.131753 0.0265606
2649 0.131716 0.0265606
9407 0.131456 0.0265606
6957 0.131416 0.0265606
6645 0.131376 0.0265606
1051 0.131219 0.0265606
3150 0.130887 0.0265606
7404 0.130413 0.0265606
602 0.130176 0.0265606
26959 0.130003 0.0265606
2019 0.129772 0.037171
3949 0.129734 0.037171
9922 0.129368 0.037171
93649 0.129213 0.037171
169270 0.129098 0.037171
7363 0.129098 0.037171
282679 0.129098 0.037171
2516 0.128877 0.037171
316 0.128738 0.037171
80714 0.128721 0.037171
4783 0.128647 0.037171
4205 0.128414 0.037171
3206 0.128221 0.037171
7421 0.127949 0.037171
3131 0.127821 0.037171
63934 0.127801 0.037171
53822 0.127689 0.037171
9125 0.127616 0.037171
252884 0.127427 0.037171
7832 0.127426 0.037171
6323 0.127276 0.037171
340719 0.127253 0.037171
1649 0.127235 0.037171
4878 0.127122 0.037171
3010 0.127023 0.037171
4094 0.126889 0.037171
29883 0.126855 0.037171
25904 0.126851 0.037171
7752 0.126704 0.037171
5316 0.126608 0.037171
10724 0.126262 0.037171
6262 0.126244 0.037171
2101 0.126202 0.037171
26240 0.125849 0.037171
6278 0.125665 0.037171
7216 0.125561 0.037171
51293 0.125502 0.037171
1795 0.125496 0.037171
10865 0.125474 0.037171
7067 0.125452 0.037171
201501 0.125245 0.037171
158399 0.125158 0.037171
10556 0.125147 0.037171
3174 0.12494 0.037171
5130 0.124884 0.037171
7376 0.124878 0.037171
53335 0.124854 0.037171
2908 0.124723 0.037171
4542 0.124723 0.037171
27241 0.124718 0.037171
159296 0.124602 0.037171
3169 0.124483 0.037171
84167 0.12436 0.037171
6758 0.124318 0.037171
9318 0.124274 0.037171
5886 0.124265 0.037171
51303 0.124167 0.037171
60489 0.124023 0.037171
1044 0.124011 0.037171
323 0.123851 0.037171
10103 0.123848 0.037171
10379 0.123813 0.037171
4778 0.123812 0.037171
1311 0.123794 0.037171
10538 0.123774 0.037171
1763 0.123741 0.037171
79726 0.123741 0.037171
54988 0.123741 0.037171
57047 0.123741 0.037171
2354 0.123741 0.037171
317772 0.123741 0.037171
3699 0.123741 0.037171
163732 0.123741 0.037171
7436 0.123686 0.037171
1644 0.123628 0.037171
9546 0.123531 0.037171
28976 0.123462 0.037171
2078 0.12321 0.037171
1380 0.123169 0.037171
5991 0.12315 0.037171
79364 0.123136 0.037171
57109 0.123037 0.037171
6096 0.123021 0.037171
336 0.123012 0.037171
6759 0.123007 0.037171
548313 0.123007 0.037171
7849 0.122999 0.037171
2625 0.122941 0.037171
6003 0.122904 0.037171
23326 0.122886 0.037171
340061 0.122775 0.037171
6383 0.122727 0.037171
4849 0.122697 0.037171
8647 0.122687 0.037171
23129 0.122661 0.037171
3221 0.122533 0.037171
6095 0.122448 0.037171
6414 0.122393 0.037171
5338 0.122391 0.037171
116071 0.122208 0.037171
4255 0.122077 0.037171
1280 0.122074 0.037171
79370 0.121875 0.037171
2628 0.121841 0.037171
2917 0.121804 0.037171
2104 0.121749 0.037171
2847 0.121721 0.037171
8013 0.12157 0.037171
1054 0.121523 0.037171
23741 0.121501 0.037171
8928 0.121353 0.037171
399909 0.121208 0.037171
6714 0.121186 0.037171
1514 0.121093 0.037171
7001 0.120917 0.037171
10973 0.120907 0.037171
325 0.120895 0.037171
9575 0.120849 0.037171
5705 0.120802 0.037171
7392 0.120509 0.037171
6674 0.120488 0.037171
54925 0.120439 0.037171
338322 0.120247 0.037171
10370 0.12018 0.037171
5743 0.120169 0.037171
4862 0.12013 0.037171
2309 0.120106 0.037171
6736 0.119975 0.0678988
5874 0.119974 0.0678988
2193 0.119892 0.0678988
30012 0.119807 0.0678988
1139 0.119775 0.0678988
89832 0.119775 0.0678988
22908 0.119688 0.0678988
5308 0.119567 0.0678988
1628 0.119549 0.0678988
2918 0.119528 0.0678988
6009 0.119437 0.0678988
3007 0.119391 0.0678988
467 0.119373 0.0678988
354 0.119335 0.0678988
4602 0.119282 0.0678988
367 0.119266 0.0678988
1050 0.119215 0.0678988
91 0.119145 0.0678988
8877 0.119128 0.0678988
1499 0.119104 0.0678988
153443 0.119101 0.0678988
2291 0.119085 0.0678988
2290 0.119085 0.0678988
55770 0.119077 0.0678988
7544 0.119074 0.0678988
91768 0.118865 0.0678988
2099 0.11882 0.0678988
25865 0.118775 0.0678988
9971 0.118727 0.0678988
55663 0.118609 0.0678988
196 0.118574 0.0678988
2626 0.118454 0.0678988
58526 0.118394 0.0678988
9282 0.118343 0.0678988
2100 0.11834 0.0678988
687 0.118287 0.0678988
133522 0.118263 0.0678988
63946 0.118261 0.0678988
9324 0.11825 0.0678988
9572 0.118237 0.0678988
64210 0.118217 0.0678988
6667 0.118057 0.0678988
10519 0.118019 0.0678988
953 0.117967 0.0678988
7403 0.117867 0.0678988
338 0.117753 0.0678988
19 0.11773 0.0678988
9332 0.1177 0.0678988
51084 0.117671 0.0678988
8436 0.117658 0.0678988
8668 0.117611 0.0678988
1018 0.117604 0.0678988
3458 0.117587 0.0678988
7142 0.117475 0.0678988
4547 0.117452 0.0678988
9670 0.117427 0.0678988
1053 0.117373 0.0678988
143279 0.117148 0.0678988
9937 0.117148 0.0678988
79369 0.117032 0.0678988
30061 0.117032 0.0678988
2056 0.117021 0.0678988
51147 0.116959 0.0678988
5241 0.116943 0.0678988
8463 0.116862 0.0678988
5207 0.116787 0.0678988
54900 0.116737 0.0678988
8850 0.116717 0.0678988
7157 0.116631 0.0678988
6720 0.116551 0.0678988
1958 0.116544 0.0678988
468 0.116432 0.0678988
10773 0.116369 0.0678988
3362 0.116345 0.0678988
143384 0.116311 0.0678988
5458 0.116311 0.0678988
4664 0.116232 0.0678988
50507 0.116207 0.0678988
30827 0.116185 0.0678988
8573 0.116126 0.0678988
2353 0.116082 0.0678988
5598 0.115993 0.0678988
3075 0.115967 0.0678988
2977 0.115936 0.0678988
92737 0.115904 0.0678988
51176 0.1159 0.0678988
4990 0.115875 0.0678988
55160 0.115796 0.0678988
368 0.115757 0.0678988
1571 0.115753 0.0678988
94274 0.115728 0.0678988
10775 0.115724 0.0678988
79897 0.115724 0.0678988
440515 0.115706 0.0678988
9862 0.115677 0.0678988
3727 0.115618 0.0678988
4691 0.115616 0.0678988
59344 0.115553 0.0678988
2114 0.115442 0.0678988
3227 0.115432 0.0678988
1147 0.115373 0.0678988
2268 0.115352 0.0678988
80255 0.11532 0.0678988
23338 0.115193 0.0678988
3726 0.115192 0.0678988
9421 0.115156 0.0678988
8405 0.115088 0.0678988
7066 0.115066 0.0678988
1386 0.115043 0.0678988
3280 0.114993 0.0678988
10346 0.114979 0.0678988
2113 0.114955 0.0678988
57690 0.114954 0.0678988
604 0.114939 0.0678988
22976 0.114904 0.0678988
10014 0.114892 0.0678988
3065 0.114871 0.0678988
23456 0.114789 0.0678988
6688 0.114614 0.0678988
5594 0.114536 0.0678988
2932 0.114481 0.0678988
799 0.114456 0.0678988
3459 0.114456 0.0678988
9441 0.114379 0.0678988
25999 0.114373 0.0678988
2537 0.114198 0.0678988
3005 0.114196 0.0678988
51250 0.114188 0.0678988
10788 0.114185 0.0678988
23161 0.114164 0.0678988
715 0.114043 0.0678988
23369 0.114006 0.0678988
3091 0.113962 0.0678988
8085 0.113959 0.0678988
5451 0.113865 0.0678988
54934 0.113863 0.0678988
219541 0.113856 0.0678988
858 0.113778 0.0678988
4684 0.113743 0.0678988
9463 0.113699 0.0678988
846 0.113643 0.0678988
8061 0.113564 0.0678988
55200 0.113561 0.0678988
56155 0.113561 0.0678988
389833 0.113557 0.0678988
6047 0.113547 0.0678988
4197 0.113528 0.0678988
79918 0.113524 0.0678988
1875 0.113506 0.0678988
6597 0.11349 0.0678988
7341 0.113443 0.0678988
868 0.113401 0.0678988
7629 0.113397 0.0678988
7920 0.113365 0.0678988
284723 0.11335 0.0678988
26154 0.11335 0.0678988
3578 0.11332 0.0678988
23532 0.11332 0.0678988
10365 0.113318 0.0678988
207 0.113318 0.0678988
56413 0.113305 0.0678988
51341 0.11328 0.0678988
1032 0.113278 0.0678988
4791 0.113275 0.0678988
55628 0.113235 0.0678988
4209 0.113232 0.0678988
27330 0.113153 0.0678988
1845 0.113121 0.0678988
4208 0.113033 0.0678988
4088 0.113026 0.0678988
10110 0.113 0.0678988
2899 0.112968 0.0678988
6773 0.112955 0.0678988
64839 0.112955 0.0678988
84105 0.112934 0.0678988
7031 0.112926 0.0678988
2122 0.11287 0.0678988
5618 0.112858 0.0678988
1022 0.11283 0.0678988
8295 0.112794 0.0678988
10001 0.112783 0.0678988
51621 0.11278 0.0678988
7227 0.112763 0.0678988
374649 0.11274 0.0678988
784 0.11271 0.0678988
1994 0.112705 0.0678988
6097 0.112668 0.0678988
6908 0.112634 0.0678988
22905 0.112627 0.0678988
1033 0.112557 0.0678988
8517 0.112539 0.0678988
7136 0.112527 0.0678988
29947 0.112504 0.0678988
11177 0.112464 0.0678988
85409 0.112432 0.0678988
8521 0.112403 0.0678988
2034 0.112355 0.0678988
9194 0.112332 0.0678988
1385 0.112307 0.0678988
4192 0.112291 0.0678988
63925 0.112274 0.0678988
10025 0.112268 0.0678988
3674 0.112189 0.0678988
51586 0.11199 0.0678988
2752 0.111978 0.0678988
94121 0.111975 0.0678988
4772 0.111956 0.0678988
10401 0.111908 0.0678988
3151 0.111872 0.0678988
4790 0.111868 0.0678988
81606 0.111828 0.0678988
2834 0.111802 0.0678988
83478 0.111789 0.0678988
81627 0.111781 0.0678988
416 0.111755 0.0678988
112398 0.111746 0.0678988
5587 0.11174 0.0678988
1616 0.111715 0.0678988
80013 0.111706 0.0678988
64223 0.111623 0.0678988
23411 0.111577 0.0678988
58499 0.111555 0.0678988
9968 0.111517 0.0678988
4968 0.111515 0.0678988
5933 0.11149 0.0678988
56676 0.111487 0.0678988
2246 0.111463 0.0678988
10307 0.111463 0.0678988
29915 0.111457 0.0678988
8110 0.111421 0.0678988
4087 0.111384 0.0678988
3054 0.111359 0.0678988
5580 0.111302 0.0678988
8638 0.111276 0.0678988
6996 0.111251 0.0678988
9641 0.111236 0.0678988
406 0.111228 0.0678988
3229 0.111178 0.0678988
10221 0.111158 0.0678988
58508 0.111149 0.0678988
3066 0.111148 0.0678988
10661 0.111143 0.0678988
7709 0.111126 0.0678988
2697 0.111103 0.0678988
5595 0.111093 0.0678988
10474 0.111054 0.0678988
7158 0.111033 0.0678988
672 0.111001 0.0678988
7291 0.110979 0.0678988
1038 0.110968 0.0678988
1119 0.110966 0.0678988
405 0.11096 0.0678988
113763 0.110946 0.0678988
54556 0.110937 0.0678988
79155 0.110936 0.0678988
80854 0.110921 0.0678988
923 0.110919 0.0678988
4940 0.110899 0.0678988
400569 0.11083 0.0678988
7528 0.110809 0.0678988
4137 0.110758 0.0678988
3320 0.110747 0.0678988
9969 0.110741 0.0678988
55636 0.110678 0.0678988
255967 0.110678 0.0678988
5599 0.110668 0.0678988
55869 0.110661 0.0678988
4134 0.110656 0.0678988
9464 0.110643 0.0678988
83737 0.110618 0.0678988
7494 0.110614 0.0678988
2892 0.110578 0.0678988
79004 0.110571 0.0678988
5579 0.110565 0.0678988
835 0.110547 0.0678988
5295 0.110544 0.0678988
2130 0.110517 0.0678988
79365 0.110507 0.0678988
87 0.110504 0.0678988
5592 0.110469 0.0678988
23133 0.110431 0.0678988
1021 0.110412 0.0678988
2296 0.110384 0.0678988
8289 0.11037 0.0678988
6517 0.11034 0.0678988
54505 0.11032 0.0678988
29993 0.110316 0.0678988
83758 0.110299 0.0678988
5810 0.11026 0.0678988
3659 0.110247 0.0678988
6617 0.110247 0.0678988
1019 0.110233 0.0678988
23621 0.110224 0.0678988
5971 0.110185 0.0678988
4881 0.110181 0.0678988
2186 0.110112 0.0678988
10587 0.110101 0.0678988
51588 0.110094 0.0678988
6233 0.110083 0.0678988
5119 0.110074 0.0678988
79400 0.110037 0.0678988
128553 0.110037 0.0678988
25950 0.110037 0.0678988
10498 0.110022 0.0678988
1746 0.110013 0.0678988
57822 0.109967 0.158185
378108 0.10991 0.158185
6882 0.109893 0.158185
1326 0.109892 0.158185
6338 0.109889 0.158185
6721 0.109853 0.158185
54765 0.109852 0.158185
57496 0.109848 0.158185
9439 0.109838 0.158185
112950 0.109824 0.158185
283643 0.1098 0.158185
64288 0.1098 0.158185
1024 0.109778 0.158185
10335 0.109751 0.158185
202658 0.109751 0.158185
4760 0.109724 0.158185
3373 0.109703 0.158185
1428 0.109701 0.158185
6340 0.109692 0.158185
9219 0.109681 0.158185
57680 0.109673 0.158185
3276 0.109673 0.158185
23028 0.109662 0.158185
8533 0.109637 0.158185
5925 0.109625 0.158185
28996 0.109595 0.158185
7088 0.109585 0.158185
3090 0.109573 0.158185
5079 0.109534 0.158185
57763 0.109528 0.158185
3516 0.109527 0.158185
9757 0.10949 0.158185
55083 0.109467 0.158185
4297 0.109455 0.158185
5460 0.109449 0.158185
23585 0.109442 0.158185
55588 0.109439 0.158185
58487 0.109436 0.158185
2737 0.109401 0.158185
6907 0.109397 0.158185
375260 0.10938 0.158185
10811 0.10936 0.158185
4763 0.109332 0.158185
4609 0.109326 0.158185
10616 0.109313 0.158185
722 0.109272 0.158185
9443 0.109256 0.158185
3660 0.109209 0.158185
3364 0.109204 0.158185
80852 0.109198 0.158185
54797 0.109177 0.158185
55620 0.109165 0.158185
577 0.109149 0.158185
4286 0.109148 0.158185
2874 0.109136 0.158185
6598 0.109122 0.158185
8216 0.109122 0.158185
2893 0.109114 0.158185
51523 0.109034 0.158185
91612 0.109033 0.158185
23543 0.109029 0.158185
4193 0.109024 0.158185
2735 0.108994 0.158185
55072 0.108989 0.158185
8455 0.108952 0.158185
5090 0.108945 0.158185
9412 0.108924 0.158185
1017 0.108904 0.158185
54514 0.108892 0.158185
399694 0.108867 0.158185
8819 0.108859 0.158185
23493 0.108843 0.158185
6035 0.108836 0.158185
23607 0.108833 0.158185
1460 0.108825 0.158185
116986 0.1088 0.158185
29950 0.108799 0.158185
8290 0.108777 0.158185
22938 0.108765 0.158185
22899 0.108752 0.158185
112939 0.108741 0.158185
9020 0.108713 0.158185
4654 0.108704 0.158185
64708 0.108688 0.158185
84661 0.108674 0.158185
84528 0.108653 0.158185
3687 0.108638 0.158185
10920 0.108623 0.158185
5600 0.108601 0.158185
4089 0.108595 0.158185
51669 0.108592 0.158185
54516 0.10859 0.158185
84074 0.108537 0.158185
6920 0.108536 0.158185
6594 0.108513 0.158185
3217 0.108404 0.158185
1869 0.108402 0.158185
2313 0.10838 0.158185
6595 0.108379 0.158185
27287 0.108365 0.158185
2709 0.108355 0.158185
6640 0.108343 0.158185
7050 0.108343 0.158185
4092 0.108333 0.158185
2891 0.108326 0.158185
2885 0.108313 0.158185
94137 0.108282 0.158185
353299 0.108282 0.158185
360030 0.108282 0.158185
6650 0.108282 0.158185
2624 0.108273 0.158185
1464 0.108271 0.158185
7994 0.108268 0.158185
1457 0.108259 0.158185
605 0.108248 0.158185
6304 0.108243 0.158185
983 0.108236 0.158185
6602 0.108232 0.158185
4792 0.108222 0.158185
51282 0.108214 0.158185
1756 0.108212 0.158185
6599 0.108201 0.158185
860 0.108201 0.158185
55193 0.108192 0.158185
321 0.108175 0.158185
5590 0.108165 0.158185
7572 0.108158 0.158185
23014 0.108148 0.158185
10490 0.108142 0.158185
2672 0.108125 0.158185
274 0.108122 0.158185
1909 0.108116 0.158185
7189 0.108084 0.158185
2580 0.108082 0.158185
51684 0.108068 0.158185
23387 0.108052 0.158185
966 0.108052 0.158185
3291 0.108022 0.158185
85415 0.107995 0.158185
51246 0.107985 0.158185
6879 0.107949 0.158185
2873 0.10793 0.158185
5883 0.107921 0.158185
57471 0.107917 0.158185
94015 0.107917 0.158185
139067 0.107917 0.158185
221002 0.107917 0.158185
55728 0.107896 0.158185
7704 0.107889 0.158185
6929 0.107879 0.158185
8613 0.107875 0.158185
124056 0.107869 0.158185
5654 0.107849 0.158185
25 0.10783 0.158185
9978 0.107829 0.158185
28512 0.107781 0.158185
60 0.107721 0.158185
3661 0.10771 0.158185
51177 0.107709 0.158185
2316 0.107698 0.158185
23613 0.107696 0.158185
9682 0.107686 0.158185
1786 0.107676 0.158185
63897 0.107656 0.158185
23219 0.107643 0.158185
5581 0.107634 0.158185
8897 0.107625 0.158185
57154 0.107613 0.158185
26502 0.107594 0.158185
9274 0.107586 0.158185
3932 0.107574 0.158185
5430 0.107561 0.158185
6774 0.107555 0.158185
6883 0.107546 0.158185
11336 0.107536 0.158185
4762 0.107498 0.158185
6942 0.107482 0.158185
2175 0.107476 0.158185
2289 0.107467 0.158185
904 0.107448 0.158185
6337 0.107428 0.158185
6603 0.107425 0.158185
5591 0.107423 0.158185
6498 0.107401 0.158185
2355 0.107395 0.158185
5104 0.107377 0.158185
3705 0.107376 0.158185
4086 0.107356 0.158185
5071 0.107347 0.158185
7153 0.107329 0.158185
9063 0.107266 0.158185
7750 0.107222 0.158185
6885 0.107209 0.158185
4221 0.107204 0.158185
6198 0.10719 0.158185
6284 0.107185 0.158185
84224 0.107177 0.158185
9047 0.107159 0.158185
4215 0.107141 0.158185
1026 0.107126 0.158185
10042 0.107105 0.158185
22989 0.107104 0.158185
9322 0.107103 0.158185
9759 0.107096 0.158185
3486 0.107081 0.158185
3738 0.10708 0.158185
6310 0.107052 0.158185
7099 0.107039 0.158185
5609 0.107035 0.158185
2931 0.106996 0.158185
57106 0.106993 0.158185
57492 0.106976 0.158185
51564 0.106963 0.158185
125050 0.106949 0.158185
9252 0.106937 0.158185
10771 0.106932 0.158185
3009 0.106927 0.158185
162989 0.106903 0.158185
6663 0.106875 0.158185
2475 0.10687 0.158185
7074 0.106859 0.158185
4605 0.106855 0.158185
2115 0.106848 0.158185
133746 0.106839 0.158185
50813 0.106839 0.158185
8358 0.10683 0.158185
8350 0.10683 0.158185
8351 0.10683 0.158185
8352 0.10683 0.158185
8353 0.10683 0.158185
8354 0.10683 0.158185
8355 0.10683 0.158185
8356 0.10683 0.158185
8357 0.10683 0.158185
8968 0.10683 0.158185
4851 0.106811 0.158185
4773 0.1068 0.158185
86 0.106796 0.158185
84307 0.106792 0.158185
10456 0.106781 0.158185
7706 0.106771 0.158185
23252 0.106751 0.158185
1459 0.106748 0.158185
84525 0.106731 0.158185
51082 0.106707 0.158185
861 0.106686 0.158185
6236 0.106652 0.158185
7186 0.106645 0.158185
6910 0.106641 0.158185
1107 0.106631 0.158185
1432 0.106618 0.158185
334 0.106599 0.158185
6497 0.106598 0.158185
661 0.10659 0.158185
4212 0.106586 0.158185
7251 0.106583 0.158185
162 0.106582 0.158185
5080 0.106577 0.158185
7402 0.106555 0.158185
7464 0.106547 0.158185
6613 0.106543 0.158185
23371 0.106537 0.158185
6872 0.106516 0.158185
5934 0.106503 0.158185
2671 0.10649 0.158185
894 0.106471 0.158185
4214 0.106463 0.158185
88 0.106463 0.158185
84284 0.106457 0.158185
80162 0.106444 0.158185
51167 0.106444 0.158185
6948 0.106444 0.158185
8602 0.106444 0.158185
118663 0.106444 0.158185
9553 0.106444 0.158185
115752 0.106444 0.158185
140883 0.106444 0.158185
80213 0.106444 0.158185
653602 0.106444 0.158185
6676 0.106444 0.158185
57828 0.106444 0.158185
114294 0.106444 0.158185
1027 0.106438 0.158185
7161 0.106437 0.158185
7775 0.106427 0.158185
3689 0.106417 0.158185
4776 0.1064 0.158185
3757 0.106399 0.158185
4794 0.106375 0.158185
10522 0.106363 0.158185
79977 0.106358 0.158185
29089 0.106346 0.158185
6601 0.106336 0.158185
6500 0.106335 0.158185
7046 0.106334 0.158185
5328 0.106333 0.158185
10454 0.106331 0.158185
387893 0.106323 0.158185
10270 0.106322 0.158185
9869 0.106315 0.158185
9149 0.106295 0.158185
11183 0.106294 0.158185
54880 0.106283 0.158185
8737 0.106272 0.158185
9975 0.106262 0.158185
81858 0.106249 0.158185
8091 0.106236 0.158185
3897 0.106235 0.158185
639 0.10623 0.158185
8945 0.106222 0.158185
1102 0.106206 0.158185
253724 0.106193 0.158185
5325 0.106185 0.158185
5602 0.106184 0.158185
26063 0.106162 0.158185
8650 0.106155 0.158185
26284 0.106131 0.158185
3024 0.106128 0.158185
10075 0.106121 0.158185
23476 0.10612 0.158185
713 0.106112 0.158185
64397 0.106106 0.158185
4155 0.106104 0.158185
51185 0.106091 0.158185
55662 0.106087 0.158185
554313 0.106084 0.158185
8359 0.106084 0.158185
8370 0.106084 0.158185
8294 0.106084 0.158185
8361 0.106084 0.158185
8360 0.106084 0.158185
8363 0.106084 0.158185
8362 0.106084 0.158185
8365 0.106084 0.158185
8364 0.106084 0.158185
8367 0.106084 0.158185
8366 0.106084 0.158185
8368 0.106084 0.158185
121504 0.106084 0.158185
249 0.106059 0.158185
2670 0.106032 0.158185
142 0.106 0.158185
3202 0.10599 0.158185
4303 0.105953 0.158185
818 0.105951 0.158185
27250 0.105948 0.158185
4915 0.105932 0.158185
9479 0.105926 0.158185
1894 0.105914 0.158185
4154 0.105909 0.158185
57692 0.105891 0.158185
128312 0.105891 0.158185
653361 0.105888 0.158185
171392 0.105878 0.158185
2305 0.105876 0.158185
6778 0.105873 0.158185
6239 0.105859 0.158185
5454 0.105853 0.158185
23030 0.105852 0.158185
102724428 0.105847 0.158185
150094 0.105847 0.158185
127294 0.105828 0.158185
80097 0.105776 0.158185
9320 0.105766 0.158185
23132 0.105766 0.158185
8528 0.105757 0.158185
22809 0.105757 0.158185
4850 0.105754 0.158185
6881 0.10575 0.158185
136227 0.105742 0.158185
55170 0.10573 0.158185
5728 0.105709 0.158185
26013 0.105672 0.158185
5494 0.105657 0.158185
84447 0.105656 0.158185
1647 0.105654 0.158185
6416 0.105648 0.158185
326 0.105642 0.158185
26145 0.10564 0.158185
4217 0.105629 0.158185
168400 0.105629 0.158185
2646 0.105626 0.158185
25942 0.105619 0.158185
51138 0.105614 0.158185
2547 0.105604 0.158185
23522 0.105602 0.158185
3563 0.105595 0.158185
7027 0.10557 0.158185
4204 0.105569 0.158185
9440 0.105566 0.158185
2274 0.105566 0.158185
10155 0.105553 0.158185
55729 0.10555 0.158185
2623 0.105527 0.158185
3838 0.105521 0.158185
7132 0.105511 0.158185
5582 0.10551 0.158185
3357 0.105486 0.158185
5450 0.105475 0.158185
3146 0.105473 0.158185
2118 0.105452 0.158185
54069 0.105447 0.158185
83746 0.105442 0.158185
9477 0.105404 0.158185
79184 0.105391 0.158185
168433 0.105384 0.158185
6531 0.105379 0.158185
9994 0.105374 0.158185
10892 0.105372 0.158185
25898 0.105362 0.158185
5498 0.105357 0.158185
643535 0.105347 0.158185
79729 0.105347 0.158185
131566 0.105347 0.158185
152189 0.105347 0.158185
23007 0.105347 0.158185
1299 0.105347 0.158185
3845 0.105345 0.158185
51316 0.105343 0.158185
8189 0.105336 0.158185
2036 0.10533 0.158185
8464 0.105322 0.158185
5928 0.105313 0.158185
10214 0.105294 0.158185
55092 0.105292 0.158185
23327 0.105292 0.158185
9541 0.105281 0.158185
8717 0.105272 0.158185
81608 0.105262 0.158185
8913 0.105257 0.158185
6733 0.105231 0.158185
1398 0.105213 0.158185
8878 0.105199 0.158185
25780 0.105193 0.158185
1789 0.105189 0.158185
41 0.105164 0.158185
10013 0.105125 0.158185
10765 0.105107 0.158185
22933 0.105105 0.158185
51720 0.105092 0.158185
8312 0.105083 0.158185
26508 0.10505 0.158185
26993 0.105041 0.158185
51061 0.105039 0.158185
2149 0.105015 0.158185
4296 0.105013 0.158185
84433 0.105011 0.158185
9739 0.105001 0.158185
1025 0.104983 0.158185
3683 0.104961 0.158185
1108 0.104957 0.158185
8349 0.104911 0.158185
328 0.104898 0.158185
2861 0.104893 0.158185
8570 0.104892 0.158185
2273 0.10487 0.158185
8242 0.10487 0.158185
7138 0.104848 0.158185
1113 0.104845 0.158185
6900 0.104842 0.158185
6605 0.104832 0.158185
50618 0.104818 0.158185
2915 0.104811 0.158185
7337 0.104806 0.158185
2965 0.1048 0.158185
56915 0.104797 0.158185
5134 0.104789 0.158185
3397 0.104787 0.158185
2066 0.104779 0.158185
3093 0.104774 0.158185
117584 0.104769 0.158185
57162 0.104748 0.158185
892 0.104739 0.158185
23660 0.104681 0.158185
7220 0.104677 0.158185
23118 0.104667 0.158185
26009 0.104667 0.158185
8660 0.104663 0.158185
596 0.104654 0.158185
4615 0.104639 0.158185
80700 0.104629 0.158185
81620 0.104628 0.158185
8454 0.104625 0.158185
5300 0.10462 0.158185
10196 0.104611 0.158185
7020 0.104585 0.158185
7023 0.104572 0.158185
54904 0.104561 0.158185
51567 0.104554 0.158185
23051 0.104539 0.158185
10980 0.104534 0.158185
2495 0.10453 0.158185
815 0.104521 0.158185
10114 0.104505 0.158185
11054 0.104501 0.158185
449003 0.104494 0.158185
126961 0.104494 0.158185
333932 0.104494 0.158185
653604 0.104494 0.158185
1399 0.104489 0.158185
5156 0.104486 0.158185
2819 0.104481 0.158185
23421 0.104476 0.158185
84289 0.104476 0.158185
57658 0.104472 0.158185
6886 0.104471 0.158185
2335 0.104466 0.158185
5931 0.104461 0.158185
55165 0.10446 0.158185
9656 0.104458 0.158185
25798 0.104454 0.158185
3358 0.104453 0.158185
4287 0.104446 0.158185
2534 0.104444 0.158185
23067 0.104439 0.158185
7150 0.104439 0.158185
7126 0.104437 0.158185
9817 0.104416 0.158185
7534 0.104409 0.158185
7530 0.104409 0.158185
5347 0.104407 0.158185
10989 0.104406 0.158185
1871 0.104376 0.158185
8607 0.10436 0.158185
51003 0.104359 0.158185
55571 0.104345 0.158185
3006 0.10432 0.158185
1759 0.104304 0.158185
2734 0.104296 0.158185
595 0.104293 0.158185
10657 0.104276 0.158185
580 0.104275 0.158185
6512 0.104259 0.158185
1915 0.104258 0.158185
9185 0.104257 0.158185
3553 0.104241 0.158185
10691 0.10423 0.158185
23650 0.104222 0.158185
25790 0.104215 0.158185
5987 0.104214 0.158185
409 0.104214 0.158185
23064 0.104214 0.158185
4149 0.104207 0.158185
79027 0.104202 0.158185
10295 0.104188 0.158185
57786 0.104178 0.158185
3324 0.104176 0.158185
23269 0.104174 0.158185
3182 0.104164 0.158185
29072 0.104148 0.158185
22853 0.10414 0.158185
6045 0.104124 0.158185
3717 0.104123 0.158185
25842 0.104119 0.158185
5921 0.104115 0.158185
1438 0.104109 0.158185
10919 0.104096 0.158185
9495 0.10408 0.158185
1525 0.104052 0.158185
4035 0.10402 0.158185
92552 0.104019 0.158185
8491 0.104007 0.158185
29079 0.103997 0.158185
9794 0.103992 0.158185
4599 0.103985 0.158185
10000 0.103971 0.158185
26994 0.103965 0.158185
3741 0.103956 0.158185
55975 0.103948 0.158185
9726 0.10393 0.158185
8626 0.103921 0.158185
6615 0.103915 0.158185
30818 0.103904 0.158185
7321 0.103892 0.158185
25959 0.103891 0.158185
2120 0.10389 0.158185
56850 0.103885 0.158185
8569 0.103849 0.158185
7290 0.103848 0.158185
4131 0.103838 0.158185
23528 0.103826 0.158185
10419 0.103817 0.158185
867 0.103797 0.158185
84164 0.103789 0.158185
8764 0.103775 0.158185
408 0.103705 0.158185
5585 0.103691 0.158185
2272 0.103686 0.158185
4509 0.103679 0.158185
1454 0.103678 0.158185
4152 0.103648 0.158185
9275 0.103633 0.158185
6880 0.103628 0.158185
1052 0.103626 0.158185
2064 0.10361 0.158185
10457 0.103606 0.158185
6622 0.103602 0.158185
8440 0.1036 0.158185
10019 0.103592 0.158185
11214 0.103582 0.158185
1002 0.103578 0.158185
10542 0.103569 0.158185
2002 0.103569 0.158185
7409 0.103564 0.158185
9590 0.103557 0.158185
53615 0.103557 0.158185
793 0.103547 0.158185
2060 0.103544 0.158185
10974 0.103543 0.158185
7139 0.103525 0.158185
836 0.103516 0.158185
54994 0.103512 0.158185
3315 0.103511 0.158185
6839 0.103501 0.158185
10912 0.103492 0.158185
7311 0.10349 0.158185
2928 0.103486 0.158185
7538 0.103485 0.158185
6478 0.103457 0.158185
8503 0.103451 0.158185
55363 0.103441 0.158185
11124 0.103441 0.158185
1642 0.103432 0.158185
7805 0.103432 0.158185
81693 0.103427 0.158185
29110 0.103412 0.158185
7852 0.103412 0.158185
79813 0.103408 0.158185
4869 0.103406 0.158185
1500 0.103397 0.158185
473 0.10339 0.158185
2969 0.103359 0.158185
6049 0.10335 0.158185
5753 0.103344 0.158185
10614 0.103323 0.158185
8507 0.10332 0.158185
7289 0.103319 0.158185
1778 0.103317 0.158185
6935 0.103315 0.158185
115426 0.103314 0.158185
5978 0.103306 0.158185
9402 0.10329 0.158185
1029 0.103271 0.158185
9025 0.103258 0.158185
7431 0.103253 0.158185
6464 0.103252 0.158185
11184 0.103248 0.158185
9330 0.103243 0.158185
4988 0.103212 0.158185
6477 0.103206 0.158185
6790 0.103199 0.158185
10758 0.103189 0.158185
10451 0.103187 0.158185
5576 0.103187 0.158185
1843 0.103187 0.158185
4000 0.103185 0.158185
26168 0.103185 0.158185
2004 0.103183 0.158185
102800317 0.103171 0.158185
5770 0.103161 0.158185
79753 0.103147 0.158185
10600 0.103145 0.158185
7372 0.103141 0.158185
5613 0.103135 0.158185
55734 0.103125 0.158185
5170 0.103119 0.158185
3663 0.103112 0.158185
43 0.103102 0.158185
710 0.10309 0.158185
5501 0.103087 0.158185
11077 0.10308 0.158185
8553 0.103074 0.158185
8467 0.103066 0.158185
1390 0.103059 0.158185
51592 0.103055 0.158185
1452 0.10305 0.158185
29128 0.103049 0.158185
10521 0.103047 0.158185
6612 0.103042 0.158185
5499 0.103039 0.158185
84699 0.103037 0.158185
55888 0.103031 0.158185
84898 0.102996 0.158185
26147 0.102971 0.158185
7249 0.10297 0.158185
10847 0.102955 0.158185
79738 0.102952 0.158185
5159 0.102945 0.158185
6606 0.10294 0.158185
6607 0.10294 0.158185
57634 0.102938 0.158185
284252 0.102932 0.158185
29117 0.102927 0.158185
7083 0.102926 0.158185
2597 0.102897 0.158185
7343 0.102882 0.158185
151636 0.102878 0.158185
10363 0.102855 0.158185
330 0.102851 0.158185
22918 0.10284 0.158185
7322 0.102834 0.158185
9913 0.102825 0.158185
55611 0.10282 0.158185
10044 0.102818 0.158185
9442 0.10281 0.158185
57519 0.102794 0.158185
404093 0.10279 0.158185
80149 0.102785 0.158185
5894 0.102782 0.158185
2627 0.102782 0.158185
23295 0.102765 0.158185
80712 0.102763 0.158185
55738 0.102763 0.158185
57507 0.102758 0.158185
10210 0.102752 0.158185
3670 0.10275 0.158185
5340 0.10274 0.158185
220213 0.102734 0.158185
55791 0.102729 0.158185
7410 0.102725 0.158185
7295 0.102724 0.158185
26595 0.102723 0.158185
166 0.102722 0.158185
4110 0.102713 0.158185
152559 0.102708 0.158185
5493 0.102705 0.158185
242 0.102697 0.158185
3021 0.102693 0.158185
3020 0.102693 0.158185
4090 0.102678 0.158185
10746 0.102677 0.158185
5111 0.102677 0.158185
204851 0.102655 0.158185
2810 0.102655 0.158185
9319 0.102652 0.158185
5058 0.102641 0.158185
23097 0.102629 0.158185
9839 0.102619 0.158185
5573 0.102608 0.158185
1796 0.102598 0.158185
23471 0.102592 0.158185
10299 0.102587 0.158185
2081 0.102576 0.158185
4093 0.102573 0.158185
322 0.102565 0.158185
1822 0.102564 0.158185
27429 0.102554 0.158185
10766 0.10254 0.158185
91966 0.102536 0.158185
23060 0.102535 0.158185
5243 0.102531 0.158185
9310 0.102525 0.158185
4613 0.102521 0.158185
11143 0.10252 0.158185
51126 0.102519 0.158185
9306 0.102502 0.158185
255488 0.1025 0.158185
7170 0.102496 0.158185
10244 0.102492 0.158185
3667 0.102489 0.158185
7917 0.102489 0.158185
51778 0.102484 0.158185
4999 0.102479 0.158185
79695 0.102476 0.158185
171017 0.102471 0.158185
56983 0.102467 0.158185
5577 0.102456 0.158185
11059 0.102454 0.158185
5431 0.102451 0.158185
23635 0.102443 0.158185
1154 0.102432 0.158185
3308 0.102431 0.158185
3008 0.102424 0.158185
4620 0.102414 0.158185
1788 0.102409 0.158185
10743 0.1024 0.158185
114884 0.102399 0.158185
5947 0.102399 0.158185
27 0.102394 0.158185
5977 0.102389 0.158185
55715 0.102379 0.158185
71 0.102366 0.158185
51599 0.102363 0.158185
7391 0.102359 0.158185
55294 0.102349 0.158185
9021 0.102347 0.158185
668 0.102347 0.158185
152789 0.102315 0.158185
1876 0.102308 0.158185
9870 0.102307 0.158185
10413 0.102286 0.158185
5321 0.102276 0.158185
23205 0.102264 0.158185
2863 0.102264 0.158185
93109 0.102264 0.158185
3398 0.102262 0.158185
6299 0.102261 0.158185
23468 0.102255 0.158185
57491 0.10225 0.158185
6492 0.10225 0.158185
23499 0.102247 0.158185
146310 0.102245 0.158185
161725 0.102245 0.158185
56893 0.102236 0.158185
6092 0.102234 0.158185
407 0.102225 0.158185
2801 0.102217 0.158185
23513 0.102217 0.158185
1634 0.102213 0.158185
26191 0.102207 0.158185
57684 0.102197 0.158185
84708 0.102195 0.158185
4502 0.102172 0.158185
26278 0.102169 0.158185
5433 0.102159 0.158185
6670 0.102159 0.158185
79718 0.102157 0.158185
7345 0.102144 0.158185
6874 0.102144 0.158185
23039 0.102136 0.158185
29894 0.102128 0.158185
60685 0.102108 0.158185
10645 0.102102 0.158185
273 0.102096 0.158185
7039 0.102088 0.158185
5195 0.102086 0.158185
5966 0.102079 0.158185
3326 0.102072 0.158185
7535 0.102068 0.158185
6446 0.102064 0.158185
57554 0.102063 0.158185
23429 0.102052 0.158185
355 0.102051 0.158185
6850 0.102037 0.158185
58529 0.102025 0.158185
23473 0.102015 0.158185
30834 0.102015 0.158185
7564 0.101998 0.158185
5896 0.101995 0.158185
29028 0.101993 0.158185
56033 0.101987 0.158185
5681 0.101977 0.158185
51129 0.101976 0.158185
11244 0.101972 0.158185
10783 0.101971 0.158185
2804 0.10197 0.158185
7681 0.101969 0.158185
7276 0.101959 0.158185
51780 0.101955 0.158185
79178 0.101949 0.158185
4194 0.101937 0.158185
7022 0.101936 0.158185
29108 0.101927 0.158185
29959 0.10192 0.158185
10769 0.101919 0.158185
2065 0.101901 0.158185
51366 0.101893 0.158185
1482 0.101893 0.158185
7248 0.101881 0.158185
10738 0.101849 0.158185
23492 0.101844 0.158185
79084 0.101837 0.158185
5434 0.101835 0.158185
7415 0.101829 0.158185
10971 0.101825 0.158185
10092 0.101822 0.158185
10138 0.101818 0.158185
23178 0.101818 0.158185
5747 0.101817 0.158185
10782 0.101809 0.158185
8766 0.101807 0.158185
5393 0.101797 0.158185
6015 0.101795 0.158185
26249 0.101784 0.158185
8338 0.101781 0.158185
3562 0.101775 0.158185
8404 0.101771 0.158185
7443 0.101769 0.158185
26020 0.101765 0.158185
472 0.101757 0.158185
123169 0.101757 0.158185
5901 0.101754 0.158185
5608 0.101753 0.158185
3184 0.101746 0.158185
581 0.101744 0.158185
6829 0.101739 0.158185
83931 0.101735 0.158185
55275 0.101732 0.158185
7520 0.101725 0.158185
4528 0.101724 0.158185
9146 0.101723 0.158185
3329 0.101719 0.158185
26205 0.101708 0.158185
29979 0.101704 0.158185
64241 0.101701 0.158185
23013 0.101692 0.158185
5315 0.101689 0.158185
1478 0.101685 0.158185
81037 0.101667 0.158185
7168 0.101662 0.158185
51043 0.101659 0.158185
65268 0.101645 0.158185
5106 0.101644 0.158185
5335 0.101641 0.158185
2690 0.101637 0.158185
558 0.101636 0.158185
4059 0.101632 0.158185
2150 0.101629 0.158185
84676 0.101628 0.158185
11200 0.101622 0.158185
7536 0.101616 0.158185
8445 0.101611 0.158185
816 0.10161 0.158185
10916 0.101607 0.158185
2902 0.101606 0.158185
4223 0.101597 0.158185
5698 0.101592 0.158185
5739 0.101589 0.158185
51135 0.101579 0.158185
9101 0.101568 0.158185
55816 0.101565 0.158185
546 0.101552 0.158185
6659 0.101552 0.158185
391257 0.10155 0.158185
1003 0.101544 0.158185
6915 0.101542 0.158185
4539 0.101534 0.158185
6925 0.101531 0.158185
7051 0.101531 0.158185
338692 0.101528 0.158185
8497 0.101527 0.158185
10238 0.101527 0.158185
1487 0.101519 0.158185
3084 0.101504 0.158185
1439 0.101502 0.158185
54726 0.101487 0.158185
6503 0.101483 0.158185
8848 0.101482 0.158185
1978 0.101467 0.158185
3875 0.101466 0.158185
85300 0.10145 0.158185
26234 0.101448 0.158185
64750 0.101438 0.158185
7041 0.101436 0.158185
1947 0.10143 0.158185
10620 0.101424 0.158185
5597 0.101417 0.158185
842 0.101416 0.158185
26036 0.101411 0.158185
84823 0.101407 0.158185
5601 0.101399 0.158185
578 0.101388 0.158185
23586 0.101387 0.158185
81631 0.101386 0.158185
6453 0.101384 0.158185
6331 0.101378 0.158185
7128 0.101378 0.158185
8851 0.10137 0.158185
4040 0.101369 0.158185
3815 0.101361 0.158185
4289 0.101359 0.158185
993 0.101356 0.158185
5887 0.101351 0.158185
165918 0.101346 0.158185
2549 0.101339 0.158185
7052 0.101338 0.158185
10849 0.101329 0.158185
708 0.10132 0.158185
7589 0.101317 0.158185
2746 0.101306 0.158185
26038 0.101305 0.158185
9253 0.101301 0.158185
808 0.101285 0.158185
805 0.101285 0.158185
55339 0.101281 0.158185
8479 0.101275 0.158185
9112 0.101272 0.158185
8452 0.101272 0.158185
997 0.101272 0.158185
27040 0.10126 0.158185
801 0.101258 0.158185
7323 0.101251 0.158185
11116 0.10124 0.158185
2887 0.101234 0.158185
1488 0.101231 0.158185
28511 0.101231 0.158185
11340 0.101228 0.158185
9646 0.101227 0.158185
7508 0.101224 0.158185
10712 0.101222 0.158185
6196 0.101215 0.158185
6427 0.101215 0.158185
150 0.101201 0.158185
7621 0.101198 0.158185
27097 0.101196 0.158185
4843 0.101182 0.158185
8915 0.101181 0.158185
6548 0.101169 0.158185
79174 0.101164 0.158185
29843 0.101163 0.158185
10076 0.101157 0.158185
4485 0.101148 0.158185
11243 0.101145 0.158185
100527963 0.101145 0.158185
6654 0.101137 0.158185
10856 0.101135 0.158185
4946 0.101134 0.158185
10621 0.101122 0.158185
5515 0.101121 0.158185
126669 0.101119 0.158185
9588 0.101109 0.158185
10314 0.101107 0.158185
389941 0.101107 0.158185
7913 0.101106 0.158185
573 0.101105 0.158185
5730 0.101101 0.158185
1747 0.1011 0.158185
6877 0.101097 0.158185
1123 0.10109 0.158185
6655 0.101088 0.158185
53981 0.10108 0.158185
1479 0.101079 0.158185
999 0.101075 0.158185
118460 0.101069 0.158185
3800 0.101066 0.158185
11009 0.101054 0.158185
10768 0.101037 0.158185
785 0.101033 0.158185
572 0.101031 0.158185
2138 0.101028 0.158185
7867 0.101025 0.158185
1832 0.101019 0.158185
131118 0.101019 0.158185
23608 0.10099 0.158185
11315 0.100986 0.158185
11051 0.100982 0.158185
4216 0.100973 0.158185
29123 0.100971 0.158185
9815 0.100967 0.158185
26060 0.10096 0.158185
10928 0.100954 0.158185
8470 0.100924 0.158185
11060 0.100923 0.158185
9099 0.100918 0.158185
4170 0.100894 0.158185
640 0.100886 0.158185
5267 0.100881 0.158185
10808 0.100874 0.158185
27005 0.100865 0.158185
8767 0.100849 0.158185
23317 0.100848 0.158185
10045 0.100845 0.158185
7846 0.100841 0.158185
995 0.10084 0.158185
6314 0.100834 0.158185
5781 0.100828 0.158185
582 0.100818 0.158185
54764 0.100815 0.158185
998 0.100814 0.158185
29122 0.100811 0.158185
9616 0.100802 0.158185
8314 0.100799 0.158185
29761 0.100779 0.158185
3791 0.100779 0.158185
286 0.100779 0.158185
5567 0.100778 0.158185
3835 0.100765 0.158185
1655 0.100753 0.158185
7334 0.100742 0.158185
1445 0.100734 0.158185
1308 0.100729 0.158185
1937 0.100725 0.158185
613 0.100713 0.158185
339448 0.100712 0.158185
65125 0.100707 0.158185
1111 0.1007 0.158185
5888 0.100697 0.158185
4005 0.100695 0.158185
5144 0.100688 0.158185
8065 0.100687 0.158185
4077 0.100687 0.158185
862 0.100683 0.158185
55422 0.100672 0.158185
57646 0.100666 0.158185
1610 0.100666 0.158185
126119 0.100665 0.158185
6515 0.100664 0.158185
7187 0.100655 0.158185
22926 0.100654 0.158185
2011 0.100653 0.158185
3190 0.100648 0.158185
79577 0.100646 0.158185
84909 0.100641 0.158185
30011 0.100632 0.158185
117178 0.100627 0.158185
56254 0.100623 0.158185
3938 0.10061 0.158185
761 0.10061 0.158185
9513 0.100605 0.158185
729 0.100602 0.158185
2059 0.100597 0.158185
4486 0.100594 0.158185
23162 0.100575 0.158185
493829 0.100573 0.158185
834 0.100566 0.158185
4678 0.100563 0.158185
7353 0.100562 0.158185
7324 0.100558 0.158185
139818 0.100555 0.158185
9938 0.100555 0.158185
50943 0.100553 0.158185
56288 0.100551 0.158185
10484 0.10055 0.158185
10254 0.100549 0.158185
6737 0.100547 0.158185
494470 0.100546 0.158185
65264 0.100544 0.158185
1643 0.100544 0.158185
10318 0.100542 0.158185
22869 0.100541 0.158185
10848 0.100534 0.158185
1453 0.100514 0.158185
8328 0.100513 0.158185
1495 0.100512 0.158185
1195 0.100508 0.158185
4067 0.100497 0.158185
9113 0.100494 0.158185
4176 0.100493 0.158185
3309 0.100487 0.158185
7273 0.100483 0.158185
57610 0.100461 0.158185
5062 0.10046 0.158185
7013 0.100449 0.158185
6608 0.100448 0.158185
9709 0.100443 0.158185
90268 0.100435 0.158185
331 0.100431 0.158185
841 0.100429 0.158185
57506 0.100427 0.158185
57332 0.100427 0.158185
10336 0.100419 0.158185
5997 0.100417 0.158185
23624 0.100414 0.158185
252969 0.100412 0.158185
55851 0.100409 0.158185
92714 0.100409 0.158185
6938 0.100402 0.158185
5081 0.1004 0.158185
23390 0.10039 0.158185
5296 0.10039 0.158185
5437 0.100378 0.158185
324 0.100375 0.158185
23414 0.10037 0.158185
2176 0.10037 0.158185
7314 0.100369 0.158185
6672 0.100362 0.158185
55014 0.100361 0.158185
378465 0.100354 0.158185
5757 0.100349 0.158185
51255 0.100346 0.158185
54585 0.100345 0.158185
10580 0.100334 0.158185
7159 0.100333 0.158185
2321 0.100331 0.158185
3055 0.100329 0.158185
51107 0.10032 0.158185
55723 0.100318 0.158185
1213 0.100317 0.158185
8726 0.100311 0.158185
145508 0.10031 0.158185
55143 0.100288 0.158185
8260 0.100272 0.158185
64219 0.100264 0.158185
64328 0.100262 0.158185
9644 0.100254 0.158185
10477 0.100253 0.158185
6197 0.100253 0.158185
5788 0.100237 0.158185
5500 0.100218 0.158185
11074 0.100214 0.158185
57563 0.100209 0.158185
1539 0.100201 0.158185
27030 0.100191 0.158185
54737 0.100186 0.158185
7090 0.100176 0.158185
11107 0.100171 0.158185
8148 0.10017 0.158185
8451 0.100169 0.158185
23291 0.10014 0.158185
22806 0.100136 0.158185
890 0.100129 0.158185
5605 0.100128 0.158185
7514 0.100126 0.158185
11335 0.100121 0.158185
4683 0.10012 0.158185
3068 0.100117 0.158185
27246 0.100099 0.158185
1639 0.100095 0.158185
8930 0.100092 0.158185
891 0.100089 0.158185
128178 0.100086 0.158185
23264 0.100084 0.158185
22992 0.100082 0.158185
7517 0.100082 0.158185
339487 0.100072 0.158185
154 0.100069 0.158185
9958 0.100066 0.158185
6934 0.10006 0.158185
81792 0.100058 0.158185
310 0.100049 0.158185
22890 0.100048 0.158185
84445 0.100017 0.158185
1407 0.100009 0.158185
301 0.100004 0.158185
5899 0.099993 0.3555482
79589 0.09999 0.3555482
6294 0.099989 0.3555482
117177 0.09998 0.3555482
7185 0.099976 0.3555482
27238 0.099973 0.3555482
7205 0.099967 0.3555482
3937 0.099962 0.3555482
5563 0.099952 0.3555482
7533 0.099952 0.3555482
131890 0.09995 0.3555482
9111 0.09994 0.3555482
7332 0.099938 0.3555482
10869 0.099937 0.3555482
139324 0.099936 0.3555482
637 0.099929 0.3555482
2288 0.099915 0.3555482
10906 0.099915 0.3555482
6789 0.099914 0.3555482
3265 0.099913 0.3555482
57562 0.099912 0.3555482
7155 0.099908 0.3555482
11319 0.0999 0.3555482
80760 0.099898 0.3555482
23210 0.099897 0.3555482
3148 0.099883 0.3555482
2521 0.099882 0.3555482
114609 0.099881 0.3555482
5531 0.099877 0.3555482
10399 0.099875 0.3555482
5583 0.099871 0.3555482
11168 0.09986 0.3555482
84749 0.099844 0.3555482
29978 0.09984 0.3555482
4233 0.09983 0.3555482
1193 0.099823 0.3555482
5682 0.099819 0.3555482
902 0.099811 0.3555482
64092 0.099808 0.3555482
6794 0.099806 0.3555482
4082 0.099798 0.3555482
342371 0.099796 0.3555482
51322 0.099793 0.3555482
5787 0.099788 0.3555482
356 0.099785 0.3555482
128866 0.099781 0.3555482
56341 0.099779 0.3555482
329 0.099778 0.3555482
4692 0.099774 0.3555482
23265 0.099772 0.3555482
5336 0.099769 0.3555482
26751 0.099768 0.3555482
116461 0.099766 0.3555482
8027 0.099755 0.3555482
4841 0.09974 0.3555482
22927 0.099736 0.3555482
51531 0.099736 0.3555482
51676 0.099734 0.3555482
9311 0.099731 0.3555482
2872 0.099731 0.3555482
833 0.099716 0.3555482
5320 0.099716 0.3555482
2669 0.099713 0.3555482
84186 0.099702 0.3555482
55743 0.0997 0.3555482
2960 0.099684 0.3555482
84675 0.099682 0.3555482
51562 0.099676 0.3555482
27101 0.099675 0.3555482
4068 0.099674 0.3555482
50514 0.099667 0.3555482
8557 0.099662 0.3555482
3178 0.099658 0.3555482
23401 0.099644 0.3555482
57731 0.099643 0.3555482
200728 0.099641 0.3555482
9915 0.099639 0.3555482
10488 0.099636 0.3555482
5710 0.099625 0.3555482
56899 0.099621 0.3555482
4738 0.099617 0.3555482
8287 0.099614 0.3555482
831 0.099612 0.3555482
10296 0.099612 0.3555482
9014 0.099611 0.3555482
5052 0.099609 0.3555482
85439 0.099603 0.3555482
26130 0.099601 0.3555482
9533 0.099599 0.3555482
7097 0.099598 0.3555482
115677 0.099596 0.3555482
9960 0.099582 0.3555482
22907 0.099581 0.3555482
7556 0.099574 0.3555482
53358 0.099559 0.3555482
7015 0.099555 0.3555482
211 0.099545 0.3555482
10432 0.099543 0.3555482
100526737 0.099543 0.3555482
4211 0.099526 0.3555482
6777 0.099509 0.3555482
10127 0.099504 0.3555482
5290 0.099501 0.3555482
122953 0.0995 0.3555482
432 0.099496 0.3555482
79803 0.099488 0.3555482
56164 0.099486 0.3555482
1072 0.099485 0.3555482
84951 0.099485 0.3555482
84108 0.099471 0.3555482
89 0.099463 0.3555482
2023 0.099458 0.3555482
23384 0.099448 0.3555482
8409 0.099446 0.3555482
6696 0.099442 0.3555482
2260 0.099441 0.3555482
6120 0.099435 0.3555482
373 0.099425 0.3555482
5607 0.099423 0.3555482
699 0.099414 0.3555482
5795 0.099407 0.3555482
23649 0.099406 0.3555482
9531 0.099403 0.3555482
5778 0.09939 0.3555482
51631 0.099386 0.3555482
1173 0.099377 0.3555482
55704 0.099376 0.3555482
55580 0.099376 0.3555482
6625 0.099374 0.3555482
10589 0.099373 0.3555482
3209 0.099372 0.3555482
23148 0.09937 0.3555482
64844 0.099368 0.3555482
3927 0.099359 0.3555482
5660 0.099357 0.3555482
8826 0.099355 0.3555482
811 0.099354 0.3555482
5429 0.099352 0.3555482
54206 0.09935 0.3555482
644 0.099345 0.3555482
5879 0.099343 0.3555482
5127 0.09934 0.3555482
8458 0.09933 0.3555482
4354 0.099324 0.3555482
54778 0.099324 0.3555482
2913 0.099324 0.3555482
5530 0.099299 0.3555482
3161 0.099291 0.3555482
1838 0.099284 0.3555482
10236 0.099284 0.3555482
9501 0.099271 0.3555482
54708 0.099268 0.3555482
5562 0.099268 0.3555482
54542 0.099261 0.3555482
10549 0.099252 0.3555482
1936 0.099251 0.3555482
5438 0.099246 0.3555482
10923 0.099242 0.3555482
9802 0.099223 0.3555482
8237 0.099223 0.3555482
2146 0.099215 0.3555482
9001 0.099207 0.3555482
64802 0.099188 0.3555482
26232 0.099179 0.3555482
57599 0.099177 0.3555482
1785 0.099175 0.3555482
284618 0.099167 0.3555482
8631 0.099167 0.3555482
2617 0.099165 0.3555482
22870 0.099162 0.3555482
79705 0.099162 0.3555482
1105 0.099124 0.3555482
158427 0.099122 0.3555482
51574 0.099111 0.3555482
3801 0.099108 0.3555482
83940 0.099107 0.3555482
64919 0.099103 0.3555482
4842 0.099099 0.3555482
6837 0.099099 0.3555482
22981 0.09909 0.3555482
7326 0.099089 0.3555482
57159 0.099079 0.3555482
10207 0.099077 0.3555482
93487 0.099076 0.3555482
6199 0.099075 0.3555482
9371 0.099068 0.3555482
27161 0.099066 0.3555482
57326 0.099065 0.3555482
665 0.099056 0.3555482
5292 0.099045 0.3555482
55658 0.099039 0.3555482
5584 0.099034 0.3555482
92906 0.099026 0.3555482
2010 0.099017 0.3555482
8450 0.09901 0.3555482
1602 0.099008 0.3555482
51619 0.098998 0.3555482
7040 0.098997 0.3555482
2275 0.098996 0.3555482
3018 0.098977 0.3555482
154796 0.098976 0.3555482
7984 0.098975 0.3555482
10211 0.098974 0.3555482
2017 0.098973 0.3555482
5684 0.098972 0.3555482
64283 0.098964 0.3555482
8335 0.098953 0.3555482
3012 0.098953 0.3555482
9516 0.098951 0.3555482
5166 0.09895 0.3555482
10010 0.09895 0.3555482
673 0.098946 0.3555482
3275 0.098941 0.3555482
10611 0.098935 0.3555482
213 0.09892 0.3555482
54602 0.098914 0.3555482
1912 0.098912 0.3555482
6709 0.098908 0.3555482
914 0.098907 0.3555482
84174 0.098894 0.3555482
3298 0.098892 0.3555482
23001 0.098875 0.3555482
85363 0.098873 0.3555482
54386 0.098869 0.3555482
22937 0.098868 0.3555482
333 0.098856 0.3555482
5447 0.098856 0.3555482
5164 0.098855 0.3555482
9618 0.098852 0.3555482
2242 0.098849 0.3555482
2512 0.098844 0.3555482
80095 0.098837 0.3555482
5979 0.098834 0.3555482
641 0.098833 0.3555482
6711 0.098832 0.3555482
85302 0.098832 0.3555482
960 0.098824 0.3555482
9584 0.098813 0.3555482
7529 0.098795 0.3555482
50937 0.098793 0.3555482
84287 0.098793 0.3555482
26548 0.09879 0.3555482
3775 0.098786 0.3555482
26003 0.098778 0.3555482
1600 0.098774 0.3555482
56658 0.098774 0.3555482
3297 0.098774 0.3555482
2016 0.098771 0.3555482
4801 0.098771 0.3555482
64902 0.09877 0.3555482
3839 0.098769 0.3555482
56938 0.098764 0.3555482
7375 0.09876 0.3555482
23542 0.098757 0.3555482
55291 0.09875 0.3555482
10540 0.09875 0.3555482
54935 0.098741 0.3555482
54442 0.09874 0.3555482
27185 0.098731 0.3555482
3014 0.098724 0.3555482
57120 0.098722 0.3555482
51514 0.098722 0.3555482
2904 0.098703 0.3555482
3728 0.098701 0.3555482
60412 0.098698 0.3555482
7532 0.098694 0.3555482
28964 0.09869 0.3555482
6895 0.098688 0.3555482
6449 0.09868 0.3555482
7014 0.098676 0.3555482
2701 0.098665 0.3555482
5179 0.098665 0.3555482
8239 0.098663 0.3555482
3772 0.09865 0.3555482
65990 0.098649 0.3555482
51755 0.098648 0.3555482
125 0.098646 0.3555482
23328 0.098644 0.3555482
7297 0.098643 0.3555482
84196 0.098643 0.3555482
9093 0.098641 0.3555482
3984 0.098634 0.3555482
9031 0.098627 0.3555482
57761 0.098613 0.3555482
55835 0.098604 0.3555482
3312 0.0986 0.3555482
55781 0.098593 0.3555482
9902 0.098593 0.3555482
10963 0.098592 0.3555482
11030 0.098583 0.3555482
5192 0.098581 0.3555482
3476 0.098578 0.3555482
387032 0.098577 0.3555482
5110 0.098572 0.3555482
3702 0.09857 0.3555482
10952 0.098563 0.3555482
54870 0.098557 0.3555482
3183 0.098552 0.3555482
81603 0.09855 0.3555482
10664 0.098548 0.3555482
5930 0.098538 0.3555482
2444 0.098535 0.3555482
23761 0.098531 0.3555482
8600 0.098525 0.3555482
6418 0.098521 0.3555482
648 0.098521 0.3555482
100532731 0.098521 0.3555482
55660 0.098519 0.3555482
7301 0.098518 0.3555482
3304 0.098509 0.3555482
3303 0.098509 0.3555482
23043 0.098502 0.3555482
4646 0.098497 0.3555482
148581 0.09849 0.3555482
6472 0.098488 0.3555482
10461 0.098483 0.3555482
10915 0.098482 0.3555482
2889 0.098481 0.3555482
64320 0.09848 0.3555482
1400 0.098476 0.3555482
25988 0.098472 0.3555482
23633 0.098467 0.3555482
55603 0.09846 0.3555482
3300 0.098459 0.3555482
4914 0.098459 0.3555482
90480 0.098455 0.3555482
5425 0.098444 0.3555482
10933 0.098441 0.3555482
583 0.098435 0.3555482
11345 0.098434 0.3555482
10389 0.098431 0.3555482
1212 0.098418 0.3555482
55755 0.098406 0.3555482
4345 0.098406 0.3555482
9212 0.098403 0.3555482
6767 0.098393 0.3555482
85358 0.098384 0.3555482
55593 0.098384 0.3555482
84709 0.098383 0.3555482
27338 0.098383 0.3555482
284366 0.098382 0.3555482
79594 0.098372 0.3555482
2005 0.098365 0.3555482
26524 0.098357 0.3555482
4102 0.09834 0.3555482
3195 0.098336 0.3555482
26523 0.098325 0.3555482
26206 0.09832 0.3555482
26469 0.098313 0.3555482
6470 0.09831 0.3555482
11338 0.098292 0.3555482
23020 0.098289 0.3555482
26260 0.098288 0.3555482
3799 0.098288 0.3555482
10682 0.098286 0.3555482
10672 0.098283 0.3555482
200894 0.09828 0.3555482
156 0.098278 0.3555482
8161 0.09827 0.3555482
54472 0.098266 0.3555482
10015 0.09826 0.3555482
387 0.098255 0.3555482
5359 0.098248 0.3555482
5536 0.098246 0.3555482
1605 0.098245 0.3555482
5932 0.098242 0.3555482
23451 0.098231 0.3555482
9753 0.098213 0.3555482
80124 0.098211 0.3555482
8861 0.098204 0.3555482
55284 0.098199 0.3555482
7277 0.098198 0.3555482
2934 0.098193 0.3555482
4804 0.098191 0.3555482
1161 0.09818 0.3555482
4298 0.098173 0.3555482
896 0.098171 0.3555482
157638 0.098169 0.3555482
1656 0.098167 0.3555482
6710 0.098165 0.3555482
64332 0.098158 0.3555482
6783 0.098151 0.3555482
125115 0.09815 0.3555482
5903 0.098145 0.3555482
6749 0.098142 0.3555482
5829 0.098141 0.3555482
821 0.09814 0.3555482
7515 0.098112 0.3555482
10094 0.098109 0.3555482
3185 0.098096 0.3555482
51127 0.09809 0.3555482
90135 0.09809 0.3555482
63967 0.09809 0.3555482
585 0.098087 0.3555482
4771 0.098079 0.3555482
80279 0.098073 0.3555482
915 0.098069 0.3555482
10066 0.098064 0.3555482
54894 0.098059 0.3555482
51317 0.098057 0.3555482
81565 0.098056 0.3555482
284119 0.098041 0.3555482
70 0.098038 0.3555482
27131 0.098035 0.3555482
9094 0.098034 0.3555482
23077 0.098022 0.3555482
7957 0.098022 0.3555482
169026 0.09802 0.3555482
4188 0.09802 0.3555482
3912 0.098017 0.3555482
9610 0.098014 0.3555482
51070 0.09801 0.3555482
8339 0.098009 0.3555482
8344 0.098009 0.3555482
3017 0.098009 0.3555482
10320 0.098009 0.3555482
8343 0.098009 0.3555482
8347 0.098009 0.3555482
8346 0.098009 0.3555482
3313 0.098009 0.3555482
57805 0.098009 0.3555482
9921 0.098007 0.3555482
25759 0.098007 0.3555482
2778 0.098006 0.3555482
5717 0.098003 0.3555482
1810 0.098002 0.3555482
350 0.098002 0.3555482
51421 0.098002 0.3555482
26088 0.097989 0.3555482
120892 0.097986 0.3555482
9100 0.097985 0.3555482
11102 0.097982 0.3555482
4998 0.097982 0.3555482
1466 0.097978 0.3555482
8462 0.097978 0.3555482
128 0.097938 0.3555482
79444 0.097931 0.3555482
80152 0.097927 0.3555482
2071 0.097924 0.3555482
64837 0.097924 0.3555482
25885 0.097923 0.3555482
4281 0.097907 0.3555482
10612 0.097906 0.3555482
624 0.097903 0.3555482
51364 0.097903 0.3555482
6118 0.097902 0.3555482
79665 0.097902 0.3555482
11221 0.097899 0.3555482
10671 0.097899 0.3555482
80198 0.097878 0.3555482
5702 0.097866 0.3555482
7021 0.097859 0.3555482
1540 0.097856 0.3555482
6455 0.09785 0.3555482
27063 0.097849 0.3555482
163033 0.097842 0.3555482
7328 0.097837 0.3555482
3798 0.097832 0.3555482
10298 0.097828 0.3555482
10188 0.097821 0.3555482
7965 0.097819 0.3555482
3087 0.097808 0.3555482
50855 0.097805 0.3555482
84285 0.097805 0.3555482
65018 0.0978 0.3555482
10291 0.097799 0.3555482
2318 0.097798 0.3555482
5423 0.097784 0.3555482
26019 0.097775 0.3555482
90933 0.097773 0.3555482
196528 0.097769 0.3555482
1388 0.097763 0.3555482
10422 0.097758 0.3555482
55818 0.097757 0.3555482
3836 0.097755 0.3555482
57561 0.097736 0.3555482
1660 0.097728 0.3555482
2633 0.097715 0.3555482
7048 0.097703 0.3555482
10868 0.097691 0.3555482
5516 0.097688 0.3555482
3572 0.097683 0.3555482
51608 0.097676 0.3555482
8799 0.097672 0.3555482
10425 0.097668 0.3555482
286514 0.097666 0.3555482
25890 0.09765 0.3555482
55002 0.097649 0.3555482
695 0.097638 0.3555482
4802 0.097621 0.3555482
7156 0.097609 0.3555482
222546 0.097599 0.3555482
4604 0.097598 0.3555482
8621 0.097595 0.3555482
7003 0.097587 0.3555482
3651 0.097581 0.3555482
23609 0.097579 0.3555482
5687 0.097574 0.3555482
657 0.09756 0.3555482
5981 0.097557 0.3555482
28955 0.097555 0.3555482
122809 0.097554 0.3555482
6904 0.097526 0.3555482
54165 0.097515 0.3555482
199990 0.097514 0.3555482
5054 0.097513 0.3555482
7320 0.097512 0.3555482
51593 0.097512 0.3555482
54453 0.097512 0.3555482
50862 0.097506 0.3555482
134218 0.097503 0.3555482
3480 0.097502 0.3555482
116840 0.097487 0.3555482
54971 0.097479 0.3555482
5092 0.097475 0.3555482
2177 0.097473 0.3555482
84280 0.097473 0.3555482
7518 0.09747 0.3555482
55740 0.097462 0.3555482
57695 0.097455 0.3555482
5165 0.097451 0.3555482
55212 0.097437 0.3555482
8887 0.097435 0.3555482
4627 0.097425 0.3555482
955 0.097421 0.3555482
57187 0.09742 0.3555482
9911 0.097409 0.3555482
23420 0.097407 0.3555482
1840 0.097395 0.3555482
5139 0.097387 0.3555482
10618 0.097382 0.3555482
8976 0.09738 0.3555482
54941 0.097379 0.3555482
7094 0.097373 0.3555482
1665 0.097369 0.3555482
57085 0.097366 0.3555482
22954 0.097366 0.3555482
319 0.097355 0.3555482
5360 0.097355 0.3555482
22897 0.097354 0.3555482
3693 0.097345 0.3555482
56852 0.097341 0.3555482
56672 0.09734 0.3555482
7171 0.09734 0.3555482
1837 0.097339 0.3555482
675 0.097328 0.3555482
3916 0.097324 0.3555482
10914 0.097323 0.3555482
51343 0.097321 0.3555482
56957 0.097321 0.3555482
7317 0.097319 0.3555482
55698 0.097318 0.3555482
200845 0.097315 0.3555482
149371 0.097312 0.3555482
4439 0.097311 0.3555482
8078 0.097304 0.3555482
3192 0.09729 0.3555482
988 0.097287 0.3555482
51763 0.097286 0.3555482
5782 0.097282 0.3555482
55832 0.09728 0.3555482
23168 0.09728 0.3555482
55553 0.097276 0.3555482
135458 0.097275 0.3555482
5478 0.097271 0.3555482
2199 0.09727 0.3555482
27122 0.09727 0.3555482
9666 0.097268 0.3555482
192683 0.097267 0.3555482
51283 0.097263 0.3555482
9636 0.097261 0.3555482
9810 0.097261 0.3555482
54413 0.097259 0.3555482
79228 0.097256 0.3555482
10197 0.097251 0.3555482
78990 0.097241 0.3555482
23294 0.097235 0.3555482
139562 0.097234 0.3555482
7448 0.097233 0.3555482
26256 0.097232 0.3555482
2824 0.097228 0.3555482
10131 0.097225 0.3555482
4800 0.097219 0.3555482
177 0.097214 0.3555482
23557 0.097212 0.3555482
3163 0.097211 0.3555482
11129 0.097183 0.3555482
5700 0.097181 0.3555482
84993 0.097178 0.3555482
4008 0.097173 0.3555482
4739 0.097173 0.3555482
8914 0.097173 0.3555482
10241 0.097169 0.3555482
51111 0.097162 0.3555482
7468 0.097156 0.3555482
80321 0.097152 0.3555482
3895 0.097141 0.3555482
53905 0.097133 0.3555482
90993 0.097133 0.3555482
11330 0.09713 0.3555482
64182 0.097126 0.3555482
9659 0.097126 0.3555482
653513 0.097126 0.3555482
8678 0.09712 0.3555482
4163 0.097113 0.3555482
2783 0.097105 0.3555482
10055 0.097096 0.3555482
100101267 0.097095 0.3555482
10106 0.09708 0.3555482
6311 0.097075 0.3555482
9260 0.097071 0.3555482
23641 0.09707 0.3555482
5976 0.097065 0.3555482
5999 0.097059 0.3555482
8581 0.097057 0.3555482
8453 0.097056 0.3555482
54187 0.097048 0.3555482
57379 0.097046 0.3555482
60529 0.097038 0.3555482
51548 0.097038 0.3555482
3106 0.097037 0.3555482
7644 0.097032 0.3555482
51729 0.097031 0.3555482
53944 0.097031 0.3555482
3338 0.09703 0.3555482
6456 0.097018 0.3555482
284058 0.097011 0.3555482
5920 0.097009 0.3555482
8665 0.097008 0.3555482
151742 0.097005 0.3555482
153527 0.097002 0.3555482
826 0.096998 0.3555482
7169 0.096994 0.3555482
27252 0.096981 0.3555482
60485 0.096977 0.3555482
8560 0.096962 0.3555482
9266 0.096944 0.3555482
4118 0.096941 0.3555482
27253 0.096937 0.3555482
55534 0.096925 0.3555482
152137 0.096912 0.3555482
6342 0.096907 0.3555482
64759 0.096901 0.3555482
10606 0.096901 0.3555482
25913 0.0969 0.3555482
6303 0.096865 0.3555482
3070 0.096857 0.3555482
4703 0.096855 0.3555482
23435 0.096853 0.3555482
57593 0.096825 0.3555482
23175 0.096825 0.3555482
255738 0.096821 0.3555482
84875 0.096819 0.3555482
3305 0.096812 0.3555482
10009 0.096812 0.3555482
1911 0.096811 0.3555482
100289087 0.096806 0.3555482
728137 0.096806 0.3555482
7258 0.096806 0.3555482
4690 0.096799 0.3555482
57521 0.096799 0.3555482
55182 0.096787 0.3555482
654364 0.096775 0.3555482
4831 0.096775 0.3555482
230 0.096764 0.3555482
54926 0.096764 0.3555482
5905 0.096752 0.3555482
553115 0.096748 0.3555482
23578 0.096748 0.3555482
729324 0.096744 0.3555482
64127 0.096732 0.3555482
840 0.096721 0.3555482
4130 0.09672 0.3555482
10043 0.096718 0.3555482
5514 0.096715 0.3555482
2571 0.096714 0.3555482
59349 0.096712 0.3555482
9049 0.096709 0.3555482
79682 0.096701 0.3555482
389856 0.096699 0.3555482
84281 0.09669 0.3555482
7184 0.096689 0.3555482
3662 0.096684 0.3555482
283820 0.096678 0.3555482
1465 0.096672 0.3555482
79797 0.096667 0.3555482
5586 0.096665 0.3555482
1080 0.096657 0.3555482
5087 0.096652 0.3555482
55502 0.09665 0.3555482
694 0.096649 0.3555482
783 0.096647 0.3555482
4140 0.096645 0.3555482
7879 0.096644 0.3555482
55432 0.096641 0.3555482
58533 0.09664 0.3555482
93621 0.096632 0.3555482
90627 0.096628 0.3555482
7692 0.096627 0.3555482
23032 0.096626 0.3555482
4261 0.096626 0.3555482
3581 0.096624 0.3555482
100861412 0.096619 0.3555482
25788 0.096619 0.3555482
5715 0.096617 0.3555482
2191 0.096603 0.3555482
4173 0.096594 0.3555482
6386 0.09659 0.3555482
369 0.096579 0.3555482
3646 0.096578 0.3555482
127557 0.096569 0.3555482
653121 0.096569 0.3555482
5479 0.096567 0.3555482
984 0.096565 0.3555482
8315 0.096555 0.3555482
57644 0.096549 0.3555482
10054 0.096546 0.3555482
875 0.096543 0.3555482
102724560 0.096543 0.3555482
598 0.096533 0.3555482
64425 0.096531 0.3555482
9232 0.096527 0.3555482
23085 0.096519 0.3555482
22827 0.096518 0.3555482
28992 0.096512 0.3555482
26043 0.096512 0.3555482
10286 0.09651 0.3555482
11007 0.096498 0.3555482
11004 0.096494 0.3555482
226 0.096493 0.3555482
5178 0.096487 0.3555482
220164 0.096484 0.3555482
7936 0.096481 0.3555482
5524 0.096481 0.3555482
152006 0.09647 0.3555482
57175 0.096461 0.3555482
11100 0.096457 0.3555482
4331 0.096446 0.3555482
800 0.096436 0.3555482
6596 0.096427 0.3555482
9557 0.096426 0.3555482
51667 0.096422 0.3555482
116449 0.096417 0.3555482
55183 0.096416 0.3555482
6660 0.096408 0.3555482
387521 0.096406 0.3555482
387522 0.096406 0.3555482
7335 0.096406 0.3555482
4953 0.096404 0.3555482
9677 0.096402 0.3555482
118424 0.096402 0.3555482
11062 0.096402 0.3555482
8874 0.096401 0.3555482
51199 0.0964 0.3555482
2956 0.096398 0.3555482
6273 0.096397 0.3555482
203068 0.09639 0.3555482
51157 0.096388 0.3555482
1997 0.096382 0.3555482
11043 0.096381 0.3555482
4168 0.096377 0.3555482
6275 0.096366 0.3555482
25843 0.09636 0.3555482
84557 0.096356 0.3555482
25855 0.096356 0.3555482
10458 0.096351 0.3555482
11064 0.096343 0.3555482
5537 0.096341 0.3555482
10567 0.096335 0.3555482
81569 0.096334 0.3555482
9343 0.096331 0.3555482
445341 0.096315 0.3555482
57649 0.096311 0.3555482
6643 0.096306 0.3555482
9124 0.0963 0.3555482
386682 0.096299 0.3555482
7336 0.096298 0.3555482
5575 0.096294 0.3555482
57007 0.096294 0.3555482
22839 0.096283 0.3555482
685 0.096282 0.3555482
55666 0.096282 0.3555482
22888 0.096271 0.3555482
6853 0.096271 0.3555482
9690 0.09627 0.3555482
26040 0.096251 0.3555482
84851 0.096249 0.3555482
222484 0.096237 0.3555482
7005 0.09623 0.3555482
22948 0.096226 0.3555482
8030 0.096225 0.3555482
2896 0.096225 0.3555482
6447 0.096225 0.3555482
