#Id Score P-value
1812 1.0 0.0
2904 0.973579 0.0
1813 0.970198 0.0
1814 0.967869 0.0
3356 0.960232 0.0
873 0.956086 0.0
1576 0.954772 0.0
5243 0.946721 0.0
1577 0.940862 0.0
11255 0.939855 0.0
50632 0.939855 0.0
1559 0.923939 0.0
1543 0.893956 0.0
84913 0.717708 0.0
85406 0.44531 0.001086
7781 0.403807 0.0054374
1528 0.382832 0.0097622
55353 0.347185 0.0159291
54102 0.318823 0.0314875
5171 0.316724 0.0314875
2912 0.268413 0.1366441
8529 0.255822 0.2025982
54657 0.241033 0.2916493
23413 0.23136 0.3977264
100 0.228697 0.5173012
2037 0.206826 0.7332928
9179 0.193668 0.8201007
1740 0.189135 0.8797301
10207 0.182042 0.8797301
135 0.181751 0.8797301
1742 0.180576 0.8797301
2119 0.177608 0.9183901
1741 0.177328 0.9183901
8777 0.17635 0.9183901
4916 0.176119 0.9183901
10755 0.175675 0.9183901
260425 0.175548 0.9183901
254827 0.17346 0.9183901
1739 0.173444 0.9183901
3603 0.173077 0.9183901
2710 0.172686 0.9183901
2316 0.170301 0.9183901
56899 0.169779 0.9447793
5445 0.168854 0.9447793
4130 0.168525 0.9447793
4832 0.166827 0.9447793
2036 0.166338 0.9447793
84687 0.166226 0.9447793
5793 0.166214 0.9447793
112724 0.165964 0.9447793
815 0.16591 0.9447793
409 0.165617 0.9447793
818 0.165367 0.9447793
5787 0.165189 0.9447793
5788 0.164635 0.9447793
10681 0.164509 0.9447793
5578 0.163226 0.9447793
1173 0.162701 0.9447793
93664 0.162339 0.9447793
372 0.161905 0.9447793
5795 0.161855 0.9447793
9743 0.161675 0.9447793
5782 0.161175 0.9447793
8907 0.161013 0.9447793
88 0.1609 0.9447793
2534 0.160773 0.9447793
6709 0.160491 0.9447793
808 0.160002 0.9447793
805 0.160002 0.9447793
801 0.159948 0.967708
823 0.159677 0.967708
22820 0.159593 0.967708
6456 0.159503 0.967708
54905 0.159427 0.967708
5071 0.159111 0.967708
7157 0.158754 0.967708
6457 0.158709 0.967708
5074 0.157146 0.967708
10857 0.157075 0.967708
1315 0.156982 0.967708
2752 0.15689 0.967708
6455 0.155983 0.967708
1816 0.155616 0.967708
11141 0.155616 0.967708
84196 0.155393 0.967708
10573 0.155362 0.967708
79109 0.154846 0.967708
5962 0.15437 0.967708
5566 0.154307 0.967708
267 0.154257 0.967708
8665 0.15389 0.967708
4716 0.153812 0.967708
1937 0.153656 0.967708
6197 0.153433 0.967708
90353 0.153382 0.967708
10273 0.153173 0.967708
27304 0.152889 0.967708
5536 0.15268 0.967708
920 0.151998 0.967708
55031 0.151961 0.967708
81605 0.151038 0.967708
23279 0.150737 0.967708
1161 0.149967 0.9767013
147 0.149481 0.9767013
10456 0.149326 0.9767013
10137 0.148712 0.9767013
8518 0.148635 0.9767013
54888 0.148395 0.9767013
1956 0.147752 0.9767013
1656 0.147731 0.9767013
1434 0.147538 0.9767013
10482 0.147506 0.9767013
9958 0.14747 0.9767013
5905 0.14707 0.9767013
26135 0.146872 0.9767013
2805 0.146544 0.9767013
56254 0.146415 0.9767013
2271 0.146273 0.9767013
9445 0.144514 0.9767013
5292 0.142257 0.9767013
56647 0.141301 0.9767013
857 0.141168 0.9767013
4734 0.140915 0.9767013
22919 0.140014 0.9767013
84708 0.139443 0.9825981
5696 0.139147 0.9825981
6045 0.13826 0.9825981
153 0.135689 0.9825981
9545 0.134251 0.9825981
1579 0.131902 0.9825981
2848 0.127288 0.9876781
22983 0.127126 0.9876781
10368 0.125846 0.9876781
7329 0.125467 0.9876781
51295 0.124577 0.9876781
140545 0.124427 0.9876781
2130 0.124027 0.9876781
6776 0.124011 0.9876781
219931 0.121836 0.9876781
53373 0.121836 0.9876781
57105 0.12125 0.9876781
10617 0.121211 0.9876781
7316 0.121204 0.9876781
11140 0.121068 0.9876781
392862 0.120976 0.9876781
160622 0.120432 0.9876781
207 0.119801 0.9910192
2033 0.119773 0.9910192
1457 0.119764 0.9910192
1815 0.119758 0.9910192
6733 0.119753 0.9910192
6233 0.119521 0.9910192
1268 0.119125 0.9910192
672 0.118965 0.9910192
3315 0.118716 0.9910192
3759 0.118695 0.9910192
2885 0.118436 0.9910192
2535 0.118401 0.9910192
10505 0.118401 0.9910192
116444 0.118401 0.9910192
116443 0.118401 0.9910192
57684 0.118206 0.9910192
3845 0.118122 0.9910192
367 0.117777 0.9910192
1460 0.117734 0.9910192
22871 0.117305 0.9910192
51764 0.116967 0.9910192
57555 0.116915 0.9910192
1915 0.116825 0.9910192
4193 0.116697 0.9910192
6714 0.116442 0.9910192
4609 0.115988 0.9910192
200728 0.115975 0.9910192
7534 0.115773 0.9910192
7530 0.115773 0.9910192
4088 0.11573 0.9910192
2906 0.115649 0.9910192
4000 0.115599 0.9910192
7186 0.115431 0.9910192
5591 0.115404 0.9910192
10052 0.115291 0.9910192
5987 0.115188 0.9910192
2911 0.115177 0.9910192
23028 0.115133 0.9910192
3064 0.114937 0.9910192
166 0.114837 0.9910192
1026 0.114726 0.9910192
6310 0.1147 0.9910192
3736 0.114668 0.9910192
1387 0.11454 0.9910192
3190 0.114505 0.9910192
3309 0.114483 0.9910192
1398 0.114359 0.9910192
57453 0.114323 0.9910192
2932 0.114323 0.9910192
10524 0.11421 0.9910192
8358 0.114117 0.9910192
8350 0.114117 0.9910192
8351 0.114117 0.9910192
8352 0.114117 0.9910192
8353 0.114117 0.9910192
8354 0.114117 0.9910192
8355 0.114117 0.9910192
8356 0.114117 0.9910192
8357 0.114117 0.9910192
8968 0.114117 0.9910192
145508 0.11405 0.9910192
2064 0.11402 0.9910192
7321 0.11396 0.9910192
5770 0.113914 0.9910192
5499 0.113818 0.9910192
6774 0.11378 0.9910192
60 0.113718 0.9910192
7431 0.113653 0.9910192
3320 0.113636 0.9910192
2597 0.113515 0.9910192
8554 0.11336 0.9910192
8945 0.113338 0.9910192
10800 0.113302 0.9910192
7341 0.113261 0.9910192
7013 0.11326 0.9910192
6613 0.113206 0.9910192
324 0.113159 0.9910192
5300 0.113095 0.9910192
7189 0.113092 0.9910192
10971 0.113077 0.9910192
7874 0.113026 0.9910192
5295 0.113019 0.9910192
6386 0.113001 0.9910192
3326 0.112993 0.9910192
3192 0.112943 0.9910192
56893 0.112917 0.9910192
8440 0.112888 0.9910192
1432 0.112883 0.9910192
5594 0.112847 0.9910192
9146 0.112845 0.9910192
59339 0.112828 0.9910192
2801 0.112817 0.9910192
7322 0.112784 0.9910192
2905 0.11278 0.9910192
7514 0.112657 0.9910192
3773 0.112652 0.9910192
7529 0.112639 0.9910192
7415 0.112627 0.9910192
580 0.112621 0.9910192
125115 0.112535 0.9910192
29079 0.112495 0.9910192
3065 0.11244 0.9910192
4137 0.11243 0.9910192
5371 0.112403 0.9910192
6772 0.112393 0.9910192
3184 0.112391 0.9910192
7917 0.112298 0.9910192
25 0.112275 0.9910192
351 0.112224 0.9910192
811 0.112101 0.9910192
1499 0.112066 0.9910192
117178 0.11205 0.9910192
3750 0.111995 0.9910192
7531 0.111943 0.9910192
26524 0.111896 0.9910192
3312 0.111894 0.9910192
6790 0.11188 0.9910192
84445 0.111878 0.9910192
8517 0.111862 0.9910192
5710 0.111842 0.9910192
10987 0.111831 0.9910192
2023 0.111812 0.9910192
7311 0.111763 0.9910192
5966 0.111605 0.9910192
10521 0.111581 0.9910192
81 0.111577 0.9910192
29979 0.111576 0.9910192
51588 0.111561 0.9910192
3308 0.111527 0.9910192
6117 0.111511 0.9910192
22981 0.111424 0.9910192
5970 0.111353 0.9910192
3838 0.111338 0.9910192
10768 0.111319 0.9910192
2099 0.111302 0.9910192
3761 0.111302 0.9910192
3609 0.111262 0.9910192
9859 0.11126 0.9910192
6925 0.111235 0.9910192
2547 0.111214 0.9910192
5599 0.11118 0.9910192
5597 0.111138 0.9910192
4035 0.11113 0.9910192
1107 0.111121 0.9910192
5430 0.111114 0.9910192
1616 0.111114 0.9910192
7323 0.1111 0.9910192
1072 0.111088 0.9910192
7159 0.11106 0.9910192
5717 0.111011 0.9910192
5315 0.111001 0.9910192
8878 0.110985 0.9910192
983 0.110973 0.9910192
57159 0.110952 0.9910192
10657 0.110852 0.9910192
23390 0.110824 0.9910192
408 0.110784 0.9910192
4846 0.110777 0.9910192
2908 0.1107 0.9910192
998 0.110695 0.9910192
4691 0.110672 0.9910192
85302 0.110622 0.9910192
27185 0.110618 0.9910192
1660 0.110605 0.9910192
7273 0.110547 0.9910192
3973 0.110526 0.9910192
25913 0.110512 0.9910192
5903 0.110509 0.9910192
7334 0.110494 0.9910192
87 0.110432 0.9910192
1655 0.11042 0.9910192
867 0.110418 0.9910192
3725 0.110407 0.9910192
4792 0.1104 0.9910192
1213 0.110392 0.9910192
4087 0.110359 0.9910192
821 0.110291 0.9910192
813 0.110252 0.9910192
9611 0.110252 0.9910192
6426 0.110246 0.9910192
386682 0.110227 0.9910192
3608 0.110214 0.9910192
6622 0.110197 0.9910192
4089 0.110194 0.9910192
3178 0.11019 0.9910192
2475 0.110188 0.9910192
59349 0.11017 0.9910192
3183 0.110156 0.9910192
7205 0.110135 0.9910192
10236 0.11012 0.9910192
5601 0.110112 0.9910192
5747 0.110095 0.9910192
2066 0.110087 0.9910192
154 0.110081 0.9910192
89780 0.110065 0.9910192
23411 0.110049 0.9910192
3304 0.110048 0.9910192
3303 0.110048 0.9910192
338440 0.110006 0.9910192
25960 0.110006 0.9910192
5595 0.109948 0.9941287
1938 0.109929 0.9941287
26873 0.109904 0.9941287
58512 0.10986 0.9941287
5886 0.109812 0.9941287
9513 0.109799 0.9941287
2903 0.109784 0.9941287
11091 0.109776 0.9941287
6427 0.109764 0.9941287
1147 0.109761 0.9941287
5685 0.109757 0.9941287
22938 0.109747 0.9941287
2895 0.109707 0.9941287
6732 0.109693 0.9941287
55835 0.109692 0.9941287
5705 0.109609 0.9941287
4215 0.109563 0.9941287
4869 0.109479 0.9941287
5682 0.109468 0.9941287
1029 0.109438 0.9941287
10963 0.109421 0.9941287
8290 0.109399 0.9941287
4627 0.109394 0.9941287
5347 0.109376 0.9941287
51631 0.109368 0.9941287
4223 0.109355 0.9941287
7430 0.109353 0.9941287
5335 0.109348 0.9941287
4292 0.109342 0.9941287
10015 0.109335 0.9941287
6597 0.109314 0.9941287
7532 0.109302 0.9941287
5894 0.109259 0.9941287
3014 0.109221 0.9941287
4915 0.109153 0.9941287
3329 0.109127 0.9941287
55914 0.109116 0.9941287
23450 0.10911 0.9941287
1994 0.10911 0.9941287
6421 0.10904 0.9941287
5468 0.109002 0.9941287
4086 0.108999 0.9941287
836 0.108968 0.9941287
8850 0.108964 0.9941287
7337 0.108947 0.9941287
55605 0.108931 0.9941287
3751 0.108922 0.9941287
7168 0.108918 0.9941287
7132 0.108877 0.9941287
22976 0.10884 0.9941287
60491 0.108838 0.9941287
26986 0.108822 0.9941287
2318 0.108803 0.9941287
23557 0.1088 0.9941287
310 0.108797 0.9941287
1017 0.108792 0.9941287
7020 0.108792 0.9941287
9615 0.10879 0.9941287
3093 0.108786 0.9941287
1639 0.108784 0.9941287
1912 0.108778 0.9941287
7317 0.108776 0.9941287
6464 0.108772 0.9941287
6188 0.10876 0.9941287
1642 0.108753 0.9941287
6647 0.108748 0.9941287
51100 0.108741 0.9941287
5976 0.10872 0.9941287
7150 0.108661 0.9941287
3772 0.108658 0.9941287
4188 0.108652 0.9941287
10413 0.108628 0.9941287
6640 0.108617 0.9941287
11200 0.108603 0.9941287
57062 0.108524 0.9941287
6711 0.108499 0.9941287
4914 0.10846 0.9941287
7525 0.108459 0.9941287
5111 0.108456 0.9941287
3921 0.108454 0.9941287
120892 0.108446 0.9941287
2915 0.108444 0.9941287
3766 0.108442 0.9941287
5925 0.10843 0.9941287
7086 0.108428 0.9941287
3692 0.108399 0.9941287
5663 0.108397 0.9941287
23322 0.108397 0.9941287
9229 0.108396 0.9941287
6606 0.108395 0.9941287
6607 0.108395 0.9941287
3643 0.108326 0.9941287
2923 0.108324 0.9941287
8503 0.108302 0.9941287
5244 0.108302 0.9941287
1454 0.108295 0.9941287
66008 0.108272 0.9941287
10048 0.108245 0.9941287
9113 0.108242 0.9941287
154796 0.108241 0.9941287
27134 0.108237 0.9941287
10254 0.108232 0.9941287
5479 0.108227 0.9941287
3028 0.108196 0.9941287
171483 0.108189 0.9941287
8848 0.108178 0.9941287
5664 0.108177 0.9941287
5728 0.108168 0.9941287
6303 0.108162 0.9941287
22866 0.108157 0.9941287
26123 0.108152 0.9941287
3066 0.108082 0.9941287
356 0.10806 0.9941287
3313 0.108048 0.9941287
5693 0.108038 0.9941287
573 0.108004 0.9941287
523 0.108 0.9941287
50618 0.108 0.9941287
57154 0.107989 0.9941287
387 0.107981 0.9941287
22839 0.107977 0.9941287
7879 0.107967 0.9941287
8322 0.107952 0.9941287
7347 0.107921 0.9941287
163 0.107915 0.9941287
2274 0.107905 0.9941287
5590 0.107903 0.9941287
3551 0.107886 0.9941287
10477 0.107885 0.9941287
7295 0.107874 0.9941287
10369 0.107864 0.9941287
83878 0.10786 0.9941287
7791 0.107853 0.9941287
9063 0.107853 0.9941287
102800317 0.107843 0.9941287
4214 0.107842 0.9941287
3932 0.107825 0.9941287
3738 0.107824 0.9941287
7083 0.107802 0.9941287
7410 0.107802 0.9941287
5684 0.107797 0.9941287
5910 0.107778 0.9941287
11338 0.107763 0.9941287
26994 0.107755 0.9941287
26060 0.107747 0.9941287
5725 0.107746 0.9941287
6598 0.107742 0.9941287
6311 0.107695 0.9941287
472 0.107676 0.9941287
64750 0.107673 0.9941287
9368 0.107673 0.9941287
5921 0.107664 0.9941287
9961 0.107655 0.9941287
54971 0.107647 0.9941287
10241 0.10764 0.9941287
8321 0.107627 0.9941287
5108 0.107625 0.9941287
4233 0.107612 0.9941287
5887 0.107598 0.9941287
4841 0.107585 0.9941287
10075 0.107579 0.9941287
5296 0.10757 0.9941287
6428 0.107551 0.9941287
1822 0.10753 0.9941287
773 0.107516 0.9941287
51259 0.107507 0.9941287
2060 0.107502 0.9941287
1778 0.107501 0.9941287
5879 0.107471 0.9941287
2913 0.107467 0.9941287
10188 0.107462 0.9941287
2010 0.107442 0.9941287
10013 0.10744 0.9941287
10541 0.107409 0.9941287
3336 0.107381 0.9941287
51226 0.107362 0.9941287
386675 0.10736 0.9941287
4842 0.107353 0.9941287
9319 0.107345 0.9941287
5604 0.107328 0.9941287
6839 0.107325 0.9941287
10109 0.107323 0.9941287
613 0.107315 0.9941287
4005 0.107267 0.9941287
57805 0.107266 0.9941287
80268 0.107242 0.9941287
8473 0.107242 0.9941287
9568 0.107205 0.9941287
6449 0.107196 0.9941287
355 0.107181 0.9941287
9419 0.107162 0.9941287
4036 0.10715 0.9941287
8481 0.10715 0.9941287
7170 0.107138 0.9941287
7704 0.107133 0.9941287
5688 0.107102 0.9941287
8826 0.107098 0.9941287
4670 0.107091 0.9941287
5764 0.107087 0.9941287
3476 0.107074 0.9941287
342371 0.107047 0.9941287
5496 0.107039 0.9941287
7171 0.107032 0.9941287
8027 0.107028 0.9941287
23770 0.107019 0.9941287
7965 0.107018 0.9941287
11064 0.107011 0.9941287
7572 0.106996 0.9941287
51619 0.106986 0.9941287
5888 0.106973 0.9941287
3185 0.106972 0.9941287
9093 0.106972 0.9941287
5692 0.106971 0.9941287
83737 0.106968 0.9941287
891 0.106968 0.9941287
10856 0.106967 0.9941287
10574 0.106947 0.9941287
11100 0.106936 0.9941287
387521 0.106918 0.9941287
387522 0.106918 0.9941287
7335 0.106918 0.9941287
7138 0.106916 0.9941287
3815 0.106888 0.9941287
3181 0.106852 0.9941287
5515 0.106841 0.9941287
328 0.106823 0.9941287
27316 0.106812 0.9941287
5686 0.106802 0.9941287
7251 0.106799 0.9941287
1647 0.106795 0.9941287
6750 0.106791 0.9941287
6204 0.106785 0.9941287
1478 0.106758 0.9941287
4067 0.106756 0.9941287
445 0.10675 0.9941287
6605 0.10674 0.9941287
6453 0.106715 0.9941287
5730 0.106715 0.9941287
1627 0.106714 0.9941287
1400 0.106705 0.9941287
4155 0.106704 0.9941287
5159 0.106695 0.9941287
7319 0.106692 0.9941287
23054 0.106624 0.9941287
396 0.106608 0.9941287
23641 0.106593 0.9941287
9531 0.106586 0.9941287
6125 0.106584 0.9941287
5708 0.106565 0.9941287
1445 0.106562 0.9941287
7409 0.106543 0.9941287
1978 0.106536 0.9941287
134 0.106536 0.9941287
55284 0.106535 0.9941287
4090 0.106528 0.9941287
10425 0.106523 0.9941287
8161 0.106512 0.9941287
1654 0.106493 0.9941287
142 0.10649 0.9941287
3017 0.106471 0.9941287
8343 0.106471 0.9941287
8347 0.106471 0.9941287
8346 0.106471 0.9941287
8344 0.106471 0.9941287
8339 0.106471 0.9941287
7414 0.10647 0.9941287
1025 0.106459 0.9941287
80076 0.106427 0.9941287
9662 0.106427 0.9941287
8607 0.10642 0.9941287
5518 0.106401 0.9941287
4131 0.106391 0.9941287
6829 0.10639 0.9941287
8650 0.106388 0.9941287
6434 0.106376 0.9941287
5094 0.106372 0.9941287
2335 0.106371 0.9941287
4867 0.106363 0.9941287
30011 0.106345 0.9941287
2549 0.10634 0.9941287
6294 0.106333 0.9941287
5365 0.106333 0.9941287
23435 0.106332 0.9941287
7022 0.106326 0.9941287
84676 0.106325 0.9941287
55183 0.106318 0.9941287
26003 0.106316 0.9941287
7324 0.106306 0.9941287
3164 0.106304 0.9941287
25898 0.106283 0.9941287
3597 0.10628 0.9941287
9584 0.106264 0.9941287
8324 0.106263 0.9941287
5034 0.106262 0.9941287
10097 0.106259 0.9941287
1832 0.106246 0.9941287
26277 0.10623 0.9941287
6667 0.106223 0.9941287
54413 0.106215 0.9941287
55791 0.106205 0.9941287
4093 0.106197 0.9941287
10492 0.106194 0.9941287
653121 0.106179 0.9941287
127557 0.106179 0.9941287
11047 0.106176 0.9941287
3674 0.106162 0.9941287
373 0.106156 0.9941287
3927 0.106136 0.9941287
554313 0.106134 0.9941287
8359 0.106134 0.9941287
8370 0.106134 0.9941287
8294 0.106134 0.9941287
8361 0.106134 0.9941287
8360 0.106134 0.9941287
8363 0.106134 0.9941287
8362 0.106134 0.9941287
8365 0.106134 0.9941287
8364 0.106134 0.9941287
8367 0.106134 0.9941287
8366 0.106134 0.9941287
8368 0.106134 0.9941287
121504 0.106134 0.9941287
2017 0.106122 0.9941287
6850 0.10611 0.9941287
54386 0.106105 0.9941287
6477 0.106098 0.9941287
132320 0.106072 0.9941287
5170 0.10607 0.9941287
6229 0.106065 0.9941287
7520 0.106053 0.9941287
10606 0.10605 0.9941287
5691 0.10605 0.9941287
8880 0.106042 0.9941287
1856 0.106041 0.9941287
6118 0.10604 0.9941287
162 0.105999 0.9941287
3187 0.105998 0.9941287
23451 0.105993 0.9941287
5093 0.105984 0.9941287
51199 0.105977 0.9941287
10594 0.105974 0.9941287
1459 0.105967 0.9941287
3945 0.105967 0.9941287
115106 0.105965 0.9941287
285753 0.105945 0.9941287
10155 0.105942 0.9941287
8312 0.105936 0.9941287
2887 0.105927 0.9941287
7336 0.105923 0.9941287
9869 0.105918 0.9941287
6602 0.105904 0.9941287
2810 0.105898 0.9941287
4591 0.105897 0.9941287
5184 0.105874 0.9941287
8078 0.105866 0.9941287
1058 0.105842 0.9941287
7402 0.105833 0.9941287
6223 0.105827 0.9941287
10419 0.105823 0.9941287
6256 0.105821 0.9941287
9295 0.105815 0.9941287
7804 0.105814 0.9941287
5707 0.10581 0.9941287
7001 0.105808 0.9941287
6224 0.105808 0.9941287
7052 0.105799 0.9941287
1785 0.105799 0.9941287
10320 0.105786 0.9941287
11030 0.105782 0.9941287
6811 0.105765 0.9941287
8841 0.105749 0.9941287
800 0.105747 0.9941287
8553 0.105743 0.9941287
56033 0.105738 0.9941287
23392 0.105723 0.9941287
388677 0.10572 0.9941287
100996717 0.10572 0.9941287
100996763 0.10572 0.9941287
81631 0.105717 0.9941287
5359 0.10571 0.9941287
3799 0.105703 0.9941287
575 0.105699 0.9941287
9533 0.105689 0.9941287
10919 0.105687 0.9941287
3939 0.105683 0.9941287
1495 0.105683 0.9941287
4597 0.105677 0.9941287
4646 0.105668 0.9941287
3781 0.105662 0.9941287
7345 0.105651 0.9941287
4904 0.105651 0.9941287
71 0.10564 0.9941287
3337 0.10563 0.9941287
5516 0.105626 0.9941287
9612 0.105619 0.9941287
7375 0.105616 0.9941287
9311 0.105612 0.9941287
56853 0.105611 0.9941287
641 0.105602 0.9941287
9112 0.105596 0.9941287
5928 0.105589 0.9941287
2176 0.105577 0.9941287
6615 0.105577 0.9941287
7706 0.105564 0.9941287
8678 0.105551 0.9941287
10454 0.105542 0.9941287
5049 0.105523 0.9941287
8291 0.105521 0.9941287
493 0.105518 0.9941287
84675 0.105507 0.9941287
1385 0.105506 0.9941287
2065 0.105483 0.9941287
8805 0.105479 0.9941287
10534 0.105478 0.9941287
5204 0.10547 0.9941287
1020 0.105467 0.9941287
7153 0.105451 0.9941287
6198 0.105448 0.9941287
8573 0.105429 0.9941287
10318 0.105426 0.9941287
6601 0.105417 0.9941287
55145 0.105407 0.9941287
26260 0.105402 0.9941287
3717 0.105381 0.9941287
10762 0.105375 0.9941287
23095 0.105374 0.9941287
6124 0.105362 0.9941287
22941 0.105348 0.9941287
6638 0.10533 0.9941287
6228 0.105327 0.9941287
26019 0.105325 0.9941287
65125 0.105323 0.9941287
9588 0.105321 0.9941287
5859 0.105317 0.9941287
817 0.105302 0.9941287
4217 0.105297 0.9941287
375 0.105282 0.9941287
984 0.105265 0.9941287
10458 0.105263 0.9941287
6612 0.105251 0.9941287
675 0.105247 0.9941287
1665 0.105222 0.9941287
10989 0.105218 0.9941287
55611 0.105206 0.9941287
4082 0.105202 0.9941287
226 0.105199 0.9941287
10213 0.105194 0.9941287
10277 0.105181 0.9941287
10152 0.105172 0.9941287
3956 0.105171 0.9941287
6696 0.105166 0.9941287
4478 0.105163 0.9941287
1981 0.105154 0.9941287
10616 0.105148 0.9941287
11244 0.105143 0.9941287
51206 0.105132 0.9941287
2 0.10513 0.9941287
7039 0.10512 0.9941287
6794 0.105111 0.9941287
5713 0.105108 0.9941287
1641 0.105103 0.9941287
55363 0.105101 0.9941287
5058 0.105097 0.9941287
988 0.105081 0.9941287
152185 0.105079 0.9941287
10401 0.105072 0.9941287
10985 0.105068 0.9941287
55660 0.105064 0.9941287
1936 0.105063 0.9941287
1399 0.105061 0.9941287
2960 0.105058 0.9941287
4287 0.105055 0.9941287
9978 0.105042 0.9941287
8502 0.10504 0.9941287
80254 0.105035 0.9941287
10540 0.105019 0.9941287
55294 0.105011 0.9941287
6625 0.105011 0.9941287
6840 0.104994 0.9941287
4790 0.10499 0.9941287
7277 0.104988 0.9941287
5501 0.104985 0.9941287
52 0.104976 0.9941287
7158 0.104953 0.9941287
7015 0.104935 0.9941287
5567 0.104924 0.9941287
10114 0.104908 0.9941287
5781 0.104882 0.9941287
6633 0.104882 0.9941287
378465 0.10484 0.9941287
11043 0.10484 0.9941287
80125 0.104827 0.9941287
3265 0.104821 0.9941287
11198 0.104818 0.9941287
7533 0.104807 0.9941287
23524 0.104795 0.9941287
27238 0.104787 0.9941287
5201 0.104784 0.9941287
22897 0.104783 0.9941287
1027 0.104775 0.9941287
3728 0.10477 0.9941287
57332 0.104759 0.9941287
9618 0.104755 0.9941287
7203 0.104753 0.9941287
220988 0.104738 0.9941287
868 0.104736 0.9941287
8831 0.104717 0.9941287
10399 0.104702 0.9941287
5701 0.104693 0.9941287
9656 0.104683 0.9941287
85358 0.104682 0.9941287
2203 0.104672 0.9941287
3739 0.104662 0.9941287
27040 0.104658 0.9941287
11052 0.104655 0.9941287
5562 0.104648 0.9941287
284058 0.104646 0.9941287
10040 0.104643 0.9941287
51377 0.104642 0.9941287
54819 0.104641 0.9941287
399665 0.104627 0.9941287
10092 0.104626 0.9941287
846 0.104625 0.9941287
10807 0.104625 0.9941287
50944 0.10461 0.9941287
1803 0.104608 0.9941287
2902 0.104601 0.9941287
54187 0.104588 0.9941287
6194 0.104588 0.9941287
7376 0.104583 0.9941287
7428 0.104575 0.9941287
6314 0.104571 0.9941287
23139 0.104554 0.9941287
64785 0.104554 0.9941287
5687 0.104553 0.9941287
9318 0.10455 0.9941287
200298 0.104545 0.9941287
1195 0.104537 0.9941287
5718 0.104535 0.9941287
100532736 0.10453 0.9941287
3276 0.10453 0.9941287
4681 0.10453 0.9941287
56658 0.104508 0.9941287
29978 0.104494 0.9941287
83637 0.104479 0.9941287
5052 0.104478 0.9941287
54921 0.10447 0.9941287
10197 0.104466 0.9941287
4851 0.104463 0.9941287
10094 0.104461 0.9941287
10944 0.10446 0.9941287
476 0.104445 0.9941287
9929 0.104442 0.9941287
2146 0.104441 0.9941287
112950 0.10444 0.9941287
22806 0.104433 0.9941287
1984 0.104427 0.9941287
596 0.104423 0.9941287
7169 0.104402 0.9941287
1488 0.104399 0.9941287
9212 0.104385 0.9941287
80321 0.104358 0.9941287
2935 0.104354 0.9941287
9094 0.10435 0.9941287
25828 0.104334 0.9941287
11051 0.104328 0.9941287
92610 0.104327 0.9941287
22948 0.104325 0.9941287
5144 0.104303 0.9941287
7385 0.1043 0.9941287
6721 0.104279 0.9941287
2175 0.104276 0.9941287
3480 0.104274 0.9941287
2617 0.104269 0.9941287
6611 0.104269 0.9941287
5702 0.10425 0.9941287
9141 0.104228 0.9941287
7536 0.104225 0.9941287
4830 0.104225 0.9941287
4809 0.104222 0.9941287
59338 0.104211 0.9941287
24144 0.104201 0.9941287
5050 0.104184 0.9941287
5478 0.104175 0.9941287
9070 0.104172 0.9941287
222484 0.104127 0.9941287
654364 0.104123 0.9941287
4831 0.104123 0.9941287
467 0.104114 0.9941287
6275 0.104106 0.9941287
8926 0.104105 0.9941287
10484 0.104101 0.9941287
10133 0.104092 0.9941287
9400 0.104089 0.9941287
3875 0.104089 0.9941287
7249 0.104079 0.9941287
51119 0.104076 0.9941287
1613 0.104058 0.9941287
2894 0.10405 0.9941287
4110 0.104045 0.9941287
7185 0.104039 0.9941287
2321 0.104035 0.9941287
3791 0.104028 0.9941287
9349 0.104016 0.9941287
5700 0.104005 0.9941287
6919 0.104004 0.9941287
5997 0.103997 0.9941287
705 0.103995 0.9941287
3191 0.103984 0.9941287
3737 0.103978 0.9941287
2317 0.103956 0.9941287
230 0.103955 0.9941287
4068 0.103949 0.9941287
5706 0.103943 0.9941287
4659 0.103938 0.9941287
23291 0.103935 0.9941287
3981 0.103935 0.9941287
7090 0.103929 0.9941287
22995 0.103916 0.9941287
5829 0.103909 0.9941287
6599 0.103907 0.9941287
3937 0.103895 0.9941287
51780 0.103892 0.9941287
4723 0.103879 0.9941287
10210 0.103875 0.9941287
7411 0.103874 0.9941287
55748 0.10387 0.9941287
6996 0.103867 0.9941287
3301 0.103864 0.9941287
26168 0.103863 0.9941287
331 0.103848 0.9941287
80755 0.103842 0.9941287
100885850 0.103842 0.9941287
4692 0.103828 0.9941287
10611 0.103828 0.9941287
19 0.103827 0.9941287
23607 0.103822 0.9941287
6730 0.103821 0.9941287
6498 0.103794 0.9941287
8626 0.103785 0.9941287
7332 0.103777 0.9941287
54464 0.103767 0.9941287
200081 0.103761 0.9941287
3055 0.10376 0.9941287
84984 0.103755 0.9941287
6169 0.103751 0.9941287
23281 0.103748 0.9941287
5800 0.103748 0.9941287
831 0.103748 0.9941287
64759 0.103746 0.9941287
55503 0.103739 0.9941287
526 0.103737 0.9941287
7353 0.103727 0.9941287
6710 0.103722 0.9941287
2886 0.103721 0.9941287
23650 0.103712 0.9941287
8661 0.103708 0.9941287
53358 0.103704 0.9941287
9040 0.103701 0.9941287
23327 0.103697 0.9941287
64182 0.103694 0.9941287
9659 0.103694 0.9941287
653513 0.103694 0.9941287
8314 0.103692 0.9941287
4176 0.10369 0.9941287
57562 0.103688 0.9941287
9802 0.103687 0.9941287
1854 0.103679 0.9941287
9731 0.103678 0.9941287
23210 0.103674 0.9941287
10059 0.103672 0.9941287
3688 0.103671 0.9941287
26088 0.103669 0.9941287
5931 0.103656 0.9941287
9851 0.103653 0.9941287
2539 0.103649 0.9941287
5683 0.103646 0.9941287
7846 0.103644 0.9941287
11007 0.103641 0.9941287
51194 0.10364 0.9941287
6753 0.103636 0.9941287
7307 0.103636 0.9941287
102724594 0.103636 0.9941287
6654 0.103636 0.9941287
7184 0.103635 0.9941287
9915 0.10363 0.9941287
6175 0.103595 0.9941287
10980 0.103592 0.9941287
6491 0.103582 0.9941287
598 0.103581 0.9941287
79155 0.103581 0.9941287
51056 0.103574 0.9941287
9322 0.103573 0.9941287
7867 0.103545 0.9941287
5579 0.103544 0.9941287
23624 0.103544 0.9941287
112858 0.103541 0.9941287
10618 0.103534 0.9941287
6430 0.103528 0.9941287
65057 0.103525 0.9941287
55072 0.103515 0.9941287
140809 0.103514 0.9941287
2091 0.103512 0.9941287
4715 0.103503 0.9941287
5757 0.103501 0.9941287
5861 0.1035 0.9941287
3916 0.103498 0.9941287
6142 0.103489 0.9941287
54550 0.103486 0.9941287
3881 0.103485 0.9941287
54477 0.10348 0.9941287
26227 0.103472 0.9941287
5336 0.103472 0.9941287
5689 0.103441 0.9941287
8450 0.103436 0.9941287
23020 0.103433 0.9941287
22985 0.10343 0.9941287
7167 0.103429 0.9941287
3305 0.10342 0.9941287
634 0.103418 0.9941287
7018 0.103414 0.9941287
1674 0.103413 0.9941287
55014 0.103407 0.9941287
114824 0.103405 0.9941287
3857 0.103399 0.9941287
5704 0.103389 0.9941287
8407 0.103379 0.9941287
4026 0.103376 0.9941287
51138 0.103374 0.9941287
10054 0.103359 0.9941287
4843 0.103353 0.9941287
7074 0.10335 0.9941287
51343 0.103349 0.9941287
1452 0.103343 0.9941287
2690 0.103342 0.9941287
51421 0.10332 0.9941287
63898 0.103311 0.9941287
5357 0.103311 0.9941287
22827 0.103309 0.9941287
25759 0.103304 0.9941287
1487 0.103296 0.9941287
7448 0.103295 0.9941287
3801 0.103294 0.9941287
1003 0.103287 0.9941287
7421 0.103286 0.9941287
23243 0.103284 0.9941287
30008 0.10328 0.9941287
1892 0.103279 0.9941287
10672 0.103269 0.9941287
10142 0.103264 0.9941287
5230 0.103249 0.9941287
5930 0.103241 0.9941287
27339 0.103241 0.9941287
3925 0.103236 0.9941287
2057 0.103233 0.9941287
129401 0.103228 0.9941287
148581 0.103226 0.9941287
10813 0.103214 0.9941287
81567 0.103212 0.9941287
55755 0.103208 0.9941287
3150 0.103197 0.9941287
1500 0.103185 0.9941287
23294 0.103184 0.9941287
6195 0.103176 0.9941287
51003 0.103171 0.9941287
4582 0.103162 0.9941287
5290 0.103157 0.9941287
6643 0.103149 0.9941287
3741 0.103146 0.9941287
2149 0.10313 0.9941287
7320 0.103123 0.9941287
6929 0.103119 0.9941287
114034 0.103119 0.9941287
6872 0.103111 0.9941287
10728 0.103108 0.9941287
55093 0.103103 0.9941287
8761 0.103088 0.9941287
22859 0.103087 0.9941287
6132 0.103086 0.9941287
57554 0.103077 0.9941287
5048 0.103066 0.9941287
23118 0.103066 0.9941287
6135 0.103054 0.9941287
51729 0.103051 0.9941287
7298 0.103048 0.9941287
54910 0.103048 0.9941287
6184 0.103041 0.9941287
23517 0.103034 0.9941287
10101 0.103021 0.9941287
5303 0.103019 0.9941287
5862 0.103011 0.9941287
79577 0.103011 0.9941287
2059 0.103006 0.9941287
5475 0.102998 0.9941287
401152 0.102998 0.9941287
5470 0.102998 0.9941287
3786 0.102998 0.9941287
2914 0.102998 0.9941287
1111 0.102997 0.9941287
51143 0.102995 0.9941287
9343 0.102989 0.9941287
2521 0.102988 0.9941287
51035 0.102984 0.9941287
26128 0.102984 0.9941287
9446 0.102976 0.9941287
1756 0.102965 0.9941287
6231 0.10296 0.9941287
101929876 0.10296 0.9941287
1973 0.102944 0.9941287
8239 0.102943 0.9941287
2353 0.102935 0.9941287
2151 0.102927 0.9941287
26973 0.102923 0.9941287
3646 0.102921 0.9941287
6187 0.102913 0.9941287
55170 0.102906 0.9941287
10096 0.102901 0.9941287
6210 0.1029 0.9941287
23032 0.1029 0.9941287
572 0.1029 0.9941287
8886 0.102893 0.9941287
1453 0.102883 0.9941287
10432 0.102882 0.9941287
100526737 0.102882 0.9941287
3358 0.102879 0.9941287
7535 0.102876 0.9941287
9948 0.102858 0.9941287
26958 0.102853 0.9941287
5580 0.10285 0.9941287
51366 0.102847 0.9941287
3189 0.102843 0.9941287
10802 0.102825 0.9941287
10262 0.102817 0.9941287
309 0.102815 0.9941287
23542 0.102813 0.9941287
7178 0.102811 0.9941287
154214 0.102808 0.9941287
5311 0.102801 0.9941287
7454 0.1028 0.9941287
10452 0.102794 0.9941287
22803 0.102792 0.9941287
10055 0.102792 0.9941287
55872 0.10279 0.9941287
3934 0.102788 0.9941287
26121 0.102769 0.9941287
7360 0.102768 0.9941287
7359 0.102768 0.9941287
1019 0.102766 0.9941287
1022 0.102765 0.9941287
11034 0.102756 0.9941287
449003 0.102751 0.9941287
126961 0.102751 0.9941287
333932 0.102751 0.9941287
653604 0.102751 0.9941287
5695 0.102751 0.9941287
4868 0.102747 0.9941287
708 0.102737 0.9941287
6628 0.102736 0.9941287
28960 0.102728 0.9941287
3159 0.102726 0.9941287
9099 0.102719 0.9941287
3689 0.102715 0.9941287
27005 0.102715 0.9941287
253724 0.102705 0.9941287
5464 0.102705 0.9941287
3263 0.102702 0.9941287
4926 0.1027 0.9941287
3693 0.102693 0.9941287
55898 0.102691 0.9941287
3735 0.102685 0.9941287
64170 0.102677 0.9941287
9863 0.102671 0.9941287
3784 0.102662 0.9941287
51531 0.102655 0.9941287
4897 0.102654 0.9941287
8724 0.102652 0.9941287
10449 0.102634 0.9941287
2079 0.10263 0.9941287
653361 0.102626 0.9941287
6331 0.102625 0.9941287
1759 0.102596 0.9941287
27101 0.102595 0.9941287
23513 0.102584 0.9941287
84466 0.10258 0.9941287
92483 0.102576 0.9941287
4436 0.102575 0.9941287
9101 0.102566 0.9941287
10301 0.102563 0.9941287
7328 0.102561 0.9941287
23421 0.102556 0.9941287
10614 0.10255 0.9941287
5803 0.102541 0.9941287
6778 0.102539 0.9941287
5901 0.102535 0.9941287
55165 0.10251 0.9941287
91746 0.102508 0.9941287
113878 0.102507 0.9941287
60485 0.102506 0.9941287
1965 0.102505 0.9941287
22869 0.102505 0.9941287
9266 0.1025 0.9941287
1736 0.102497 0.9941287
6672 0.102492 0.9941287
9092 0.10249 0.9941287
23401 0.102488 0.9941287
9463 0.102484 0.9941287
2275 0.102484 0.9941287
132884 0.102477 0.9941287
5954 0.102474 0.9941287
6168 0.102469 0.9941287
1855 0.102463 0.9941287
4170 0.10246 0.9941287
6885 0.102456 0.9941287
4957 0.102456 0.9941287
6234 0.10245 0.9941287
28969 0.102434 0.9941287
3866 0.102421 0.9941287
1207 0.102418 0.9941287
55227 0.102413 0.9941287
79084 0.102412 0.9941287
8668 0.102409 0.9941287
6129 0.102402 0.9941287
7114 0.102399 0.9941287
51082 0.102398 0.9941287
5929 0.102397 0.9941287
100652766 0.102394 0.9941287
667 0.102394 0.9941287
9100 0.102386 0.9941287
57658 0.102381 0.9941287
8204 0.102381 0.9941287
6185 0.102379 0.9941287
25930 0.102375 0.9941287
6189 0.102373 0.9941287
5885 0.102371 0.9941287
11315 0.102363 0.9941287
10992 0.102362 0.9941287
27 0.102362 0.9941287
5202 0.102361 0.9941287
9047 0.10236 0.9941287
1857 0.102353 0.9941287
22794 0.102347 0.9941287
509 0.102344 0.9941287
8454 0.102338 0.9941287
322 0.102337 0.9941287
8648 0.102336 0.9941287
10019 0.102336 0.9941287
208 0.102329 0.9941287
3297 0.102326 0.9941287
10912 0.102318 0.9941287
10533 0.102316 0.9941287
4179 0.102315 0.9941287
7082 0.102314 0.9941287
54512 0.102306 0.9941287
1152 0.102304 0.9941287
6844 0.102302 0.9941287
11004 0.102289 0.9941287
6500 0.102289 0.9941287
7444 0.102286 0.9941287
925 0.102286 0.9941287
51477 0.102284 0.9941287
2947 0.102283 0.9941287
8533 0.102282 0.9941287
7248 0.102281 0.9941287
51202 0.102275 0.9941287
5720 0.102257 0.9941287
6553 0.102256 0.9941287
3483 0.102256 0.9941287
22927 0.102253 0.9941287
2286 0.102252 0.9941287
2100 0.102248 0.9941287
83939 0.102242 0.9941287
6462 0.10224 0.9941287
841 0.102238 0.9941287
51569 0.102234 0.9941287
9306 0.102227 0.9941287
7284 0.102217 0.9941287
301 0.102215 0.9941287
386681 0.102212 0.9941287
56478 0.102207 0.9941287
9666 0.102206 0.9941287
7398 0.102205 0.9941287
4780 0.102202 0.9941287
498 0.102202 0.9941287
5573 0.102201 0.9941287
6176 0.102192 0.9941287
6137 0.102191 0.9941287
9610 0.102184 0.9941287
58533 0.102183 0.9941287
6888 0.102177 0.9941287
7528 0.10217 0.9941287
9810 0.102168 0.9941287
55308 0.102166 0.9941287
10868 0.102166 0.9941287
6720 0.102164 0.9941287
1021 0.102157 0.9941287
6230 0.102147 0.9941287
7257 0.102135 0.9941287
23636 0.102126 0.9941287
1977 0.102126 0.9941287
6993 0.102125 0.9941287
160 0.102124 0.9941287
10552 0.102109 0.9941287
1649 0.102105 0.9941287
1314 0.102074 0.9941287
5352 0.102073 0.9941287
1104 0.102073 0.9941287
29117 0.10207 0.9941287
11316 0.102069 0.9941287
81873 0.102051 0.9941287
4836 0.10205 0.9941287
9738 0.102049 0.9941287
545 0.102049 0.9941287
3146 0.102034 0.9941287
65220 0.102032 0.9941287
5914 0.102032 0.9941287
960 0.102032 0.9941287
4905 0.102021 0.9941287
5447 0.102019 0.9941287
55577 0.102005 0.9941287
6128 0.101992 0.9941287
134359 0.101986 0.9941287
29896 0.101985 0.9941287
995 0.101981 0.9941287
8942 0.101957 0.9941287
7175 0.101957 0.9941287
63978 0.101947 0.9941287
134492 0.101946 0.9941287
90410 0.101945 0.9941287
9218 0.101935 0.9941287
6627 0.101932 0.9941287
4008 0.101928 0.9941287
993 0.101921 0.9941287
9782 0.101915 0.9941287
83940 0.101895 0.9941287
153241 0.101893 0.9941287
4134 0.101877 0.9941287
6915 0.101874 0.9941287
7112 0.101864 0.9941287
156 0.10186 0.9941287
55339 0.101857 0.9941287
1155 0.101844 0.9941287
1130 0.101843 0.9941287
6120 0.101828 0.9941287
51002 0.101828 0.9941287
57473 0.101814 0.9941287
8301 0.101807 0.9941287
9789 0.101807 0.9941287
55236 0.101801 0.9941287
581 0.101795 0.9941287
10291 0.101794 0.9941287
9219 0.101789 0.9941287
10746 0.101786 0.9941287
7276 0.101784 0.9941287
915 0.101782 0.9941287
5660 0.10178 0.9941287
1948 0.101779 0.9941287
5198 0.101777 0.9941287
7037 0.101777 0.9941287
79026 0.101776 0.9941287
5908 0.101772 0.9941287
57120 0.101769 0.9941287
2308 0.101765 0.9941287
5690 0.101762 0.9941287
5511 0.101757 0.9941287
115426 0.101757 0.9941287
23193 0.10175 0.9941287
7314 0.101749 0.9941287
2596 0.101743 0.9941287
6208 0.101742 0.9941287
2009 0.101741 0.9941287
9270 0.101733 0.9941287
9276 0.101733 0.9941287
1653 0.101731 0.9941287
9883 0.101725 0.9941287
4171 0.101725 0.9941287
392 0.101705 0.9941287
6146 0.101701 0.9941287
84164 0.101699 0.9941287
5431 0.101685 0.9941287
9232 0.101682 0.9941287
64130 0.101673 0.9941287
8631 0.101659 0.9941287
191 0.101648 0.9941287
8666 0.101644 0.9941287
7014 0.101643 0.9941287
8996 0.101643 0.9941287
6432 0.101633 0.9941287
204851 0.101629 0.9941287
5743 0.101621 0.9941287
54507 0.101619 0.9941287
1933 0.101618 0.9941287
65018 0.101614 0.9941287
840 0.101608 0.9941287
6636 0.101606 0.9941287
9402 0.101603 0.9941287
54974 0.101603 0.9941287
8557 0.101603 0.9941287
4751 0.101603 0.9941287
11059 0.101603 0.9941287
9590 0.101602 0.9941287
7006 0.101598 0.9941287
84902 0.101586 0.9941287
55738 0.101584 0.9941287
9817 0.101583 0.9941287
8202 0.101583 0.9941287
329 0.101582 0.9941287
7511 0.101577 0.9941287
9352 0.101576 0.9941287
158427 0.101575 0.9941287
6472 0.101567 0.9941287
81565 0.101564 0.9941287
5136 0.101563 0.9941287
3636 0.101558 0.9941287
57030 0.101556 0.9941287
64855 0.101556 0.9941287
7272 0.101549 0.9941287
51778 0.101545 0.9941287
128239 0.101541 0.9941287
10900 0.101539 0.9941287
6608 0.101537 0.9941287
2258 0.101534 0.9941287
9564 0.101524 0.9941287
79902 0.101515 0.9941287
28996 0.101513 0.9941287
23125 0.101508 0.9941287
65265 0.101505 0.9941287
6917 0.1015 0.9941287
6133 0.101494 0.9941287
93587 0.101492 0.9941287
50813 0.101491 0.9941287
790 0.101488 0.9941287
5775 0.101488 0.9941287
648 0.101487 0.9941287
100532731 0.101487 0.9941287
10576 0.10148 0.9941287
30851 0.101476 0.9941287
3151 0.101471 0.9941287
2819 0.101471 0.9941287
10253 0.101469 0.9941287
2197 0.101461 0.9941287
5527 0.10146 0.9941287
9097 0.10146 0.9941287
6652 0.101457 0.9941287
81628 0.101453 0.9941287
595 0.101452 0.9941287
9759 0.101444 0.9941287
5709 0.101443 0.9941287
27429 0.101438 0.9941287
5565 0.101435 0.9941287
5602 0.101428 0.9941287
80817 0.101424 0.9941287
27246 0.101418 0.9941287
65990 0.101417 0.9941287
3552 0.101417 0.9941287
7408 0.101416 0.9941287
5711 0.101416 0.9941287
6138 0.101408 0.9941287
25843 0.101407 0.9941287
55802 0.101405 0.9941287
25975 0.101404 0.9941287
55968 0.101392 0.9941287
2309 0.101376 0.9941287
6193 0.101373 0.9941287
29903 0.101372 0.9941287
6191 0.101369 0.9941287
8550 0.101367 0.9941287
6015 0.101358 0.9941287
5434 0.101356 0.9941287
85369 0.101352 0.9941287
51068 0.101349 0.9941287
728343 0.101345 0.9941287
56001 0.101345 0.9941287
999 0.101331 0.9941287
7265 0.101323 0.9941287
3667 0.10132 0.9941287
23468 0.101319 0.9941287
3269 0.101313 0.9941287
8851 0.101312 0.9941287
57646 0.101306 0.9941287
164 0.101306 0.9941287
7372 0.101299 0.9941287
10808 0.101297 0.9941287
60412 0.101296 0.9941287
55705 0.101287 0.9941287
39 0.101284 0.9941287
10946 0.101283 0.9941287
10513 0.101282 0.9941287
2634 0.101281 0.9941287
5864 0.101272 0.9941287
4771 0.101268 0.9941287
361 0.101267 0.9941287
10567 0.101264 0.9941287
1080 0.101264 0.9941287
9223 0.101263 0.9941287
10200 0.101262 0.9941287
7161 0.101261 0.9941287
8328 0.101259 0.9941287
5245 0.101258 0.9941287
56479 0.101256 0.9941287
11252 0.101255 0.9941287
30818 0.101252 0.9941287
26528 0.101245 0.9941287
2288 0.101239 0.9941287
10474 0.101231 0.9941287
2026 0.101223 0.9941287
6651 0.101212 0.9941287
23368 0.10121 0.9941287
1396 0.101209 0.9941287
112464 0.101206 0.9941287
5605 0.101205 0.9941287
4605 0.101197 0.9941287
6868 0.101196 0.9941287
2799 0.101195 0.9941287
7068 0.101193 0.9941287
7325 0.101178 0.9941287
6451 0.101175 0.9941287
5585 0.101172 0.9941287
6329 0.101163 0.9941287
6470 0.101162 0.9941287
5226 0.101156 0.9941287
285093 0.101154 0.9941287
57761 0.101145 0.9941287
816 0.101141 0.9941287
11224 0.101135 0.9941287
8338 0.101127 0.9941287
221184 0.101126 0.9941287
9627 0.101126 0.9941287
8663 0.101124 0.9941287
1975 0.101119 0.9941287
80184 0.101116 0.9941287
6632 0.101113 0.9941287
116173 0.101109 0.9941287
55704 0.101107 0.9941287
55580 0.101107 0.9941287
57019 0.101106 0.9941287
5719 0.101103 0.9941287
8500 0.101094 0.9941287
10869 0.101088 0.9941287
9479 0.101086 0.9941287
54535 0.101081 0.9941287
3837 0.101076 0.9941287
55729 0.101075 0.9941287
11331 0.101071 0.9941287
6217 0.101065 0.9941287
7165 0.101051 0.9941287
9240 0.101049 0.9941287
5563 0.101045 0.9941287
7040 0.101041 0.9941287
473 0.101039 0.9941287
2665 0.101038 0.9941287
55816 0.101035 0.9941287
23511 0.101034 0.9941287
3091 0.101031 0.9941287
23385 0.101026 0.9941287
3785 0.101023 0.9941287
3832 0.101012 0.9941287
51203 0.10101 0.9941287
8543 0.100997 0.9941287
10713 0.100991 0.9941287
5999 0.100987 0.9941287
491 0.100986 0.9941287
8941 0.100979 0.9941287
57085 0.100977 0.9941287
2081 0.100974 0.9941287
79666 0.10097 0.9941287
10539 0.100969 0.9941287
4853 0.100958 0.9941287
3611 0.100949 0.9941287
1000 0.100944 0.9941287
26013 0.100943 0.9941287
84292 0.10094 0.9941287
57819 0.10094 0.9941287
4236 0.100932 0.9941287
203068 0.100931 0.9941287
9520 0.10092 0.9941287
3024 0.10091 0.9941287
6160 0.100909 0.9941287
94032 0.100908 0.9941287
10498 0.100907 0.9941287
8976 0.100902 0.9941287
6444 0.100901 0.9941287
2931 0.100899 0.9941287
2893 0.100896 0.9941287
116986 0.100894 0.9941287
10130 0.10089 0.9941287
10598 0.100889 0.9941287
3678 0.100883 0.9941287
24148 0.100881 0.9941287
7010 0.100878 0.9941287
6201 0.100864 0.9941287
7289 0.100864 0.9941287
1891 0.10086 0.9941287
23429 0.10085 0.9941287
799 0.100847 0.9941287
5467 0.100845 0.9941287
8683 0.100841 0.9941287
5268 0.100831 0.9941287
55211 0.100831 0.9941287
8856 0.100826 0.9941287
4620 0.100824 0.9941287
8894 0.100824 0.9941287
25923 0.10081 0.9941287
5898 0.100799 0.9941287
10134 0.100788 0.9941287
10286 0.100787 0.9941287
4678 0.100787 0.9941287
10006 0.100786 0.9941287
57695 0.100776 0.9941287
898 0.100774 0.9941287
10769 0.100767 0.9941287
114 0.100765 0.9941287
6383 0.100755 0.9941287
5576 0.100746 0.9941287
2260 0.100737 0.9941287
4673 0.100737 0.9941287
6241 0.100726 0.9941287
8349 0.100724 0.9941287
29110 0.100723 0.9941287
3839 0.100722 0.9941287
875 0.100712 0.9941287
102724560 0.100712 0.9941287
55644 0.10071 0.9941287
6452 0.100707 0.9941287
23228 0.100704 0.9941287
5587 0.100702 0.9941287
7805 0.100694 0.9941287
6789 0.100691 0.9941287
25988 0.100678 0.9941287
4713 0.100678 0.9941287
3796 0.100677 0.9941287
2957 0.100674 0.9941287
5906 0.100673 0.9941287
55643 0.100671 0.9941287
4701 0.100671 0.9941287
4149 0.100668 0.9941287
9001 0.100666 0.9941287
29924 0.100665 0.9941287
10010 0.100658 0.9941287
3163 0.100649 0.9941287
5156 0.100648 0.9941287
7486 0.100642 0.9941287
8874 0.100641 0.9941287
55720 0.10064 0.9941287
23549 0.100638 0.9941287
93100 0.100628 0.9941287
79618 0.100627 0.9941287
6136 0.100625 0.9941287
6737 0.100624 0.9941287
9722 0.10062 0.9941287
9228 0.100619 0.9941287
51701 0.100619 0.9941287
2873 0.100614 0.9941287
4690 0.100609 0.9941287
6300 0.100601 0.9941287
8520 0.1006 0.9941287
11345 0.100595 0.9941287
58529 0.100583 0.9941287
471 0.100576 0.9941287
10381 0.100574 0.9941287
84060 0.100573 0.9941287
9439 0.100572 0.9941287
4928 0.100557 0.9941287
5019 0.100553 0.9941287
79594 0.10054 0.9941287
140890 0.100536 0.9941287
55832 0.100533 0.9941287
55666 0.100532 0.9941287
9129 0.100532 0.9941287
79184 0.100531 0.9941287
51545 0.100531 0.9941287
6880 0.100529 0.9941287
160140 0.100522 0.9941287
84447 0.100522 0.9941287
83755 0.100519 0.9941287
10542 0.100518 0.9941287
6741 0.100513 0.9941287
1031 0.10051 0.9941287
1728 0.100508 0.9941287
9246 0.100501 0.9941287
5739 0.1005 0.9941287
29950 0.100499 0.9941287
6642 0.100497 0.9941287
58490 0.100486 0.9941287
10278 0.100486 0.9941287
7163 0.100483 0.9941287
80776 0.100477 0.9941287
10190 0.100467 0.9941287
1192 0.100464 0.9941287
7541 0.100464 0.9941287
9709 0.100458 0.9941287
9846 0.100454 0.9941287
23099 0.100454 0.9941287
2965 0.100445 0.9941287
1493 0.100441 0.9941287
55658 0.10044 0.9941287
6418 0.100434 0.9941287
5715 0.100432 0.9941287
51371 0.100431 0.9941287
8531 0.100425 0.9941287
2670 0.100408 0.9941287
85363 0.100405 0.9941287
55048 0.100403 0.9941287
1196 0.100402 0.9941287
5250 0.100402 0.9941287
3096 0.100399 0.9941287
2058 0.100396 0.9941287
3575 0.100393 0.9941287
26191 0.100369 0.9941287
54903 0.100359 0.9941287
84993 0.100358 0.9941287
2969 0.100355 0.9941287
92345 0.100345 0.9941287
5745 0.100339 0.9941287
4666 0.100336 0.9941287
5432 0.100334 0.9941287
9500 0.10033 0.9941287
54732 0.100325 0.9941287
4606 0.100312 0.9941287
4361 0.100312 0.9941287
7041 0.100311 0.9941287
6207 0.100306 0.9941287
6749 0.100304 0.9941287
84140 0.100303 0.9941287
5694 0.100297 0.9941287
6293 0.100295 0.9941287
201595 0.100295 0.9941287
440 0.100294 0.9941287
11124 0.100293 0.9941287
7064 0.100285 0.9941287
29922 0.100285 0.9941287
9061 0.100283 0.9941287
27338 0.100283 0.9941287
9021 0.100281 0.9941287
3516 0.100278 0.9941287
7137 0.100276 0.9941287
4194 0.100274 0.9941287
29115 0.100269 0.9941287
38 0.100258 0.9941287
9126 0.100257 0.9941287
29934 0.100254 0.9941287
7416 0.10025 0.9941287
8544 0.100239 0.9941287
51497 0.100235 0.9941287
6141 0.100224 0.9941287
79621 0.100223 0.9941287
4900 0.100217 0.9941287
3783 0.100216 0.9941287
9111 0.100213 0.9941287
3843 0.100213 0.9941287
2115 0.100213 0.9941287
89790 0.100205 0.9941287
4282 0.100198 0.9941287
5062 0.100186 0.9941287
506 0.100186 0.9941287
6130 0.100184 0.9941287
3569 0.100182 0.9941287
10016 0.100179 0.9941287
56891 0.100178 0.9941287
29089 0.100177 0.9941287
5528 0.100176 0.9941287
89 0.100174 0.9941287
10928 0.100172 0.9941287
3856 0.100169 0.9941287
11113 0.100166 0.9941287
9406 0.100166 0.9941287
4354 0.100149 0.9941287
7266 0.100146 0.9941287
5358 0.100143 0.9941287
10556 0.100142 0.9941287
23077 0.10014 0.9941287
84528 0.100132 0.9941287
7458 0.100129 0.9941287
4342 0.100119 0.9941287
10783 0.100118 0.9941287
80764 0.100114 0.9941287
6416 0.100113 0.9941287
26043 0.100113 0.9941287
2963 0.100107 0.9941287
55759 0.100095 0.9941287
3061 0.10008 0.9941287
688 0.100078 0.9941287
3690 0.100073 0.9941287
286514 0.100071 0.9941287
8470 0.100061 0.9941287
6202 0.100059 0.9941287
348180 0.100055 0.9941287
3416 0.100054 0.9941287
7327 0.100052 0.9941287
7681 0.100052 0.9941287
3615 0.10005 0.9941287
238 0.100044 0.9941287
624 0.100039 0.9941287
5500 0.100032 0.9941287
4839 0.100032 0.9941287
9894 0.10003 0.9941287
2744 0.100025 0.9941287
64400 0.100019 0.9941287
79023 0.100017 0.9941287
9051 0.10001 0.9941287
54517 0.100007 0.9941287
23704 0.100001 0.9941287
3397 0.099999 0.9949342
79813 0.099991 0.9949342
7434 0.09999 0.9949342
311 0.099977 0.9949342
54487 0.099976 0.9949342
57596 0.099974 0.9949342
7916 0.099971 0.9949342
967 0.099967 0.9949342
3831 0.099944 0.9949342
5082 0.099942 0.9949342
57142 0.099941 0.9949342
8451 0.099934 0.9949342
102724770 0.099933 0.9949342
8214 0.099933 0.9949342
6921 0.099929 0.9949342
4698 0.099919 0.9949342
7443 0.099916 0.9949342
10815 0.099915 0.9949342
1676 0.099912 0.9949342
570 0.09991 0.9949342
9921 0.099909 0.9949342
9124 0.099909 0.9949342
8829 0.099907 0.9949342
147687 0.099901 0.9949342
4891 0.0999 0.9949342
220717 0.099897 0.9949342
9278 0.099896 0.9949342
253260 0.099896 0.9949342
2237 0.09989 0.9949342
1129 0.09989 0.9949342
54793 0.099889 0.9949342
23170 0.099882 0.9949342
677768 0.099879 0.9949342
26821 0.099879 0.9949342
677776 0.099879 0.9949342
55573 0.099875 0.9949342
79867 0.099874 0.9949342
2553 0.09987 0.9949342
51517 0.099869 0.9949342
2189 0.09986 0.9949342
4925 0.099853 0.9949342
908 0.099851 0.9949342
10979 0.099847 0.9949342
10848 0.099847 0.9949342
274 0.099845 0.9949342
6352 0.099842 0.9949342
58508 0.099842 0.9949342
63948 0.099834 0.9949342
11231 0.099831 0.9949342
665 0.099831 0.9949342
79571 0.099826 0.9949342
3161 0.099825 0.9949342
5469 0.099824 0.9949342
8452 0.09982 0.9949342
7075 0.099818 0.9949342
6626 0.099817 0.9949342
5272 0.0998 0.9949342
6047 0.099799 0.9949342
6817 0.099797 0.9949342
10193 0.099789 0.9949342
22870 0.099783 0.9949342
7913 0.099782 0.9949342
8266 0.099779 0.9949342
55743 0.099776 0.9949342
6236 0.099772 0.9949342
10084 0.099772 0.9949342
10078 0.099768 0.9949342
3316 0.099767 0.9949342
996 0.099766 0.9949342
2495 0.099749 0.9949342
10717 0.099742 0.9949342
79778 0.09974 0.9949342
10093 0.09974 0.9949342
100526693 0.09974 0.9949342
775 0.099719 0.9949342
59 0.099717 0.9949342
51031 0.099713 0.9949342
79723 0.099711 0.9949342
1586 0.099707 0.9949342
23259 0.099707 0.9949342
4719 0.099706 0.9949342
8548 0.099705 0.9949342
81792 0.099704 0.9949342
54623 0.099702 0.9949342
81793 0.099694 0.9949342
161 0.099688 0.9949342
539 0.09968 0.9949342
9587 0.099678 0.9949342
64129 0.099677 0.9949342
4133 0.099677 0.9949342
51013 0.099674 0.9949342
1039 0.099667 0.9949342
26136 0.099661 0.9949342
93643 0.09966 0.9949342
10095 0.09966 0.9949342
3953 0.099656 0.9949342
6631 0.099649 0.9949342
51466 0.099641 0.9949342
50717 0.099637 0.9949342
79869 0.099636 0.9949342
10007 0.099633 0.9949342
10488 0.099632 0.9949342
5724 0.099626 0.9949342
3094 0.099626 0.9949342
10923 0.099624 0.9949342
4001 0.09962 0.9949342
10528 0.09962 0.9949342
9675 0.099615 0.9949342
8536 0.099615 0.9949342
51699 0.099614 0.9949342
10933 0.09961 0.9949342
2533 0.099609 0.9949342
56061 0.099606 0.9949342
9972 0.099604 0.9949342
6502 0.099602 0.9949342
7204 0.099598 0.9949342
10758 0.099595 0.9949342
23647 0.09959 0.9949342
57223 0.099588 0.9949342
3910 0.099585 0.9949342
6181 0.099576 0.9949342
116840 0.099574 0.9949342
9861 0.099572 0.9949342
23019 0.099571 0.9949342
10211 0.099569 0.9949342
637 0.099567 0.9949342
814 0.099564 0.9949342
8260 0.099561 0.9949342
1503 0.09956 0.9949342
348 0.099557 0.9949342
79020 0.099556 0.9949342
1264 0.099553 0.9949342
90933 0.09955 0.9949342
2740 0.099547 0.9949342
23533 0.099547 0.9949342
9826 0.099546 0.9949342
5320 0.099542 0.9949342
23122 0.099541 0.9949342
2101 0.099533 0.9949342
4486 0.09953 0.9949342
1869 0.099526 0.9949342
55159 0.099517 0.9949342
8237 0.099497 0.9949342
8882 0.099486 0.9949342
9868 0.099486 0.9949342
5900 0.099479 0.9949342
29937 0.099476 0.9949342
29925 0.099471 0.9949342
9775 0.099462 0.9949342
10063 0.099457 0.9949342
10920 0.099457 0.9949342
80854 0.099456 0.9949342
10921 0.099454 0.9949342
1406 0.099454 0.9949342
9820 0.099449 0.9949342
386676 0.099448 0.9949342
386678 0.099448 0.9949342
23586 0.099446 0.9949342
55068 0.099441 0.9949342
5203 0.099436 0.9949342
51593 0.099433 0.9949342
9261 0.09943 0.9949342
84108 0.099429 0.9949342
5495 0.099428 0.9949342
29789 0.099428 0.9949342
3417 0.099422 0.9949342
3840 0.099417 0.9949342
3009 0.099416 0.9949342
5753 0.099409 0.9949342
1729 0.099408 0.9949342
79444 0.0994 0.9949342
10036 0.099397 0.9949342
9045 0.099395 0.9949342
11335 0.099388 0.9949342
27087 0.099381 0.9949342
3758 0.099378 0.9949342
51741 0.099375 0.9949342
287015 0.099375 0.9949342
8667 0.099372 0.9949342
22818 0.099368 0.9949342
27349 0.099368 0.9949342
9987 0.099362 0.9949342
55671 0.09936 0.9949342
27145 0.09936 0.9949342
4660 0.099357 0.9949342
4651 0.099354 0.9949342
4296 0.099352 0.9949342
2171 0.099347 0.9949342
22999 0.099346 0.9949342
4704 0.099346 0.9949342
90993 0.099341 0.9949342
2778 0.099339 0.9949342
284252 0.099338 0.9949342
80726 0.099338 0.9949342
528 0.099337 0.9949342
55226 0.099334 0.9949342
51322 0.099333 0.9949342
5047 0.09933 0.9949342
1386 0.09932 0.9949342
1600 0.099319 0.9949342
6147 0.099311 0.9949342
5714 0.099309 0.9949342
2959 0.099309 0.9949342
4638 0.099308 0.9949342
1540 0.099305 0.9949342
5899 0.099302 0.9949342
5356 0.0993 0.9949342
4693 0.099298 0.9949342
6143 0.099297 0.9949342
7094 0.099295 0.9949342
51608 0.099293 0.9949342
4735 0.099293 0.9949342
23288 0.099291 0.9949342
2623 0.099281 0.9949342
23592 0.099279 0.9949342
51564 0.099277 0.9949342
6908 0.099275 0.9949342
55916 0.099274 0.9949342
8664 0.099267 0.9949342
1859 0.099265 0.9949342
29844 0.099257 0.9949342
858 0.099248 0.9949342
1643 0.099248 0.9949342
6595 0.099242 0.9949342
11065 0.099239 0.9949342
5423 0.099235 0.9949342
7306 0.099232 0.9949342
31 0.099231 0.9949342
7135 0.099222 0.9949342
8726 0.099221 0.9949342
6812 0.099217 0.9949342
2272 0.099216 0.9949342
4643 0.099216 0.9949342
10212 0.099214 0.9949342
1840 0.099207 0.9949342
7490 0.099199 0.9949342
5451 0.099196 0.9949342
8935 0.099194 0.9949342
7024 0.099188 0.9949342
403 0.099175 0.9949342
6424 0.099174 0.9949342
79598 0.099167 0.9949342
7358 0.099163 0.9949342
1068 0.099163 0.9949342
10615 0.099162 0.9949342
10480 0.099161 0.9949342
55052 0.099158 0.9949342
28964 0.099153 0.9949342
1277 0.099152 0.9949342
9025 0.099148 0.9949342
10238 0.099145 0.9949342
53615 0.099138 0.9949342
4800 0.099137 0.9949342
11127 0.099131 0.9949342
79839 0.099128 0.9949342
27044 0.099118 0.9949342
11143 0.099117 0.9949342
2962 0.099115 0.9949342
183 0.099113 0.9949342
4604 0.099111 0.9949342
6674 0.09911 0.9949342
9379 0.099108 0.9949342
55763 0.099102 0.9949342
5564 0.099098 0.9949342
79036 0.099097 0.9949342
4297 0.099087 0.9949342
64978 0.099081 0.9949342
890 0.099081 0.9949342
222389 0.099077 0.9949342
7994 0.099074 0.9949342
55432 0.099071 0.9949342
5581 0.099063 0.9949342
5598 0.099062 0.9949342
3486 0.099061 0.9949342
10499 0.099056 0.9949342
23345 0.099056 0.9949342
1612 0.099055 0.9949342
4040 0.099052 0.9949342
118460 0.099052 0.9949342
6152 0.09905 0.9949342
197131 0.099048 0.9949342
114932 0.099036 0.9949342
121457 0.099034 0.9949342
7088 0.099034 0.9949342
54930 0.099033 0.9949342
1175 0.099032 0.9949342
79797 0.099018 0.9949342
101060399 0.099012 0.9949342
10360 0.099011 0.9949342
8660 0.099006 0.9949342
54165 0.099006 0.9949342
2242 0.099006 0.9949342
8697 0.099003 0.9949342
284119 0.099003 0.9949342
8675 0.098998 0.9949342
1108 0.098997 0.9949342
56904 0.098996 0.9949342
25959 0.098994 0.9949342
6385 0.098991 0.9949342
3872 0.098986 0.9949342
59343 0.098986 0.9949342
25942 0.098984 0.9949342
51465 0.098982 0.9949342
1537 0.098978 0.9949342
22992 0.098976 0.9949342
7919 0.098976 0.9949342
153527 0.098972 0.9949342
6048 0.098971 0.9949342
6596 0.098968 0.9949342
468 0.098968 0.9949342
10811 0.098967 0.9949342
1051 0.098966 0.9949342
114609 0.098964 0.9949342
54955 0.098963 0.9949342
27156 0.098962 0.9949342
54472 0.09896 0.9949342
27158 0.098951 0.9949342
8379 0.098946 0.9949342
9785 0.098943 0.9949342
55905 0.098943 0.9949342
50488 0.098936 0.9949342
89870 0.098935 0.9949342
1024 0.098931 0.9949342
9076 0.098926 0.9949342
5863 0.098922 0.9949342
9133 0.09892 0.9949342
2918 0.098919 0.9949342
79873 0.098918 0.9949342
316 0.098917 0.9949342
23623 0.098911 0.9949342
56901 0.09891 0.9949342
1615 0.09891 0.9949342
4063 0.098905 0.9949342
28988 0.098901 0.9949342
8786 0.0989 0.9949342
11196 0.098896 0.9949342
378 0.098896 0.9949342
4736 0.098896 0.9949342
8676 0.098893 0.9949342
2168 0.098893 0.9949342
11342 0.098892 0.9949342
3984 0.09889 0.9949342
9871 0.098885 0.9949342
23621 0.098882 0.9949342
51147 0.098881 0.9949342
55663 0.098877 0.9949342
84970 0.098877 0.9949342
9282 0.098873 0.9949342
10403 0.09887 0.9949342
23113 0.098862 0.9949342
8453 0.098859 0.9949342
51659 0.098856 0.9949342
466 0.098855 0.9949342
7465 0.098854 0.9949342
51606 0.098851 0.9949342
1917 0.098849 0.9949342
1786 0.098848 0.9949342
10954 0.098847 0.9949342
1738 0.098847 0.9949342
4619 0.098842 0.9949342
4209 0.098839 0.9949342
6780 0.098835 0.9949342
3756 0.098834 0.9949342
4507 0.098829 0.9949342
8662 0.098827 0.9949342
54850 0.098822 0.9949342
23371 0.09882 0.9949342
6897 0.098819 0.9949342
57122 0.098818 0.9949342
3550 0.098817 0.9949342
10910 0.098814 0.9949342
1877 0.098814 0.9949342
8315 0.098812 0.9949342
84148 0.09881 0.9949342
51339 0.098809 0.9949342
5331 0.098804 0.9949342
6389 0.098802 0.9949342
3251 0.098794 0.9949342
55607 0.098794 0.9949342
30827 0.098792 0.9949342
23352 0.098789 0.9949342
27161 0.098783 0.9949342
5867 0.098777 0.9949342
79753 0.098776 0.9949342
4738 0.098773 0.9949342
3895 0.098773 0.9949342
11116 0.098773 0.9949342
85291 0.098768 0.9949342
5600 0.098763 0.9949342
6150 0.098761 0.9949342
91647 0.098757 0.9949342
3665 0.098756 0.9949342
388 0.098754 0.9949342
4092 0.098751 0.9949342
933 0.09875 0.9949342
79978 0.09875 0.9949342
9188 0.098747 0.9949342
333 0.098741 0.9949342
9532 0.098736 0.9949342
65264 0.09873 0.9949342
10014 0.098729 0.9949342
6205 0.098728 0.9949342
125950 0.098727 0.9949342
152006 0.098723 0.9949342
3778 0.098721 0.9949342
776 0.098718 0.9949342
325 0.098713 0.9949342
51144 0.098712 0.9949342
4284 0.098712 0.9949342
80306 0.098707 0.9949342
9601 0.098706 0.9949342
7407 0.098704 0.9949342
124245 0.098704 0.9949342
483 0.098704 0.9949342
3054 0.098704 0.9949342
118 0.098703 0.9949342
2185 0.098701 0.9949342
10969 0.098699 0.9949342
2114 0.09869 0.9949342
29948 0.098689 0.9949342
9332 0.098687 0.9949342
2773 0.098687 0.9949342
8674 0.098685 0.9949342
23085 0.098682 0.9949342
27336 0.09868 0.9949342
114990 0.098677 0.9949342
56259 0.098677 0.9949342
8655 0.098675 0.9949342
84619 0.098673 0.9949342
55722 0.098666 0.9949342
4860 0.098661 0.9949342
50484 0.098647 0.9949342
54458 0.098637 0.9949342
350 0.098636 0.9949342
219 0.098632 0.9949342
79711 0.098631 0.9949342
2775 0.09863 0.9949342
81855 0.098625 0.9949342
7343 0.098623 0.9949342
3362 0.098621 0.9949342
1191 0.09862 0.9949342
2730 0.098616 0.9949342
26037 0.098615 0.9949342
6777 0.098613 0.9949342
7264 0.098606 0.9949342
6708 0.098606 0.9949342
80777 0.098604 0.9949342
6513 0.098603 0.9949342
5662 0.098603 0.9949342
5588 0.098602 0.9949342
23649 0.098599 0.9949342
378108 0.098599 0.9949342
64866 0.098591 0.9949342
3659 0.098588 0.9949342
2977 0.098588 0.9949342
55004 0.098586 0.9949342
5535 0.098584 0.9949342
4281 0.098581 0.9949342
53826 0.09858 0.9949342
100533181 0.09858 0.9949342
3035 0.098578 0.9949342
9779 0.098565 0.9949342
2268 0.098563 0.9949342
79039 0.098563 0.9949342
871 0.098561 0.9949342
23543 0.09856 0.9949342
6783 0.098556 0.9949342
79009 0.098555 0.9949342
23219 0.098553 0.9949342
9252 0.098548 0.9949342
54908 0.098544 0.9949342
55746 0.098536 0.9949342
2040 0.098534 0.9949342
4988 0.09853 0.9949342
11161 0.09853 0.9949342
5207 0.098524 0.9949342
22913 0.098523 0.9949342
5932 0.098521 0.9949342
2737 0.09852 0.9949342
997 0.098518 0.9949342
9939 0.098515 0.9949342
4255 0.098514 0.9949342
23223 0.098513 0.9949342
27130 0.09851 0.9949342
8986 0.098507 0.9949342
23043 0.098507 0.9949342
6402 0.098503 0.9949342
3010 0.098501 0.9949342
90678 0.0985 0.9949342
5610 0.098498 0.9949342
914 0.09849 0.9949342
158297 0.098488 0.9949342
699 0.098486 0.9949342
8021 0.098485 0.9949342
9162 0.098485 0.9949342
51447 0.098479 0.9949342
29102 0.098476 0.9949342
8295 0.098475 0.9949342
2042 0.09847 0.9949342
1407 0.098455 0.9949342
902 0.098455 0.9949342
2104 0.098452 0.9949342
6272 0.098451 0.9949342
9757 0.098447 0.9949342
8335 0.098445 0.9949342
3012 0.098445 0.9949342
240 0.098444 0.9949342
80724 0.098433 0.9949342
8669 0.098432 0.9949342
29911 0.098424 0.9949342
56144 0.098424 0.9949342
54778 0.098419 0.9949342
10949 0.098417 0.9949342
5321 0.098417 0.9949342
27076 0.098412 0.9949342
80230 0.098412 0.9949342
29128 0.098409 0.9949342
10226 0.098409 0.9949342
54521 0.098404 0.9949342
3880 0.098397 0.9949342
6279 0.098388 0.9949342
54776 0.098388 0.9949342
7128 0.098387 0.9949342
5236 0.098387 0.9949342
53938 0.098386 0.9949342
54828 0.098379 0.9949342
51567 0.098378 0.9949342
57510 0.098374 0.9949342
11214 0.098374 0.9949342
16 0.098372 0.9949342
1408 0.09837 0.9949342
8541 0.098369 0.9949342
3660 0.098368 0.9949342
7049 0.098367 0.9949342
9049 0.098366 0.9949342
8499 0.098363 0.9949342
79682 0.098355 0.9949342
11267 0.098354 0.9949342
5481 0.098351 0.9949342
10525 0.09835 0.9949342
6144 0.098345 0.9949342
2861 0.098343 0.9949342
6222 0.098342 0.9949342
2512 0.09834 0.9949342
5139 0.098337 0.9949342
7187 0.098336 0.9949342
22832 0.098335 0.9949342
7280 0.098331 0.9949342
5868 0.09833 0.9949342
4174 0.09833 0.9949342
79589 0.098324 0.9949342
261726 0.098323 0.9949342
293 0.098321 0.9949342
7046 0.098316 0.9949342
10135 0.098316 0.9949342
8480 0.098314 0.9949342
2890 0.098312 0.9949342
7417 0.098312 0.9949342
642 0.098311 0.9949342
9464 0.098299 0.9949342
22954 0.098295 0.9949342
51324 0.098292 0.9949342
4222 0.098292 0.9949342
3708 0.098287 0.9949342
1796 0.098286 0.9949342
7936 0.098286 0.9949342
79027 0.098284 0.9949342
23091 0.098284 0.9949342
83478 0.098275 0.9949342
5778 0.098275 0.9949342
10982 0.098273 0.9949342
327 0.098267 0.9949342
2322 0.098263 0.9949342
9374 0.098262 0.9949342
100529144 0.098261 0.9949342
79585 0.098261 0.9949342
55593 0.098261 0.9949342
991 0.098261 0.9949342
9616 0.098257 0.9949342
4625 0.098256 0.9949342
2624 0.098256 0.9949342
9647 0.098253 0.9949342
81876 0.098251 0.9949342
6139 0.098247 0.9949342
100526842 0.098247 0.9949342
4729 0.098241 0.9949342
9989 0.098238 0.9949342
27089 0.098238 0.9949342
5979 0.098236 0.9949342
2027 0.098236 0.9949342
29968 0.098233 0.9949342
64581 0.098233 0.9949342
5771 0.098233 0.9949342
3683 0.098231 0.9949342
822 0.098229 0.9949342
10342 0.098218 0.9949342
51548 0.098216 0.9949342
9522 0.09821 0.9949342
57594 0.098201 0.9949342
4622 0.0982 0.9949342
231 0.098196 0.9949342
9729 0.098183 0.9949342
1153 0.098182 0.9949342
6165 0.098174 0.9949342
9577 0.098172 0.9949342
5802 0.098157 0.9949342
11186 0.098154 0.9949342
8804 0.098151 0.9949342
55328 0.098149 0.9949342
4898 0.098145 0.9949342
2669 0.098144 0.9949342
1081 0.098135 0.9949342
339390 0.098127 0.9949342
481 0.09812 0.9949342
1974 0.098114 0.9949342
9815 0.098114 0.9949342
84260 0.098113 0.9949342
10652 0.098104 0.9949342
27342 0.0981 0.9949342
51633 0.098099 0.9949342
10189 0.098097 0.9949342
9657 0.098097 0.9949342
833 0.09809 0.9949342
10043 0.09809 0.9949342
55737 0.098087 0.9949342
51585 0.098086 0.9949342
100034701 0.098086 0.9949342
7750 0.098085 0.9949342
6950 0.098084 0.9949342
9495 0.098081 0.9949342
6635 0.098081 0.9949342
1174 0.098069 0.9949342
51562 0.098063 0.9949342
51332 0.098062 0.9949342
2120 0.098062 0.9949342
80108 0.098055 0.9949342
11273 0.098053 0.9949342
284004 0.098051 0.9949342
5091 0.098047 0.9949342
4343 0.098042 0.9949342
7832 0.098039 0.9949342
5092 0.098039 0.9949342
3021 0.098038 0.9949342
3020 0.098038 0.9949342
3198 0.098038 0.9949342
5650 0.09803 0.9949342
9474 0.098028 0.9949342
6924 0.098027 0.9949342
6788 0.098025 0.9949342
22890 0.098021 0.9949342
51720 0.09802 0.9949342
3376 0.098014 0.9949342
1154 0.098007 0.9949342
9688 0.098004 0.9949342
1958 0.098003 0.9949342
1909 0.097994 0.9949342
11165 0.097993 0.9949342
8766 0.097988 0.9949342
284001 0.09798 0.9949342
4286 0.097967 0.9949342
4172 0.097966 0.9949342
4331 0.097963 0.9949342
23310 0.097963 0.9949342
151871 0.09796 0.9949342
387893 0.097952 0.9949342
54926 0.097949 0.9949342
1781 0.097948 0.9949342
9984 0.097947 0.9949342
5036 0.097946 0.9949342
51605 0.097945 0.9949342
7453 0.097944 0.9949342
9414 0.097942 0.9949342
54919 0.097939 0.9949342
79586 0.097938 0.9949342
4520 0.097936 0.9949342
26249 0.097933 0.9949342
64965 0.097931 0.9949342
54541 0.097931 0.9949342
5493 0.097929 0.9949342
8728 0.097928 0.9949342
3705 0.097925 0.9949342
51676 0.097924 0.9949342
126119 0.097923 0.9949342
94240 0.097919 0.9949342
6403 0.097919 0.9949342
10409 0.097908 0.9949342
84936 0.097902 0.9949342
8985 0.0979 0.9949342
9256 0.097898 0.9949342
81611 0.097894 0.9949342
51602 0.09789 0.9949342
23646 0.097885 0.9949342
10570 0.097882 0.9949342
91107 0.097876 0.9949342
860 0.097876 0.9949342
29068 0.097875 0.9949342
649 0.097874 0.9949342
79654 0.097871 0.9949342
171024 0.09787 0.9949342
65993 0.097868 0.9949342
1215 0.097865 0.9949342
9296 0.097862 0.9949342
2937 0.097838 0.9949342
5936 0.097834 0.9949342
11060 0.09783 0.9949342
9260 0.097826 0.9949342
2889 0.097825 0.9949342
27335 0.097822 0.9949342
91694 0.09782 0.9949342
10382 0.097816 0.9949342
26278 0.097816 0.9949342
10395 0.097813 0.9949342
51185 0.097812 0.9949342
6286 0.09781 0.9949342
10656 0.097809 0.9949342
10483 0.097801 0.9949342
11079 0.097799 0.9949342
9904 0.097794 0.9949342
10445 0.097794 0.9949342
3576 0.097791 0.9949342
9927 0.097787 0.9949342
54938 0.097781 0.9949342
23426 0.097781 0.9949342
27043 0.097779 0.9949342
84992 0.097777 0.9949342
8915 0.097776 0.9949342
1983 0.097776 0.9949342
10248 0.097765 0.9949342
23589 0.097763 0.9949342
7507 0.097762 0.9949342
83593 0.09775 0.9949342
146 0.097749 0.9949342
54820 0.097747 0.9949342
51726 0.097746 0.9949342
1429 0.097738 0.9949342
5678 0.097737 0.9949342
2280 0.097731 0.9949342
80790 0.097726 0.9949342
5869 0.097725 0.9949342
4817 0.097721 0.9949342
7141 0.09772 0.9949342
3695 0.097718 0.9949342
100861412 0.097715 0.9949342
25788 0.097715 0.9949342
22924 0.097713 0.9949342
81037 0.097713 0.9949342
22800 0.097712 0.9949342
6155 0.097712 0.9949342
51019 0.09771 0.9949342
55355 0.097699 0.9949342
2548 0.097697 0.9949342
94274 0.097695 0.9949342
8905 0.097694 0.9949342
8576 0.097693 0.9949342
8577 0.097692 0.9949342
100526694 0.097692 0.9949342
6232 0.09769 0.9949342
28970 0.09769 0.9949342
158 0.097687 0.9949342
22872 0.097686 0.9949342
27018 0.097681 0.9949342
2768 0.097681 0.9949342
9421 0.097676 0.9949342
2664 0.097667 0.9949342
1783 0.097663 0.9949342
54206 0.097661 0.9949342
10174 0.097659 0.9949342
55629 0.097658 0.9949342
578 0.097657 0.9949342
83899 0.097657 0.9949342
11171 0.097655 0.9949342
57559 0.097654 0.9949342
10376 0.097653 0.9949342
283807 0.097653 0.9949342
79165 0.097649 0.9949342
9670 0.097645 0.9949342
6712 0.097645 0.9949342
65005 0.097645 0.9949342
602 0.097639 0.9949342
100129278 0.097634 0.9949342
84324 0.097634 0.9949342
22918 0.097633 0.9949342
29888 0.097633 0.9949342
64326 0.097631 0.9949342
1443 0.097628 0.9949342
23272 0.097628 0.9949342
3613 0.097628 0.9949342
1442 0.097628 0.9949342
6586 0.097628 0.9949342
5325 0.097625 0.9949342
8881 0.097624 0.9949342
6262 0.097623 0.9949342
100534012 0.09762 0.9949342
79005 0.09762 0.9949342
5214 0.097616 0.9949342
4363 0.097616 0.9949342
3006 0.097614 0.9949342
50943 0.097614 0.9949342
8411 0.097613 0.9949342
6478 0.097611 0.9949342
8867 0.097604 0.9949342
51807 0.097603 0.9949342
1962 0.097603 0.9949342
2011 0.097598 0.9949342
23476 0.097597 0.9949342
3702 0.097594 0.9949342
9253 0.097593 0.9949342
51386 0.097593 0.9949342
5413 0.097588 0.9949342
70 0.097585 0.9949342
144347 0.097579 0.9949342
100533183 0.097579 0.9949342
22908 0.097575 0.9949342
7225 0.097573 0.9949342
10535 0.097571 0.9949342
4358 0.097566 0.9949342
3694 0.097565 0.9949342
11155 0.097555 0.9949342
5514 0.097554 0.9949342
989 0.097552 0.9949342
80324 0.097552 0.9949342
4683 0.097549 0.9949342
26232 0.097548 0.9949342
4641 0.097539 0.9949342
51535 0.097538 0.9949342
58500 0.097538 0.9949342
221120 0.097537 0.9949342
8773 0.097537 0.9949342
29927 0.097534 0.9949342
4140 0.097534 0.9949342
2948 0.097534 0.9949342
9804 0.097532 0.9949342
5436 0.097531 0.9949342
4626 0.097526 0.9949342
51765 0.097526 0.9949342
51493 0.097524 0.9949342
5355 0.097524 0.9949342
2771 0.097521 0.9949342
27295 0.097517 0.9949342
657 0.097513 0.9949342
3223 0.097512 0.9949342
826 0.097511 0.9949342
5147 0.097508 0.9949342
339287 0.097508 0.9949342
29766 0.097505 0.9949342
51747 0.097505 0.9949342
4624 0.0975 0.9949342
6227 0.097496 0.9949342
10045 0.097492 0.9949342
4621 0.09749 0.9949342
5337 0.097484 0.9949342
50809 0.097482 0.9949342
197 0.097475 0.9949342
22937 0.097474 0.9949342
2572 0.097471 0.9949342
9172 0.097469 0.9949342
116449 0.097463 0.9949342
85409 0.097459 0.9949342
23499 0.097457 0.9949342
6742 0.097457 0.9949342
5473 0.097443 0.9949342
3188 0.097443 0.9949342
83591 0.097441 0.9949342
58517 0.09744 0.9949342
604 0.097438 0.9949342
8467 0.097437 0.9949342
55272 0.097436 0.9949342
358 0.097431 0.9949342
695 0.09743 0.9949342
7162 0.097427 0.9949342
3007 0.097426 0.9949342
51533 0.097426 0.9949342
64770 0.097417 0.9949342
51540 0.097415 0.9949342
57326 0.097411 0.9949342
84103 0.097406 0.9949342
10105 0.097396 0.9949342
5437 0.097393 0.9949342
57175 0.097388 0.9949342
640 0.097386 0.9949342
80198 0.097384 0.9949342
10383 0.097382 0.9949342
1571 0.097381 0.9949342
51429 0.097375 0.9949342
7139 0.097371 0.9949342
7142 0.097368 0.9949342
55138 0.097368 0.9949342
60626 0.097367 0.9949342
7982 0.097364 0.9949342
1263 0.097362 0.9949342
8570 0.097361 0.9949342
10397 0.09736 0.9949342
64976 0.097352 0.9949342
27250 0.097351 0.9949342
892 0.097351 0.9949342
64753 0.097349 0.9949342
25824 0.097349 0.9949342
5349 0.097337 0.9949342
5584 0.09733 0.9949342
4677 0.097326 0.9949342
2787 0.097324 0.9949342
339448 0.097323 0.9949342
27236 0.097322 0.9949342
53635 0.097312 0.9949342
6687 0.09731 0.9949342
2287 0.09731 0.9949342
3059 0.097309 0.9949342
