9077	0.074461	7490
9077	0.073905	79728
9077	0.079241	9530
9077	0.075980	8493
9077	0.107481	11200
9077	0.073408	3845
9077	0.079324	7040
9077	0.106682	324
9077	0.102873	5770
9077	0.076269	2264
130340	0.107353	5571
10297	0.067878	1499
10297	0.101524	22919
10297	0.069956	8313
143187	0.099586	6293
10451	0.096557	2885
10451	0.107336	2064
10451	0.072716	2549
10451	0.072052	3815
10451	0.072573	6098
10451	0.070213	367
10451	0.073136	4233
10451	0.071397	2065
1268	0.070328	135
10457	0.070289	5753
10457	0.070905	4089
10457	0.097084	1956
23365	0.067247	10672
23365	0.111269	3480
23365	0.067289	2768
23365	0.071387	7006
10513	0.103341	147746
10513	0.102183	83593
10513	0.103015	65988
10513	0.103341	9356
10513	0.102088	137392
10513	0.105205	117159
10513	0.103341	221458
10513	0.544284	5563
10513	0.103341	375133
10513	0.103341	81029
10513	0.102642	367
10513	0.103341	55608
10513	0.103341	414927
10513	0.103341	255631
10513	0.103448	79085
10513	0.103341	151647
10513	0.103110	11167
10513	0.103772	79078
10513	0.103341	257144
10513	0.139284	808
10513	0.103341	29906
10513	0.139235	801
10513	0.103341	220686
10513	0.139284	805
5563	0.599482	347240
5563	0.544764	2735
5563	0.540749	100996763
5563	0.540581	10146
5563	0.565481	4892
5563	0.542850	57326
5563	0.544838	57521
5563	0.539909	3801
5563	0.540637	54550
5563	0.544874	7957
5563	0.556142	7111
5563	0.545652	5571
5563	0.540940	653121
5563	0.541054	11059
5563	0.540177	6925
5563	0.539504	83878
5563	0.544080	222546
5563	0.549376	57820
5563	0.539892	11030
5563	0.548994	5564
5563	0.541079	5565
5563	0.542783	10891
5563	0.542913	57594
5563	0.539710	7329
5563	0.539670	7205
5563	0.545721	256646
5563	0.541516	81628
5563	0.645208	126526
5563	0.540940	127557
5563	0.540045	4841
5563	0.540749	100996717
5563	0.540088	10152
5563	0.539341	22938
5563	0.540749	388677
5563	0.541107	84456
5563	0.539262	672
5563	0.540229	7020
5563	0.543436	9100
5563	0.539242	7965
5563	0.539666	166
5563	0.539899	386682
5563	0.962890	6794
5563	0.540120	3881
5563	0.538725	5717
5563	0.545684	58529
5563	0.540776	6293
5563	0.557980	22843
5563	0.559102	84307
5563	0.545669	284252
5563	0.542363	79618
5563	0.540625	2353
131566	0.096919	1956
4058	0.097134	5770
4058	0.068762	867
100293534	0.105669	324
55294	0.072418	55363
55294	0.067965	4086
55294	0.072285	55859
55294	0.106930	5604
55294	0.115923	8789
55294	0.108477	2203
55294	0.070882	2057
55294	0.070581	2176
55294	0.072765	10952
55294	0.073230	92304
55294	0.101393	207
55294	0.106018	54187
55294	0.111091	3486
55294	0.108157	7867
55294	0.114003	7111
55294	0.105187	10541
55294	0.072371	7040
55294	0.075944	5535
55294	0.102210	7706
55294	0.116183	22869
55294	0.071919	11009
55294	0.067785	6464
55294	0.075018	79695
55294	0.107854	7507
55294	0.066455	3845
55294	0.107360	54828
55294	0.106549	3265
55294	0.070499	10395
7305	0.069227	7535
7305	0.077793	3822
4145	0.105960	2064
4145	0.069661	6714
4145	0.068479	10817
4145	0.071762	4233
4145	0.068838	367
10891	0.133409	23411
10891	0.131814	7329
133383	0.098710	5336
133383	0.067684	1398
148014	0.115335	2064
5653	0.070279	5076
5653	0.073973	4046
5653	0.069167	79728
5653	0.102439	7251
7517	0.104215	7706
7517	0.074710	9902
7517	0.075713	157638
7517	0.070345	2919
7517	0.110603	5268
7517	0.069207	7031
7517	0.074705	80760
7517	0.109366	54828
7517	0.073161	29893
7517	0.075235	92304
7517	0.077771	9687
7517	0.068908	29948
92305	0.078956	91283
92305	0.073764	10395
92305	0.073187	5157
92304	0.107050	7251
92304	0.074508	6790
92304	0.079116	9530
92304	0.079198	7040
92304	0.076143	2264
3993	0.112486	5728
3993	0.121236	23513
152189	0.096919	1956
11180	0.579051	6794
11180	0.155423	672
11180	0.125092	5774
11180	0.124716	24140
57521	0.104287	253260
57521	0.103994	84335
57521	0.131128	2475
57521	0.134740	10146
57521	0.129868	5599
57521	0.108111	79899
57521	0.142191	57787
57521	0.138943	5562
57521	0.104244	64223
57521	0.103127	8408
57521	0.104886	22937
57521	0.147108	6198
2914	0.105012	801
2914	0.105061	808
2914	0.105061	805
2919	0.105403	5728
2919	0.108486	3265
2852	0.104057	5728
1796	0.069178	25
1796	0.069565	27
1796	0.069643	4067
1796	0.069815	4690
1796	0.101753	3643
1796	0.100021	5295
1796	0.070574	6464
1796	0.069893	5753
1796	0.070574	2268
1796	0.096689	1956
1796	0.069568	7409
1796	0.111187	5921
1796	0.070019	1399
1796	0.070352	1398
1796	0.071088	3702
1796	0.070511	6714
1796	0.106811	2064
1796	0.073264	7006
6098	0.069248	25
6098	0.096102	2885
6098	0.100051	5781
6098	0.098777	5770
6098	0.070297	5777
7040	0.073335	11167
7040	0.075369	155465
7040	0.075890	5157
7040	0.120008	7069
7040	0.075275	7097
7040	0.076285	4163
7040	0.122010	6768
7040	0.096033	1616
7040	0.075645	699
7040	0.074540	657
7040	0.105697	324
7040	0.080114	284366
7040	0.081734	9687
7040	0.077124	29893
7040	0.113328	54828
7040	0.099868	1956
7040	0.076467	10395
7040	0.075028	8313
7040	0.078306	64236
7040	0.073938	7048
7040	0.133109	5650
7040	0.074700	4052
7040	0.075211	6352
7040	0.130399	29122
7040	0.073649	6790
7040	0.077118	2219
7040	0.077334	27030
7040	0.072670	1029
7040	0.084601	3223
7040	0.078492	414899
7040	0.077118	8483
7040	0.074217	57504
7040	0.076992	1474
7040	0.081493	25818
7040	0.109990	2064
51204	0.106668	51719
1499	0.066951	8502
1499	0.097812	5295
1499	0.107057	56288
1499	0.066974	5745
1499	0.098619	6925
1499	0.068027	2308
1499	0.068971	2321
1499	0.069640	8313
1499	0.098152	7329
1499	0.070688	5787
1499	0.067096	2033
1499	0.100309	324
1499	0.095513	8650
1499	0.068237	2260
1499	0.069695	5800
1499	0.069314	5788
1499	0.067300	2241
1499	0.067992	5782
1499	0.101973	207
1499	0.066970	25
1499	0.104349	999
1499	0.068627	9821
1499	0.067999	1495
1499	0.067479	367
1499	0.068302	6714
1499	0.108772	51176
1499	0.094151	5599
1499	0.104602	2064
1499	0.068127	867
1499	0.106072	5795
1499	0.104110	284252
1499	0.070103	5793
1499	0.099747	23411
1499	0.067621	1003
1499	0.071642	1001
7125	0.096041	8503
7048	0.117751	22869
7048	0.091633	1616
7048	0.068934	11167
7048	0.069114	867
7048	0.069708	5156
7048	0.108497	5604
7048	0.072149	2176
7048	0.116337	51531
7048	0.107831	5516
6794	0.566566	23513
6794	0.557473	8428
6794	0.578780	29122
6794	0.570272	8789
6794	0.562542	51176
6794	0.583178	150094
6794	0.589556	79142
6794	0.557566	1073
6794	0.581490	5650
6794	0.561803	2011
6794	0.576903	4338
6794	0.565440	3486
6794	0.573549	27076
6794	0.560613	5516
6794	0.589468	4139
6794	0.554573	7251
6794	0.583178	102724428
6794	0.594407	4485
6794	0.554970	10801
6794	0.561279	5604
6794	0.554978	22919
6794	0.562947	5268
6794	0.556995	5562
6794	0.559103	1408
6794	0.553655	7534
6794	0.556214	9113
6794	0.577392	25803
6794	0.559537	10541
6794	0.562507	7867
6794	0.668562	384
6794	0.556559	7706
6794	0.600245	92335
6794	0.570533	22869
6794	0.583885	55437
6794	0.561709	54828
6794	0.560898	3265
6794	0.574853	1539
6794	0.574044	57402
6794	0.560827	56288
6794	0.560911	10382
6794	0.555257	3164
6794	0.569119	51531
6794	0.568774	55014
6794	0.562827	2203
6794	0.570391	6768
6794	0.573144	27248
6794	0.613490	4536
6794	0.987550	1586
6794	0.567067	2118
6794	0.668562	23017
6794	0.559438	1508
6794	0.560967	23646
6794	0.617236	728294
6794	0.553655	7530
6794	0.567635	229
6794	0.554534	7846
6794	0.556921	1917
6794	0.570403	10
6794	0.565160	6198
6794	0.556427	10007
6794	0.553516	23411
6794	0.560243	57787
6794	0.571862	23424
6794	0.570550	23221
6794	0.557041	6944
6794	0.557816	5728
6794	0.554800	25843
6794	0.552822	7322
6794	0.560492	51719
6794	0.557890	808
6794	0.562748	5921
6794	0.555743	207
6794	0.560368	54187
6794	0.613606	57026
6794	0.577476	8555
6794	0.618092	114790
6794	0.668562	54861
6794	0.568389	7069
6794	0.555992	7064
6794	0.573867	7743
6794	0.563794	55773
6794	0.562204	7507
6794	0.580181	51094
6794	0.558111	79155
6794	0.557841	801
6794	0.557890	805
23179	0.114516	3265
6790	0.073696	55363
6790	0.067858	11197
6790	0.120973	57402
6790	0.108208	5604
6790	0.117201	8789
6790	0.072433	29893
6790	0.116047	51531
6790	0.068317	3161
6790	0.115702	55014
6790	0.109470	51176
6790	0.120796	7743
6790	0.068333	7157
6790	0.098850	7329
6790	0.109677	5921
6790	0.074043	10952
6790	0.075188	27122
6790	0.099185	4841
6790	0.072815	1012
6790	0.077602	570
6790	0.067862	11186
6790	0.102671	207
6790	0.072903	54206
6790	0.107296	54187
6790	0.098402	672
6790	0.112369	3486
6790	0.109435	7867
6790	0.095178	1956
6790	0.106465	10541
6790	0.077222	5535
6790	0.120478	27076
6790	0.073616	64236
6790	0.075688	94240
6790	0.107542	5516
6790	0.078397	6424
6790	0.117332	10
6790	0.117461	22869
6790	0.115318	7069
6790	0.075935	7464
6790	0.073801	414899
6790	0.109132	7507
6790	0.069526	57504
6790	0.076802	25818
6790	0.101899	10801
6790	0.121782	1539
6790	0.079333	158427
6654	0.067540	4703
6654	0.094353	2885
6654	0.070512	2549
6654	0.098342	5295
6654	0.068251	3932
6654	0.068726	27040
6654	0.095009	1956
6654	0.107658	3265
6654	0.068340	1399
6654	0.068673	1398
6654	0.068737	5335
6654	0.068767	2260
6654	0.068036	3055
2312	0.081607	25818
27286	0.105156	1508
27286	0.066712	3082
5268	0.108827	841
5268	0.143589	207
5268	0.109916	4089
5268	0.109147	79728
5268	0.110271	4496
5268	0.108650	3845
5268	0.142912	8412
5268	0.115539	10942
157638	0.075026	4089
157638	0.074257	79728
157638	0.079593	9530
157638	0.107832	11200
157638	0.074724	1495
157638	0.103224	5770
157638	0.074051	4853
157638	0.076621	2264
84547	0.101421	3164
50807	0.100151	324
50807	0.093665	2885
50807	0.068049	5335
50807	0.069096	2185
50807	0.095865	5747
50807	0.068144	6714
10801	0.132125	4841
595	0.116587	22869
595	0.107763	54828
595	0.068368	4086
595	0.067105	1029
595	0.123530	8555
595	0.104172	999
595	0.097526	672
595	0.071940	1012
595	0.070985	2176
595	0.127544	5650
595	0.078458	158427
595	0.076347	5535
595	0.074549	284366
595	0.117916	23424
595	0.067303	367
595	0.068126	6714
595	0.111493	3486
595	0.067688	3642
595	0.115173	51531
4651	0.068033	1630
4651	0.104043	801
4651	0.104092	808
4651	0.104092	805
3146	0.078871	7157
3146	0.484454	5327
279	0.127427	3480
117159	0.074980	11009
117157	0.069732	3815
117157	0.070816	4233
117157	0.070395	2549
117157	0.067848	6504
117157	0.096436	5747
117157	0.067892	367
117157	0.105014	2064
2549	0.071796	10045
2549	0.098454	8503
2549	0.070396	6850
2549	0.099774	5296
2549	0.100233	5295
2549	0.071427	53358
2549	0.070628	5335
2549	0.101590	5336
2549	0.070255	9306
2549	0.070027	4690
2549	0.072929	84951
2549	0.069856	4067
2549	0.096244	2885
2549	0.070023	9047
2549	0.108493	5795
2549	0.069352	9402
2549	0.073108	5787
2549	0.111399	5921
2549	0.070232	1399
2549	0.070564	1398
2549	0.069780	7409
2549	0.072115	5800
2549	0.071735	5788
2549	0.071350	29760
2549	0.100194	5781
2549	0.101965	3643
2549	0.071272	64759
2549	0.070412	5782
2549	0.070142	3932
2549	0.070105	5753
2549	0.096901	1956
2549	0.071347	9846
2549	0.075079	84174
2549	0.071300	3702
2549	0.103717	8412
2549	0.070723	6714
2549	0.069928	3055
2549	0.070119	9021
2549	0.073476	7006
2549	0.071688	6503
2549	0.071101	7145
2549	0.070786	6464
2549	0.069653	84941
2549	0.071476	640
2549	0.071708	4486
2549	0.072524	5793
2549	0.070851	695
57594	0.131900	166
57594	0.137018	5562
57594	0.127616	2885
79728	0.073254	9902
79728	0.114589	7069
79728	0.116603	10
79728	0.072175	54206
79728	0.071573	1474
79728	0.072469	11009
79728	0.074863	3598
79728	0.097673	672
79728	0.067227	63978
79728	0.076507	54897
79728	0.107910	54828
79728	0.069792	6352
79728	0.119749	27076
79728	0.116750	23221
79728	0.076315	9687
79729	0.096919	1956
81628	0.130502	166
81628	0.135620	5562
1408	0.135474	672
522	0.073172	388753
522	0.155874	514
284366	0.074375	841
284366	0.080032	9530
284366	0.108271	11200
284366	0.113236	5795
284366	0.075806	5076
2263	0.068428	4734
2263	0.095217	2885
2263	0.073599	54206
2263	0.074259	55859
2263	0.121668	57402
2263	0.080607	3223
2263	0.069176	7031
2263	0.070222	57504
2263	0.072696	91608
2263	0.069601	5335
2263	0.076684	26035
2263	0.074312	64236
2263	0.118175	23221
2260	0.068281	4690
2260	0.098488	5295
2260	0.067709	4734
2260	0.104891	2888
2260	0.105024	999
2260	0.067796	10817
2260	0.068360	5753
2260	0.068034	7409
2260	0.068882	5335
2260	0.068819	1398
2260	0.069554	3702
2260	0.068651	10818
2260	0.069338	2065
2264	0.074069	29893
2264	0.069493	11197
2264	0.116953	7069
2264	0.074539	54206
2264	0.069942	22794
2264	0.075437	414899
2264	0.071162	57504
2264	0.073635	91608
2264	0.077623	26035
2264	0.075251	64236
2264	0.077324	94240
2264	0.069816	29948
64427	0.106568	5728
2768	0.103744	999
2768	0.094541	5580
2768	0.070450	7006
1154	0.073977	2119
1154	0.096309	1956
1154	0.106430	2064
1154	0.073290	2057
1154	0.069578	2690
1337	0.093766	2885
222826	0.071745	116449
50863	0.206846	126526
50863	0.100796	887
5670	0.074134	4089
8835	0.101312	3643
8835	0.073229	2057
8835	0.071086	3815
8835	0.112705	3480
8835	0.071021	2185
8835	0.097791	5747
8835	0.072170	4233
8835	0.069517	2690
9846	0.103338	207
9846	0.095188	2885
9846	0.099178	5295
9846	0.099138	5781
9846	0.069176	1399
100996717	0.100437	5866
100996717	0.104800	4241
100996717	0.138102	57787
100996717	0.098749	10817
100996717	0.129736	166
100996717	0.099136	3055
100996717	0.129969	386682
5770	0.098518	5159
5770	0.127848	3717
5770	0.096546	22794
5770	0.098918	155465
5770	0.097134	27040
5770	0.145718	23221
5770	0.095907	25
5770	0.096562	857
5770	0.100399	2057
5770	0.128482	3643
5770	0.096424	11311
5770	0.101054	1012
5770	0.528419	3667
5770	0.105474	54897
5770	0.139875	3480
5770	0.096712	6521
5770	0.123417	1956
5770	0.098760	6352
5770	0.097240	6714
5770	0.099340	4233
5770	0.156658	5650
5770	0.102222	9902
5770	0.143558	7069
5770	0.097323	4916
5770	0.129090	4914
5770	0.099236	4915
5770	0.095972	3845
5770	0.136877	54828
5770	0.096604	6776
5770	0.096687	2690
5774	0.101784	207
5774	0.104413	2064
5774	0.070214	4233
5774	0.099355	3643
5774	0.067560	2690
5777	0.070038	5159
5777	0.073190	89858
5777	0.099598	3716
5777	0.073190	11006
5777	0.095603	5580
5777	0.094280	2885
5777	0.073190	3804
5777	0.098270	5295
5777	0.098569	7205
5777	0.068179	3932
5777	0.071918	2057
5777	0.068558	6452
5777	0.073190	100132285
5777	0.069711	2185
5777	0.096480	5747
5777	0.073190	115653
5777	0.068433	6850
25970	0.146153	3643
25970	0.145518	3717
25970	0.157546	3480
25970	0.146761	4914
25970	0.116906	4915
25970	0.546090	3667
25970	0.121151	10603
25970	0.141088	1956
25970	0.113729	10817
25970	0.134927	9856
25970	0.140078	57127
25970	0.117011	4233
2047	0.068051	4690
2047	0.067554	2886
2047	0.069631	2887
2047	0.068572	867
2047	0.094268	2885
6272	0.068015	4916
6272	0.099782	4914
6272	0.069928	4915
6272	0.066974	4803
11006	0.102945	5781
6503	0.096186	1956
6503	0.106308	2064
11009	0.077274	4046
11009	0.073239	4089
11009	0.108984	5728
11009	0.073938	5290
11009	0.077805	9530
11009	0.112066	3265
11009	0.106045	11200
11009	0.072149	841
11009	0.073565	9821
11009	0.105247	324
11009	0.106911	207
11009	0.071972	3845
11009	0.072264	4853
11009	0.072556	3161
695	0.096902	8503
695	0.094692	2885
695	0.112259	6198
695	0.068996	867
695	0.068348	367
695	0.068515	51206
695	0.071272	4233
695	0.069798	29760
695	0.069227	5328
695	0.068535	6776
5571	0.103581	5784
5571	0.105114	3783
5571	0.110557	96459
5571	0.136051	5565
5571	0.138976	9113
5571	0.139757	5562
5571	0.109447	201163
5571	0.103940	8408
5571	0.143967	5564
5571	0.103464	7003
5571	0.104094	154810
5571	0.130507	7531
5571	0.134872	386682
5571	0.107649	51422
6504	0.067508	7157
6504	0.097647	5781
640	0.070813	3815
640	0.071897	4233
640	0.095974	1956
640	0.068973	367
640	0.106095	2064
64902	0.117061	229
79618	0.107104	54942
79618	0.136514	6944
79618	0.136468	5562
79618	0.100751	159162
4953	0.116259	55014
4953	0.118018	22869
4953	0.074252	55363
4953	0.107853	54187
4953	0.078158	570
4953	0.108764	5604
4953	0.115837	7111
4953	0.079890	158427
4953	0.068248	51686
4953	0.119347	23424
1539	0.125467	27030
1539	0.124418	4163
1539	0.123021	4893
1539	0.123778	699
1539	0.120804	1029
1539	0.148002	1956
1539	0.122864	4595
1539	0.158124	2064
10146	0.133338	9100
10146	0.100300	1445
10146	0.126386	26260
10146	0.099182	3932
3804	0.102945	5781
3801	0.129318	10152
3801	0.129350	3881
3801	0.131592	7251
3801	0.130005	6293
3801	0.135137	999
3801	0.129867	54550
3801	0.130169	653121
3801	0.098577	144100
3801	0.128896	166
3801	0.130169	127557
53358	0.100005	3881
53358	0.070763	3815
53358	0.106046	2064
53358	0.071742	4915
53358	0.095924	1956
53358	0.068923	367
53358	0.071847	4233
53358	0.070107	2065
54550	0.122161	1616
54550	0.100374	135
54550	0.129199	7965
54550	0.129462	83878
55714	0.074134	4089
64223	0.069240	84335
64223	0.073358	79899
64223	0.096375	2475
64223	0.069533	253260
64223	0.112355	6198
10382	0.108494	23231
10382	0.133738	55023
10382	0.106633	284004
10382	0.107444	3642
10382	0.107204	196383
83878	0.128944	3881
83878	0.131186	7251
3293	0.085159	27030
3293	0.084110	4163
3293	0.083471	699
3293	0.117563	999
3293	0.080882	673
3293	0.081213	1495
3293	0.117816	2064
3293	0.084293	10395
55014	0.117329	7097
55014	0.117699	699
55014	0.116941	4893
55014	0.115743	4089
55014	0.119388	27030
55014	0.151790	999
55014	0.141922	1956
55014	0.114477	3845
55014	0.115441	1495
55014	0.115434	5782
55014	0.115745	6714
55014	0.118521	10395
857	0.069643	5159
857	0.067032	25
857	0.067419	27
857	0.069250	2887
857	0.068364	4089
857	0.102508	9113
857	0.067693	3791
857	0.068783	5156
857	0.068903	1445
857	0.094543	1956
857	0.107192	3265
857	0.109041	5921
857	0.068270	5335
857	0.067543	367
857	0.069940	2697
857	0.068365	6714
9610	0.066492	25
9610	0.066879	27
9610	0.093498	7531
9610	0.067432	56899
9610	0.094003	1956
9610	0.106651	3265
9610	0.104124	2064
9610	0.068186	2065
83401	0.093984	200958
3458	0.072001	3459
51343	0.149587	10
51343	0.127104	5599
51343	0.102775	6352
51343	0.147572	7069
51343	0.100587	7157
51343	0.105818	55859
51343	0.566734	1586
51343	0.106055	414899
51343	0.101780	57504
51343	0.104688	29893
51343	0.107442	27122
51343	0.107942	94240
266747	0.114516	3265
23396	0.104013	999
220164	0.096237	1956
220164	0.106359	2064
220164	0.100090	11030
7003	0.093346	7531
7003	0.101815	9113
7003	0.102596	5562
7003	0.066420	5784
7003	0.066933	154810
7003	0.098915	3643
9021	0.099681	3643
9021	0.099047	3717
9021	0.067197	5170
9021	0.069455	3815
9021	0.111074	3480
9021	0.067490	3572
9021	0.094616	1956
9021	0.099277	3716
9021	0.069390	2185
9021	0.096160	5747
9021	0.067615	367
9021	0.067739	9047
9021	0.070539	4233
7006	0.102404	3717
7006	0.071486	5782
7006	0.072813	3815
7006	0.100847	5296
7006	0.108095	2064
7006	0.072147	5796
7006	0.109566	5795
7006	0.074181	5787
7006	0.073597	5793
7006	0.070408	10672
7006	0.075785	8651
7006	0.099527	8503
7006	0.073189	5800
7006	0.073897	4233
7006	0.072807	5788
4536	0.160461	6714
8408	0.095257	2475
8408	0.107283	5564
8408	0.099999	4914
8408	0.072763	201163
8408	0.068474	9821
8408	0.103072	5562
84941	0.095703	8503
84941	0.068989	3815
84941	0.067813	1398
84941	0.067150	367
84941	0.070073	4233
64759	0.070609	3815
64759	0.105892	2064
64759	0.095770	1956
64759	0.069282	5782
64759	0.097313	5747
64759	0.069593	6714
64759	0.071693	4233
64759	0.069954	2065
201163	0.114410	2203
201163	0.078352	55363
201163	0.079379	96459
201163	0.111952	54187
201163	0.087658	8577
201163	0.083988	158427
201163	0.119219	229
201163	0.087658	100526694
5797	0.068975	1500
5797	0.105463	999
5797	0.068835	3932
5796	0.100636	3643
5796	0.070672	5159
5796	0.068153	5170
5796	0.098257	5717
5796	0.105693	2064
5796	0.069219	867
5796	0.068813	3932
5796	0.069932	1445
5796	0.071495	4233
5796	0.072896	7010
5796	0.068841	2690
5795	0.108091	5159
5795	0.137421	3717
5795	0.105571	5170
5795	0.111508	55363
5795	0.106119	22794
5795	0.115415	570
5795	0.146020	5604
5795	0.106707	27040
5795	0.105461	8502
5795	0.109110	238
5795	0.117723	3223
5795	0.158290	27076
5795	0.120815	100526694
5795	0.153860	51531
5795	0.110662	2322
5795	0.107482	2321
5795	0.147567	2203
5795	0.105768	63978
5795	0.109972	2057
5795	0.106729	7075
5795	0.106141	3791
5795	0.107350	1445
5795	0.106372	1500
5795	0.109672	2176
5795	0.147489	5921
5795	0.145354	5516
5795	0.106718	5335
5795	0.138055	3643
5795	0.116209	6424
5795	0.113501	94240
5795	0.110314	7010
5795	0.107829	3815
5795	0.129522	3953
5795	0.145109	54187
5795	0.106232	3932
5795	0.120815	8577
5795	0.144278	10541
5795	0.117145	158427
5795	0.115034	5535
5795	0.108913	4233
5795	0.166231	5650
5795	0.141300	7706
5795	0.155274	22869
5795	0.572291	1586
5795	0.138663	4914
5795	0.106637	867
5795	0.132991	1956
5795	0.145639	3265
5795	0.143112	2064
5795	0.106260	2690
5793	0.102086	3643
5793	0.072122	5159
5793	0.069602	5170
5793	0.074003	2057
5793	0.070760	7075
5793	0.070668	867
5793	0.070263	3932
5793	0.107144	2064
5793	0.071382	1445
5793	0.073141	238
5793	0.072944	4233
5793	0.102694	4914
5793	0.074346	7010
5791	0.073424	5159
51335	0.077159	53632
9949	0.098801	11030
9949	0.070108	8313
8938	0.110046	2064
558	0.096687	8503
558	0.098006	5296
558	0.098466	5295
558	0.068375	3932
558	0.069493	1445
558	0.068861	5335
558	0.095579	26260
558	0.072944	8651
2867	0.124571	3480
57787	0.137472	3881
57787	0.105945	4734
57787	0.138102	100996763
57787	0.138102	388677
238	0.071489	5803
238	0.073725	5787
3066	0.091539	7157
3066	0.121687	22938
3066	0.523386	3667
3066	0.128252	999
3066	0.092732	57504
81788	0.107254	9113
11186	0.090247	1616
11186	0.066622	83593
11186	0.140239	4485
11186	0.108037	7507
11186	0.106731	3265
11186	0.068094	116449
51422	0.110990	5564
51422	0.103075	5565
192683	0.070072	5328
7075	0.069971	5788
7075	0.098990	11030
26191	0.070848	5159
26191	0.068329	5170
26191	0.096414	5580
26191	0.101420	4914
26191	0.068989	3932
26191	0.095748	1956
26191	0.068338	7535
26191	0.105870	2064
26191	0.069017	2690
140597	0.106278	2064
140597	0.096603	26260
5921	0.110997	5159
5921	0.110916	4893
5921	0.109479	1630
5921	0.109023	4690
5921	0.111673	699
5921	0.110568	657
5921	0.141726	324
5921	0.108896	367
5921	0.110736	3815
5921	0.109138	3932
5921	0.135897	1956
5921	0.148545	3265
5921	0.112495	10395
5921	0.109719	6714
5921	0.111820	4233
5921	0.113362	27030
5921	0.108699	1029
5921	0.146018	2064
5921	0.110080	2065
5921	0.108380	2066
9306	0.096306	8503
9306	0.069592	3815
9306	0.068416	1398
9306	0.098424	7329
9306	0.094753	1956
9306	0.067393	10817
9306	0.068764	116449
9306	0.067752	367
9306	0.070676	4233
284004	0.068000	5662
284004	0.067116	196383
29760	0.068974	4690
29760	0.070686	3815
29760	0.095191	2885
29760	0.068847	367
29760	0.105969	2064
29760	0.068299	9402
23387	0.106942	7205
23387	0.079276	200186
153443	0.584624	6517
57530	0.101873	9113
9113	0.170581	4139
9113	0.133443	3881
9113	0.101916	4734
9113	0.102717	668
9113	0.147678	23513
9113	0.138929	5728
9113	0.101932	5784
9113	0.175520	4485
9113	0.101833	8502
9113	0.141939	56288
9113	0.138107	5562
9113	0.134377	11059
9113	0.102445	154810
9113	0.128858	7531
57536	0.099974	324
3708	0.098312	672
3708	0.102582	207
3708	0.071054	200186
5535	0.079218	699
5535	0.077263	4089
5535	0.080907	27030
5535	0.079464	5157
5535	0.076954	5782
5535	0.080041	10395
5535	0.109271	324
3702	0.068920	9047
3702	0.105919	2064
3702	0.069515	27040
3702	0.095798	1956
3702	0.069525	5335
3702	0.071720	4233
3702	0.069981	2065
29995	0.069005	53632
29995	0.094984	26260
56479	0.103961	801
56479	0.104010	808
56479	0.104010	805
4916	0.073101	25759
4914	0.099560	25
4914	0.532072	3667
4914	0.100582	5782
4914	0.099625	4734
4914	0.107134	10603
4914	0.103278	5787
4914	0.100956	6464
4914	0.100567	10818
4914	0.133931	8660
4914	0.104868	25759
4914	0.099935	4803
4914	0.102286	5800
4914	0.101905	5788
4914	0.100798	5335
4915	0.070343	4690
4915	0.100549	5295
4915	0.069872	64802
4915	0.097216	1956
4915	0.070943	5335
940	0.066357	9402
940	0.097238	5295
284252	0.135219	7020
284252	0.134700	7329
284252	0.136858	324
26260	0.526846	3667
26260	0.094994	3791
26260	0.095078	59067
26260	0.098068	660
26260	0.121844	1956
26260	0.096084	5156
26260	0.131706	79155
1474	0.105338	8412
1474	0.071367	4853
388677	0.100437	5866
388677	0.104800	4241
388677	0.098749	10817
388677	0.129736	166
388677	0.099136	3055
388677	0.129969	386682
685	0.106493	2064
685	0.096371	1956
685	0.100453	3881
26269	0.113302	382
4734	0.069052	5159
4734	0.068017	4086
4734	0.066442	25
4734	0.103518	5728
4734	0.066828	27
4734	0.068659	2887
4734	0.098525	7322
4734	0.107506	2011
4734	0.101445	207
4734	0.110409	3480
4734	0.068443	2321
4734	0.108209	7867
4734	0.093952	1956
4734	0.067774	6714
4734	0.100812	8660
4734	0.110863	6198
4734	0.068135	2065
4734	0.066436	2066
1495	0.068983	4086
1495	0.077341	570
1495	0.107947	5604
1495	0.116940	8789
1495	0.078182	23401
1495	0.118529	23424
1495	0.109494	2203
1495	0.098588	7329
1495	0.100746	324
1495	0.102411	207
1495	0.107035	54187
1495	0.104786	999
1495	0.094917	1956
1495	0.107566	3265
1495	0.114302	229
1495	0.078135	6424
1495	0.117200	22869
1495	0.076592	6423
1495	0.120535	7743
1495	0.075527	1515
1495	0.068057	1003
1495	0.072079	1001
5170	0.094909	2475
5170	0.101472	207
5170	0.094645	5580
5170	0.068813	5788
5170	0.069405	10307
5170	0.110890	6198
5170	0.068339	1445
5170	0.070186	5787
5170	0.067491	5782
5170	0.069194	5800
54453	0.094422	1956
54453	0.104543	2064
401152	0.105012	801
401152	0.105061	808
401152	0.105061	805
57326	0.124374	1616
57326	0.102032	6714
57326	0.131542	5295
57326	0.127553	2885
2596	0.104553	801
2596	0.104602	808
2596	0.104602	805
2596	0.095627	5580
8428	0.140743	2064
8428	0.103929	57464
7957	0.135273	5565
7957	0.138979	5562
27040	0.068611	6850
27040	0.094459	2885
27040	0.068357	3932
27040	0.067706	7535
27040	0.095115	1956
27040	0.068843	5335
130	0.066545	83593
130	0.066560	3845
130	0.067726	26057
130	0.150950	84268
5745	0.103484	801
5745	0.103532	808
5745	0.103532	805
135	0.102446	9266
135	0.105416	808
135	0.105367	801
135	0.105416	805
5747	0.124495	8503
5747	0.527944	3667
5747	0.096672	55715
5747	0.096669	5335
5747	0.096523	1630
5747	0.132508	5728
5747	0.137518	2203
5747	0.095571	2886
5747	0.095896	4067
5747	0.122285	2885
5747	0.128771	324
5747	0.096605	1398
5747	0.096272	1399
5747	0.097433	2321
5747	0.122942	1956
5747	0.097088	9821
5747	0.096764	6714
5747	0.095968	3055
5747	0.096064	9047
5747	0.096588	867
5747	0.096097	7157
5747	0.133064	2064
22938	0.120866	1616
22938	0.098522	4089
22938	0.097255	3845
22938	0.129968	23411
100526694	0.118789	5728
100526694	0.086688	27030
100526694	0.084999	699
100526694	0.082025	1029
100526694	0.085821	10395
100526694	0.115052	324
154810	0.067050	5784
154810	0.103225	5562
154810	0.093976	7531
5076	0.103871	7706
5076	0.074366	9902
5076	0.068338	63978
5076	0.095232	5599
5076	0.073946	55859
5076	0.075975	3598
5076	0.074184	414899
5076	0.072383	91608
5076	0.076371	26035
5076	0.068568	11311
118430	0.115335	2064
1833	0.098710	5336
1833	0.067684	1398
27	0.067401	4690
27	0.095828	8503
27	0.069113	3815
27	0.104397	2064
27	0.094275	1956
27	0.068002	5335
27	0.067938	1398
27	0.067274	367
27	0.067302	3055
27	0.070197	4233
27	0.068458	2065
27	0.066758	2066
5580	0.527066	3667
5580	0.095219	7157
5580	0.094499	10672
5580	0.094680	2033
5580	0.094532	4582
56899	0.094828	1956
56899	0.104950	2064
56899	0.067311	2066
8493	0.076535	27122
8493	0.075329	9902
8493	0.069527	29948
8493	0.118678	10
8493	0.074249	54206
8493	0.078581	54897
8493	0.121824	27076
8493	0.075324	80760
8493	0.077335	26035
8493	0.118825	23221
8493	0.077035	94240
23125	0.104207	801
23125	0.104256	808
23125	0.104256	805
4987	0.075164	5368
4987	0.108108	5728
23294	0.095538	8503
23294	0.093984	1956
23294	0.104106	2064
23294	0.067497	5782
23294	0.066468	2066
2011	0.108989	23303
9687	0.081120	4046
9687	0.075995	841
9687	0.077085	4089
9687	0.077410	9821
9687	0.110080	8412
9687	0.115913	3265
9687	0.076402	3161
3598	0.074543	841
3598	0.109305	207
3598	0.118269	3480
3598	0.074658	4853
3598	0.076331	5290
3598	0.080200	9530
3598	0.111933	2064
3598	0.075959	9821
54206	0.071855	841
54206	0.098466	2885
54206	0.077511	9530
54206	0.099123	1956
54206	0.073270	9821
54206	0.105940	8412
54206	0.072945	6714
54206	0.109245	2064
4595	0.070325	4086
4595	0.078684	570
4595	0.075125	10952
4595	0.078051	91283
4595	0.110214	7507
4595	0.072941	2176
4595	0.080415	158427
4595	0.119872	23424
4595	0.108909	3265
3932	0.068367	5335
3932	0.068135	6850
3932	0.068021	1500
3932	0.070847	5787
3932	0.068152	5782
3932	0.067230	7535
3932	0.067639	367
3932	0.069854	5800
3932	0.069473	5788
3932	0.069478	3815
3932	0.097863	672
3932	0.068611	5803
3932	0.068462	6714
3932	0.070563	4233
1956	0.125829	3717
1956	0.097622	660
1956	0.123881	3326
1956	0.093888	25
1956	0.094408	10810
1956	0.100263	10952
1956	0.095899	55620
1956	0.131267	999
1956	0.138589	3486
1956	0.094603	5753
1956	0.094397	367
1956	0.107265	84909
1956	0.095220	6714
1956	0.097321	4233
1956	0.133762	5516
1956	0.121069	5599
1956	0.094354	84709
1956	0.131520	2064
1956	0.095581	2065
1956	0.093882	2066
1956	0.094894	6850
1956	0.095410	116449
1956	0.094901	10044
1956	0.095638	5156
1956	0.094602	6900
1956	0.096919	643535
1956	0.099195	25759
1956	0.095284	2268
1956	0.098080	2176
1956	0.094729	1399
1956	0.095061	1398
1956	0.093989	7535
1956	0.126804	7534
1956	0.126804	7530
1956	0.526400	3667
1956	0.135655	7867
1956	0.130159	382
1956	0.096760	399694
1956	0.094353	4067
1956	0.143682	22869
1956	0.094585	6776
1956	0.094538	1003
1956	0.122952	8503
1956	0.096825	10307
1956	0.095129	55715
1956	0.095126	5335
1956	0.104663	23401
1956	0.142267	51531
1956	0.128069	9266
1956	0.096805	7097
1956	0.097426	84951
1956	0.094239	1634
1956	0.096105	2887
1956	0.120742	2885
1956	0.094553	7157
1956	0.093850	9402
1956	0.094780	1500
1956	0.097606	5787
1956	0.124691	5781
1956	0.094910	5782
1956	0.095180	3084
1956	0.096232	5788
1956	0.096294	10045
1956	0.096871	10019
1956	0.122430	8650
1956	0.127683	7846
1956	0.094862	8471
1956	0.101714	966
1956	0.095045	867
1956	0.094278	7409
1956	0.096919	23007
1956	0.125985	2353
1956	0.126088	5336
1956	0.099916	55363
1956	0.124271	5296
1956	0.124731	5295
1956	0.097059	8404
1956	0.094525	4690
1956	0.127948	25843
1956	0.095758	1445
1956	0.096919	1299
1956	0.099577	84174
1956	0.128891	207
1956	0.143537	10076
1956	0.133516	54187
1956	0.094425	3055
1956	0.094521	9047
1956	0.094822	26469
1956	0.095283	6464
1956	0.131039	808
1956	0.130990	801
1956	0.093866	4582
1956	0.131039	805
1956	0.105553	158427
3265	0.111345	8036
3265	0.107868	4089
3265	0.137379	5295
3265	0.110031	221527
3265	0.108567	5290
3265	0.114978	51196
3265	0.109823	699
3265	0.108718	657
3265	0.106587	83593
3265	0.143916	999
3265	0.107235	673
3265	0.110069	5157
3265	0.139111	3643
3265	0.107925	5328
3265	0.164577	29122
3265	0.133718	5599
3265	0.111512	27030
3265	0.106849	1029
3265	0.112670	414899
51686	0.098980	84456
51686	0.067977	4086
10116	0.092860	9856
84909	0.083042	699
84909	0.082284	4893
84909	0.081087	4089
84909	0.084731	27030
84909	0.117134	999
84909	0.081937	657
84909	0.083864	10395
84909	0.080067	1029
6714	0.096774	8503
6714	0.068716	6850
6714	0.077645	570
6714	0.108250	5604
6714	0.117243	8789
6714	0.068948	5335
6714	0.068175	4067
6714	0.116090	51531
6714	0.073738	55363
6714	0.071304	6004
6714	0.069928	2887
6714	0.120839	7743
6714	0.068344	9047
6714	0.068371	3791
6714	0.071902	2176
6714	0.068884	1398
6714	0.068220	367
6714	0.098553	5295
6714	0.102714	207
6714	0.070059	3815
6714	0.107339	54187
6714	0.109478	7867
6714	0.114605	229
6714	0.071143	4233
6714	0.107584	5516
6714	0.069106	6464
6714	0.076339	79695
6714	0.068867	867
6714	0.069404	2065
6714	0.068376	7157
6714	0.109175	7507
6714	0.098514	5781
6714	0.075830	1515
6714	0.112131	6198
6714	0.067688	4582
4139	0.208774	4485
4139	0.180933	23513
4139	0.154052	2702
3560	0.102289	3716
9902	0.107696	207
9902	0.078590	9530
9902	0.074349	9821
7251	0.100253	84440
7251	0.146037	23513
7251	0.100627	9091
7251	0.101023	7031
7251	0.123886	1616
7251	0.131392	7329
7251	0.100720	367
7251	0.101765	387535
7251	0.102617	10045
7251	0.136030	7706
7251	0.131802	3881
7251	0.158251	29122
7251	0.147861	7069
7251	0.102069	57504
7251	0.104543	91608
7251	0.141181	54828
7251	0.103119	2697
7251	0.109345	25818
7253	0.113933	23513
22843	0.152085	5562
102724428	0.128982	64802
102724428	0.132292	200186
4485	0.141103	2308
4485	0.185871	23513
4485	0.142363	4486
4485	0.200374	9407
4486	0.103700	207
4486	0.069853	867
4486	0.101611	7534
4486	0.095701	7531
4486	0.101611	7530
80328	0.081825	5156
55023	0.526079	3667
51292	0.104010	2064
6850	0.097767	5296
6850	0.098226	5295
6850	0.068515	6452
6850	0.068621	5335
6850	0.072566	2322
6850	0.067849	4067
6850	0.070817	4233
6850	0.068779	2268
6850	0.067893	367
6850	0.069733	3815
6850	0.068188	6521
6850	0.101178	7846
6850	0.068017	9047
6850	0.111804	6198
6850	0.068541	867
6850	0.104534	808
6850	0.067773	7409
6850	0.104534	805
6850	0.104485	801
6850	0.105015	2064
6850	0.069077	2065
6850	0.067378	2066
22794	0.067257	841
22794	0.102020	207
22794	0.093869	2885
22794	0.067328	1029
22794	0.100355	324
5336	0.100579	2321
5336	0.098935	55888
5336	0.103069	2057
5336	0.099243	7157
5336	0.136209	2064
5336	0.129420	5295
5336	0.531089	3667
5336	0.100927	3815
5336	0.099815	5335
5336	0.099087	367
5336	0.102011	4233
7031	0.102193	207
7031	0.100529	324
2308	0.096499	8503
2308	0.102439	207
2308	0.067561	2033
2308	0.100212	23411
2308	0.067945	367
4046	0.124555	27076
4046	0.119395	7069
200958	0.076976	4233
200958	0.120438	229
51196	0.077349	4893
25759	0.073687	2321
25759	0.074034	3815
25759	0.075118	4233
25759	0.072346	3791
25759	0.109317	2064
10870	0.101281	5295
51206	0.067519	4067
51206	0.104205	808
51206	0.067895	1399
51206	0.104156	801
51206	0.067591	3055
51206	0.104205	805
55607	0.066882	84687
55607	0.110858	6198
3667	0.527953	8503
3667	0.531060	3716
3667	0.533071	9266
3667	0.529273	5296
3667	0.529732	5295
3667	0.530830	3717
3667	0.527750	57162
3667	0.525743	2885
3667	0.536137	2888
3667	0.529693	5781
3667	0.527330	2475
3667	0.527432	8650
3667	0.525895	7531
3667	0.548539	10076
3667	0.542857	3480
3667	0.535160	382
3667	0.531465	3643
3667	0.531799	780
3667	0.526071	5599
3667	0.536522	2064
3667	0.533260	8660
3667	0.533216	8412
3667	0.543311	6198
6580	0.473218	29956
79899	0.073401	253260
79899	0.100242	2475
79899	0.075178	79109
79949	0.096034	8503
79949	0.093824	2885
1436	0.072463	8651
1436	0.067104	9402
1436	0.097985	5295
1436	0.068299	867
1436	0.093995	2885
206358	0.104057	5728
7145	0.070438	3815
7145	0.068240	10817
7145	0.072198	10395
7145	0.068599	367
7145	0.101004	7534
7145	0.071522	4233
7145	0.101004	7530
79695	0.078293	699
79695	0.075318	1029
79695	0.079981	27030
79695	0.112384	999
79695	0.077036	5290
79695	0.077187	657
79695	0.074984	4582
253260	0.071353	79109
253260	0.069283	84335
253260	0.102981	207
253260	0.096417	2475
253260	0.100754	23411
253260	0.112397	6198
1003	0.067009	8502
1003	0.107116	56288
1003	0.070746	5787
1003	0.067094	3845
514	0.622361	1586
1001	0.108429	999
89858	0.102945	5781
8503	0.098052	5159
8503	0.096963	116449
8503	0.097472	5290
8503	0.095786	5291
8503	0.096075	9047
8503	0.096078	4690
8503	0.095592	10817
8503	0.096615	1398
8503	0.095951	367
8503	0.095772	2241
8503	0.128016	3643
8503	0.097791	3815
8503	0.139409	3480
8503	0.128020	84456
8503	0.095978	3055
8503	0.098875	4233
8503	0.096398	79970
8503	0.096599	867
8503	0.096034	26167
8503	0.133074	2064
8503	0.097135	2065
8502	0.068703	5788
8502	0.103738	999
23550	0.111596	382
10307	0.106946	2064
57402	0.154686	207
57402	0.119924	841
57402	0.121013	4089
10653	0.107516	1508
9530	0.078171	55859
9530	0.125086	27076
9530	0.122087	23221
9530	0.080296	94240
9530	0.080596	26035
9530	0.081843	54897
9530	0.072564	63978
9530	0.078586	80760
9530	0.075128	6352
9530	0.078224	64236
9530	0.133026	5650
9530	0.121940	10
9530	0.119926	7069
9530	0.074134	57504
9530	0.076608	91608
9530	0.113246	54828
9530	0.081410	25818
5662	0.104186	382
100996763	0.100437	5866
100996763	0.104800	4241
100996763	0.098749	10817
100996763	0.129736	166
100996763	0.099136	3055
100996763	0.129969	386682
6925	0.098540	29948
6925	0.121702	1616
6925	0.130577	5565
6925	0.129209	7329
6925	0.098178	10817
6925	0.132545	3164
6925	0.135659	2064
6925	0.129165	166
23086	0.100504	324
51531	0.115849	1630
51531	0.117287	4893
51531	0.118044	699
51531	0.151834	5728
51531	0.116939	657
51531	0.118866	10395
51531	0.118683	4163
51531	0.152390	2064
6539	0.116213	23513
2886	0.099091	3643
2886	0.068866	3815
2886	0.104149	2064
2886	0.103667	808
2886	0.071351	7010
2886	0.067027	367
2886	0.103619	801
2886	0.069950	4233
2886	0.068211	2065
2886	0.103667	805
2886	0.097321	5781
2887	0.103599	207
2887	0.070944	3815
2887	0.071124	4893
2887	0.112563	3480
2887	0.069255	3791
2887	0.109134	5604
2887	0.101169	3643
2057	0.071567	6776
2057	0.101712	5295
2057	0.074587	5787
2057	0.072107	5335
2057	0.073595	5800
2057	0.073214	5788
2885	0.095842	5159
2885	0.125402	3716
2885	0.123615	5296
2885	0.094753	116449
2885	0.094469	5335
2885	0.093766	90843
2885	0.098065	7010
2885	0.093231	25
2885	0.133697	5564
2885	0.093357	2033
2885	0.094238	10818
2885	0.124074	5295
2885	0.095580	3815
2885	0.093741	367
2885	0.093766	165
2885	0.124369	166
2885	0.096665	4233
2885	0.130387	58529
2885	0.094627	6464
2885	0.094389	867
2885	0.093824	26167
2885	0.127602	8660
2885	0.093621	7409
2885	0.156377	55437
2885	0.130863	2064
2885	0.094925	2065
2885	0.093225	2066
2885	0.093209	4582
25984	0.105669	324
2888	0.136199	3643
2888	0.106153	4893
2888	0.147592	3480
2888	0.103775	10817
2888	0.104161	3055
2888	0.107057	4233
2888	0.108458	7010
400745	0.115335	2064
2119	0.072066	367
2119	0.102289	672
2119	0.079411	3235
1500	0.068088	144100
1500	0.104648	999
1500	0.069903	8613
1500	0.067247	4582
26034	0.104433	9266
3084	0.069363	2065
3084	0.067664	2066
1508	0.105808	10544
3082	0.070066	4233
3082	0.097366	672
10152	0.129528	3881
10152	0.134192	5562
10152	0.129079	7205
10152	0.129075	166
8613	0.106088	5728
7490	0.070348	6352
7490	0.115146	7069
7490	0.117160	10
7490	0.074621	126374
7490	0.098678	7329
7490	0.077063	54897
7490	0.098866	386682
7490	0.128246	5650
9091	0.068369	4086
10019	0.106993	2064
10019	0.072795	4233
10019	0.071055	2065
10019	0.071711	3815
8577	0.118789	5728
8577	0.086688	27030
8577	0.084999	699
8577	0.082025	1029
8577	0.085821	10395
8577	0.115052	324
80762	0.104520	5728
10395	0.076515	55363
10395	0.072063	4086
10395	0.080421	570
10395	0.118100	7111
10395	0.121609	23424
10395	0.074678	2176
10395	0.105491	207
10395	0.112254	7867
10395	0.127224	8555
10395	0.081215	6424
10395	0.120280	22869
10395	0.120020	8789
10395	0.123615	7743
10395	0.111951	7507
10395	0.078607	1515
10395	0.078754	7464
26035	0.074939	841
26035	0.112330	2064
26035	0.076355	9821
26035	0.109024	8412
64236	0.105664	324
64236	0.106652	8412
8471	0.104984	2064
10	0.160009	3480
10	0.149381	324
10	0.153421	999
10	0.116354	1029
10	0.153674	2064
10	0.116691	3161
5866	0.220096	91151
5866	0.081885	23314
3881	0.129107	166
3881	0.130544	3643
5717	0.098150	4086
5717	0.097239	7157
5717	0.097905	4089
5717	0.132829	5562
5717	0.129124	5565
27030	0.118249	229
27030	0.072929	4086
27030	0.081287	570
27030	0.111893	5604
27030	0.080655	91283
27030	0.082128	23401
27030	0.122476	23424
27030	0.077381	55363
27030	0.113156	51176
27030	0.113440	2203
27030	0.075545	2176
27030	0.077728	10952
27030	0.071863	367
27030	0.120886	8789
27030	0.106357	207
27030	0.110982	54187
27030	0.116054	3486
27030	0.118967	7111
27030	0.110151	10541
27030	0.128090	8555
27030	0.111227	5516
27030	0.121147	22869
27030	0.080538	6423
27030	0.112818	7507
27030	0.079474	1515
27030	0.083018	158427
867	0.097918	5296
867	0.098378	5295
867	0.068773	5335
867	0.067534	25
867	0.069537	2321
867	0.068000	4067
867	0.099618	7322
867	0.067497	9402
867	0.071252	5787
867	0.068376	1399
867	0.068709	1398
867	0.067636	7535
867	0.070260	5800
867	0.094540	7531
867	0.100450	7530
867	0.075108	10603
867	0.111503	3480
867	0.100450	7534
867	0.068072	3055
867	0.070968	4233
867	0.094716	5599
867	0.069879	5788
867	0.068232	6776
867	0.067924	7409
7409	0.069378	5159
7409	0.066767	25
7409	0.098708	3717
7409	0.104399	2064
7409	0.067899	6452
7409	0.068005	5335
7409	0.072088	8651
7409	0.067277	367
7409	0.070200	4233
7409	0.068461	2065
2697	0.088231	2702
58529	0.134267	672
2690	0.067794	4690
2690	0.099098	3717
2690	0.070875	5787
2690	0.068180	5782
2690	0.069501	5788
2690	0.067854	6776
11167	0.069536	657
11167	0.068528	1398
887	0.105973	885
887	0.127811	5781
55363	0.073498	1630
55363	0.075323	7097
55363	0.075692	699
55363	0.076332	4163
55363	0.074935	4893
55363	0.073737	4089
55363	0.109785	999
55363	0.072471	3845
55363	0.072532	2033
55363	0.075076	8313
885	0.087327	886
11311	0.067136	841
11311	0.110862	3480
11311	0.068552	9821
11311	0.101221	8412
83593	0.068957	4893
83593	0.067759	4089
3909	0.102237	324
1012	0.071766	841
1012	0.105662	11200
1012	0.072173	3161
23424	0.118592	1630
23424	0.120787	699
23424	0.120029	4893
23424	0.118817	91768
23424	0.117813	1029
23424	0.121590	5128
145226	0.070749	699
145226	0.098826	11030
657	0.079288	6424
657	0.121688	7743
657	0.077861	91283
657	0.110646	2203
657	0.070135	4086
657	0.077744	6423
657	0.109099	5604
657	0.113260	3486
657	0.074934	10952
657	0.118092	8789
657	0.110024	7507
657	0.072751	2176
657	0.115455	229
657	0.076679	1515
4163	0.081033	6424
4163	0.080238	570
4163	0.109932	54187
4163	0.116130	23513
4163	0.081969	158427
4163	0.123432	7743
4163	0.079605	91283
4163	0.109101	10541
4163	0.117199	229
4163	0.081078	23401
4163	0.076679	10952
4163	0.127041	8555
57504	0.103240	207
57504	0.112204	3480
57504	0.105615	999
57504	0.102563	8412
57504	0.068592	4853
7322	0.134280	7706
7322	0.129642	7329
7322	0.129194	672
7322	0.098562	7535
3235	0.169766	56033
3235	0.093084	9214
96459	0.109689	5562
7329	0.098423	668
7329	0.098890	4089
7329	0.138099	5604
7329	0.097579	30818
7329	0.129970	653121
7329	0.098224	7157
7329	0.515694	6517
7329	0.126419	57162
7329	0.097685	2033
7329	0.098069	367
7329	0.129970	127557
7329	0.129076	4841
7329	0.128293	672
7329	0.129259	7020
7329	0.130336	23411
7329	0.097872	1029
7329	0.121234	1616
7329	0.097625	3845
7329	0.129657	2353
7329	0.105826	7464
51719	0.185636	92335
51719	0.106314	112936
51719	0.106745	51181
51719	0.169275	55437
7507	0.110371	4893
7507	0.111129	699
7507	0.111374	5157
7507	0.140620	23411
324	0.133898	9266
324	0.101293	4086
324	0.145543	23513
324	0.105669	84085
324	0.147330	7111
324	0.133956	22919
324	0.101561	344148
324	0.141804	2203
324	0.099757	4703
324	0.149369	6768
324	0.103003	699
324	0.566528	1586
324	0.101463	89795
324	0.099713	100101267
324	0.103909	2176
324	0.102581	205147
324	0.107237	27122
324	0.139345	54187
324	0.109651	570
324	0.105669	720
324	0.102727	155465
324	0.105669	432395
324	0.100448	10544
324	0.138514	10541
324	0.102387	8313
324	0.111382	158427
324	0.135537	7706
324	0.149510	22869
324	0.102570	6352
324	0.140257	5604
324	0.111960	3223
324	0.100948	26057
324	0.102217	55777
324	0.105669	721
324	0.107837	1515
5803	0.105491	2064
5803	0.069729	1445
5800	0.101678	3643
5800	0.071713	5159
5800	0.106735	2064
5800	0.102018	7530
5800	0.070973	1445
5800	0.102018	7534
5800	0.072536	4233
5800	0.073937	7010
207	0.104758	79109
207	0.129822	2475
207	0.101894	29948
207	0.103911	4893
207	0.104392	155465
207	0.103412	5290
207	0.101726	5291
207	0.102619	5335
207	0.149031	7069
207	0.135899	3164
207	0.138458	5728
207	0.151033	6768
207	0.104668	699
207	0.102860	80146
207	0.103251	1445
207	0.101508	2033
207	0.102713	4089
207	0.134297	7534
207	0.101351	23035
207	0.134297	7530
207	0.102860	8435
207	0.104298	7097
207	0.138760	999
207	0.102688	84335
207	0.132115	672
207	0.102080	673
207	0.134159	23411
207	0.109402	94240
207	0.102860	117145
207	0.101533	5361
207	0.128562	5599
207	0.105714	91608
207	0.132224	5295
207	0.145802	6198
54187	0.108923	7097
54187	0.109293	699
54187	0.143385	999
54187	0.109538	5157
54187	0.107180	1398
3055	0.067260	5291
3055	0.068153	5335
3055	0.068916	2321
3055	0.067066	10817
3055	0.067756	1399
3055	0.067424	367
3055	0.069264	3815
3055	0.070348	4233
3055	0.066980	3845
3055	0.068608	2065
3053	0.160782	2147
1041	0.127784	5650
1046	0.099258	5565
1046	0.102964	5562
7069	0.157996	3480
7069	0.116058	5290
7069	0.151406	999
7069	0.114093	3845
7069	0.148355	8412
7069	0.115685	9821
7069	0.115359	4089
7069	0.151660	2064
7069	0.114676	3161
7064	0.138781	808
7064	0.138732	801
7064	0.138781	805
100101267	0.067071	6776
63978	0.066907	841
63978	0.104297	2064
63978	0.100803	11200
63978	0.099216	5565
63978	0.100992	8412
54741	0.100021	3953
115653	0.102945	5781
79155	0.103875	2033
79155	0.108583	7010
56033	0.628722	1586
3717	0.100110	7275
3717	0.099016	6776
3717	0.100366	3459
3717	0.105892	10603
3717	0.129122	5781
3717	0.103640	8651
3717	0.100012	2065
3716	0.099246	6776
3716	0.098933	3572
3716	0.098613	3845
3716	0.129352	5781
3716	0.136180	2064
2185	0.106294	2064
2185	0.070319	9821
2185	0.099465	5781
2185	0.069684	5782
23513	0.149583	999
23513	0.143346	7205
3490	0.117861	6768
660	0.107744	2064
660	0.071633	116449
8789	0.119197	699
8789	0.118440	4893
8789	0.117241	4089
8789	0.117941	5290
8789	0.157998	2203
8789	0.118581	8313
8789	0.119443	5157
11059	0.098897	2066
23556	0.105476	5728
196383	0.067098	3845
6004	0.071842	1445
6004	0.070437	4067
6004	0.119624	6768
200186	0.132292	150094
200186	0.106108	5562
200186	0.101370	4841
699	0.071240	4086
699	0.079599	570
699	0.110204	5604
699	0.080439	23401
699	0.111467	51176
699	0.111752	2203
699	0.073856	2176
699	0.070838	1398
699	0.076039	10952
699	0.078966	91283
699	0.114365	3486
699	0.111432	7867
699	0.117278	7111
699	0.116560	229
699	0.126401	8555
699	0.109538	5516
699	0.080393	6424
699	0.119458	22869
699	0.078850	6423
699	0.071060	6464
699	0.122792	7743
699	0.077785	1515
699	0.108462	10541
699	0.077931	7464
699	0.081329	158427
2268	0.070123	3815
2268	0.071207	4233
2268	0.068283	367
2268	0.105406	2064
8651	0.074310	5159
8651	0.104274	3643
8651	0.074048	3815
8651	0.115667	3480
8651	0.102542	5295
8651	0.108775	5728
8651	0.109331	2064
8651	0.072540	1399
8651	0.072873	1398
8651	0.075132	4233
8651	0.076533	7010
8650	0.095586	7157
8650	0.095071	10817
2241	0.067370	386618
2241	0.097551	5295
2241	0.067881	1398
2241	0.104340	2064
2241	0.068402	2065
999	0.109652	55859
999	0.144296	5604
999	0.113058	91283
999	0.108522	29893
999	0.570568	1586
999	0.103701	10672
999	0.111277	27122
999	0.104576	144100
999	0.145524	7867
999	0.151369	7111
999	0.111777	94240
999	0.153550	22869
999	0.106609	6352
999	0.112942	6423
999	0.105889	3682
999	0.109890	414899
2702	0.092124	9783
5753	0.069442	3815
5753	0.104724	2064
5753	0.069104	55620
5753	0.067602	367
5753	0.070526	4233
5753	0.068786	2065
9821	0.068225	11197
9821	0.120845	27076
9821	0.074168	414899
9821	0.074345	80760
9821	0.076055	94240
9821	0.072800	29893
158427	0.079135	1630
158427	0.079374	4089
158427	0.110290	6293
7965	0.097756	7157
7965	0.097751	3791
27076	0.122198	155465
27076	0.119429	841
27076	0.163155	3480
27076	0.153325	11200
27076	0.120519	4089
27076	0.156820	2064
4233	0.100194	5296
4233	0.070824	10044
4233	0.072683	399694
4233	0.070942	6452
4233	0.071049	5335
4233	0.070447	4690
4233	0.073350	84951
4233	0.070276	4067
4233	0.070444	9047
4233	0.073528	5787
4233	0.070833	5782
4233	0.070985	1398
4233	0.072155	5788
4233	0.100654	5295
4233	0.073508	7294
4233	0.077384	10603
4233	0.069912	7535
4233	0.075499	84174
4233	0.104138	8412
4233	0.071207	6464
4233	0.100614	5781
4233	0.107443	2064
4233	0.071504	2065
5612	0.108907	7867
2147	0.542724	5327
2147	0.141978	7056
25818	0.119480	3480
25818	0.075869	4853
25818	0.075754	841
25818	0.113144	2064
2064	0.104010	25
2064	0.172826	79142
2064	0.111584	10603
2064	0.113944	570
2064	0.105849	55
2064	0.105703	2065
2064	0.104004	2066
2064	0.114784	23401
2064	0.144549	5604
2064	0.105141	6452
2064	0.104851	1399
2064	0.105183	1398
2064	0.114738	6424
2064	0.570821	1586
2064	0.105250	55715
2064	0.105247	5335
2064	0.105532	116449
2064	0.146097	2203
2064	0.103972	9402
2064	0.107728	5787
2064	0.134813	5781
2064	0.105032	5782
2064	0.106354	5788
2064	0.107706	7294
2064	0.106416	10045
2064	0.115335	1185
2064	0.105585	4086
2064	0.134393	5296
2064	0.134852	5295
2064	0.108075	9180
2064	0.108775	29893
2064	0.153820	23221
2064	0.109699	84174
2064	0.138337	8412
2064	0.104643	9047
2064	0.105405	6464
2064	0.157138	7743
2064	0.103987	4582
2065	0.098455	5296
2065	0.098914	5295
2065	0.069309	5335
2065	0.068071	25
2065	0.071610	84951
2065	0.068912	1399
2065	0.069245	1398
2065	0.068172	7535
2065	0.071768	7294
2065	0.068708	4690
2065	0.102398	8412
2065	0.069467	6464
2066	0.066371	25
2066	0.067767	6464
1029	0.076624	570
1029	0.107230	5604
1029	0.114303	7111
1029	0.096683	3326
1029	0.077465	23401
1029	0.093871	5599
1029	0.067355	7157
1029	0.073065	10952
1029	0.097423	672
1029	0.108457	7867
1029	0.113585	229
1029	0.123427	8555
1029	0.077419	6424
1029	0.067135	84687
1029	0.067495	6521
1029	0.090365	1616
1029	0.074810	1515
11200	0.103368	6352
11200	0.108099	4360
11200	0.150168	6768
11200	0.101181	7157
11200	0.106410	55859
11200	0.567326	1586
11200	0.112758	3223
11200	0.100669	5521
11200	0.106825	80760
11200	0.161266	5650
11200	0.105280	29893
11200	0.135033	3164
11200	0.150326	23221
11200	0.131249	672
3479	0.120034	3480
3479	0.108641	3643
3479	0.080282	3484
3479	0.120766	3486
3572	0.097565	5781
3572	0.066782	30818
2667	0.120910	6198
283971	0.116166	4795
91151	0.685068	1586
7535	0.068828	3815
7535	0.067875	6464
7534	0.099293	25
7534	0.126474	5599
7534	0.099992	673
7534	0.099419	2033
7534	0.133532	22919
7534	0.126299	7531
7531	0.130485	801
7531	0.101366	2938
7531	0.094049	7157
7531	0.137351	3480
7531	0.093463	5784
7531	0.093345	9402
7531	0.130534	808
7531	0.126299	7530
7531	0.130534	805
7531	0.129638	5562
7530	0.099293	25
7530	0.126474	5599
7530	0.099992	673
7530	0.099419	2033
7530	0.133532	22919
58486	0.074134	4089
55888	0.067908	1398
2938	0.131598	6482
2938	0.158815	84268
2938	0.114234	5516
25	0.067075	6776
25	0.067014	4690
25	0.066503	2033
25	0.067219	1399
25	0.067551	1398
25	0.066887	367
25	0.068726	3815
25	0.097111	672
25	0.068169	7275
25	0.066355	4582
84456	0.135212	5562
5327	0.518165	5054
5327	0.860464	5274
5327	0.571684	56034
382	0.136829	9266
382	0.102690	84440
382	0.135223	3643
7020	0.098743	7157
7020	0.126938	57162
7020	0.098204	2033
23411	0.131252	2353
23411	0.126336	5599
23411	0.099664	367
23411	0.099820	7157
23411	0.099214	1606
23411	0.133525	8660
23411	0.127595	2475
399694	0.069760	367
399694	0.071599	3815
367	0.068463	4086
367	0.097271	5296
367	0.067901	10044
367	0.068125	5335
367	0.096881	3326
367	0.098025	166
367	0.067553	7157
367	0.067979	1630
367	0.070426	84951
367	0.067353	4067
367	0.067014	2033
367	0.068061	1398
367	0.123539	25803
367	0.097730	5295
367	0.071653	29893
367	0.097621	672
367	0.066850	9402
367	0.090562	1616
367	0.068283	6464
367	0.104038	808
367	0.097691	5781
367	0.103989	801
367	0.067520	9047
367	0.104038	805
9402	0.097703	11030
9402	0.068689	3815
9402	0.066405	3845
5328	0.166824	56034
5328	0.108306	5604
5328	0.113305	5054
7867	0.109237	1630
7867	0.108327	92241
7867	0.111677	5157
7867	0.108844	673
7867	0.110674	4893
780	0.130090	5781
4052	0.113420	3486
6776	0.069685	5159
6776	0.069086	55620
6776	0.068470	6464
6776	0.104151	5728
6776	0.097878	5781
6776	0.067201	2033
6776	0.108878	51176
6776	0.067916	1399
6776	0.067433	2746
6776	0.067707	26502
6776	0.068248	1398
10541	0.106267	1630
10541	0.108092	7097
10541	0.142252	5728
10541	0.106198	5782
10541	0.141477	6944
386618	0.070579	84951
29948	0.103967	5728
29948	0.066956	3845
29948	0.101217	8412
29948	0.098028	166
3791	0.069649	5159
3791	0.069040	2321
3791	0.068212	1398
3791	0.068434	6464
3791	0.068276	5335
3791	0.067671	9047
570	0.077643	4089
570	0.079844	5157
56288	0.107796	4089
116449	0.098742	5295
116449	0.071745	64411
116449	0.152354	84268
116449	0.069073	1398
116449	0.071596	7294
3164	0.101560	7157
3164	0.101253	2746
3164	0.101022	2033
3164	0.130889	3326
3164	0.128077	5599
222546	0.133066	166
222546	0.102079	10817
222546	0.138184	5562
2203	0.109557	1630
2203	0.111381	7097
2203	0.117131	3822
2203	0.111135	8313
2203	0.109163	673
7157	0.101951	9100
7157	0.090718	1616
7157	0.067169	2033
7157	0.068216	1398
7157	0.097776	672
7157	0.094224	5599
7157	0.067021	4582
1586	0.563182	3326
1586	0.617644	84268
1586	0.577156	3480
1586	0.761783	1036
7706	0.146165	3480
9509	0.098824	5295
7294	0.072424	3815
7294	0.070708	9047
84335	0.096124	2475
84335	0.071060	79109
166	0.128879	11030
166	0.133771	5562
166	0.097666	10817
166	0.128885	386682
7846	0.137249	5728
386682	0.097938	11197
386682	0.130298	5565
386682	0.140802	55773
966	0.075535	4089
6352	0.100372	7205
6352	0.069295	3845
6352	0.103557	8412
6293	0.134880	5562
8660	0.144716	3480
8660	0.101986	5335
8660	0.133323	3643
1515	0.075590	1630
1515	0.078030	5157
1515	0.075196	673
6198	0.111243	84687
6198	0.147033	2735
6198	0.114174	79109
6198	0.120910	3811
6198	0.110924	2033
6198	0.139238	2475
6198	0.137980	5599
6198	0.111264	4067
4086	0.070483	4893
4086	0.069284	4089
4086	0.071485	5157
4086	0.070870	7097
4086	0.068975	5782
4086	0.070624	8313
4086	0.117747	22869
4086	0.068309	4853
5296	0.099372	5159
5296	0.097281	10810
5296	0.127604	5295
5296	0.140729	3480
5296	0.099110	3815
5296	0.096826	3845
5296	0.098791	5290
5296	0.097935	1398
4089	0.114604	229
4089	0.067647	79650
4089	0.091384	1616
4089	0.067835	2033
4089	0.073604	55859
4089	0.071901	2176
4089	0.075229	27122
4089	0.117503	22869
4089	0.124446	8555
4089	0.165061	114790
4089	0.107582	5516
4089	0.078437	6424
4089	0.076894	6423
4089	0.069104	6464
4089	0.077011	91283
4089	0.120837	7743
4089	0.108679	54828
4089	0.070468	60676
5295	0.099831	5159
5295	0.099251	5290
5295	0.097565	5291
5295	0.102055	7010
5295	0.100137	7097
5295	0.099222	2321
5295	0.097854	9047
5295	0.097741	10810
5295	0.098061	1399
5295	0.098394	1398
5295	0.100759	84951
5295	0.098971	5156
5295	0.129795	3643
5295	0.099570	3815
5295	0.141188	3480
5295	0.101309	3802
5295	0.098616	6464
5290	0.079136	6424
5290	0.073173	29893
5290	0.074303	55859
5290	0.116021	7111
5290	0.108948	5604
5290	0.072599	2176
5290	0.068473	3845
5290	0.102589	9266
197342	0.106568	5728
23221	0.146182	3326
8404	0.073081	5157
5728	0.106065	5159
5728	0.109349	55859
5728	0.106568	338596
5728	0.108956	7056
5728	0.106568	84264
7205	0.100130	5159
7205	0.133775	5562
7205	0.097670	10817
10489	0.097806	11030
2033	0.102759	5562
2033	0.097237	672
2033	0.108306	51176
2033	0.093685	5599
2033	0.098601	2353
2033	0.066481	4582
56034	0.168046	5159
56034	0.215088	6768
56034	0.167186	5156
84174	0.074415	3815
4841	0.097960	3845
8313	0.077468	56660
8313	0.122176	7743
8313	0.108922	5516
4795	0.131470	51094
673	0.116870	22869
673	0.120205	7743
673	0.069606	4893
673	0.107616	5604
9047	0.069360	3815
9047	0.068184	1398
26469	0.069182	1445
84254	0.111516	5562
3223	0.122589	3480
3223	0.112948	8412
1606	0.067182	59067
1616	0.508187	6517
808	0.105061	5475
808	0.103982	5136
808	0.104177	3161
808	0.103743	128239
808	0.105061	5470
808	0.105141	3783
808	0.105061	3786
808	0.103821	3785
808	0.103594	3845
808	0.103655	2258
808	0.103549	30818
801	0.105012	5475
801	0.103933	5136
801	0.104128	3161
801	0.103694	128239
801	0.105012	5470
801	0.105093	3783
801	0.105012	3786
801	0.103773	3785
801	0.103545	3845
801	0.103607	2258
801	0.103500	30818
805	0.105061	5475
805	0.103982	5136
805	0.104177	3161
805	0.103743	128239
805	0.105061	5470
805	0.105141	3783
805	0.105061	3786
805	0.103821	3785
805	0.103594	3845
805	0.103655	2258
805	0.103549	30818
55851	0.072985	7056
55859	0.072515	841
55859	0.106600	8412
64802	0.128982	150094
64802	0.066609	3845
7111	0.115083	1630
7111	0.116907	7097
2322	0.072196	4690
2322	0.072691	6452
2321	0.069016	4690
2321	0.069775	6464
2321	0.069553	1398
2321	0.072097	5787
2321	0.069617	5335
2321	0.099183	5781
2321	0.069220	1399
4703	0.129563	55437
4703	0.097221	5781
100132285	0.102945	5781
10817	0.097332	5781
10818	0.099959	3643
10818	0.098187	5781
4338	0.122607	3845
3480	0.142920	3643
3480	0.112215	1445
3480	0.141149	5781
3480	0.111186	1399
3480	0.111519	1398
3480	0.155046	3486
3480	0.111741	6464
3480	0.110366	30818
672	0.097760	3161
672	0.097462	1634
672	0.103421	80760
672	0.099088	53632
3486	0.112307	8038
3486	0.111144	3845
3486	0.113838	60676
51176	0.110710	4893
51176	0.108813	26502
3802	0.101270	5781
3643	0.133134	9266
3643	0.100190	5335
3643	0.106526	10603
3643	0.100823	1445
3643	0.102670	5787
3643	0.129756	5781
3643	0.099794	1399
3643	0.100126	1398
3643	0.101297	5788
3643	0.099974	5782
3643	0.100348	6464
5516	0.107069	57464
5516	0.108781	4893
5516	0.128194	3101
5516	0.109784	5157
5516	0.106405	5521
5516	0.106317	3845
5516	0.133433	5599
29122	0.124660	841
5565	0.135183	5562
5565	0.100905	53632
5565	0.130292	11030
5599	0.121999	2475
5599	0.095965	10045
5599	0.134099	5604
5599	0.094732	1398
5599	0.093801	841
5599	0.093759	2005
3033	0.518523	6517
5159	0.070226	5335
5159	0.069625	4690
5159	0.072706	5787
5159	0.069829	1399
5159	0.071332	5788
5159	0.099792	5781
5159	0.070011	5782
2475	0.098194	79109
2475	0.131073	5562
8036	0.073715	4893
8036	0.071251	3845
4893	0.079682	23401
4893	0.073098	2176
4893	0.115802	229
4893	0.079635	6424
4893	0.077174	7464
10044	0.069740	3815
10045	0.068849	3845
5157	0.080639	6424
5157	0.119703	22869
5157	0.110450	5604
5157	0.074101	2176
5156	0.068969	1399
5156	0.069301	1398
5156	0.069365	5335
5604	0.109834	7097
5604	0.137721	5781
5604	0.106983	3845
6452	0.069858	3815
150962	0.085009	54942
11030	0.133997	5562
11030	0.097806	3845
414899	0.072752	841
5564	0.143099	5562
5564	0.108820	53632
5562	0.137541	9100
5562	0.102713	5784
5562	0.104610	53632
2176	0.071592	5782
2176	0.070634	3845
1399	0.098022	5781
1399	0.067575	4853
1398	0.069901	3815
1398	0.068947	6464
3845	0.077217	23401
3845	0.068188	89795
3845	0.119571	7743
3845	0.107413	54828
3161	0.073336	80760
54897	0.110272	8412
3815	0.069964	5335
3815	0.069192	4067
3815	0.099530	5781
3815	0.069363	4690
3815	0.103054	8412
3815	0.070123	6464
3953	0.495912	3952
3953	0.092763	5788
3953	0.121223	5781
3952	0.493812	3101
6424	0.078128	5782
6424	0.077738	26502
22869	0.117194	5782
841	0.069630	155465
841	0.116271	6768
841	0.074639	94240
841	0.071385	29893
6423	0.076655	1630
155465	0.103715	8412
23401	0.078175	5782
344148	0.068859	4690
7010	0.074930	5787
7010	0.102015	5781
7010	0.072234	5782
7010	0.073556	5788
1630	0.114365	229
1630	0.075736	7464
84951	0.154371	84268
6768	0.116386	4853
5787	0.071966	1445
5782	0.069270	1445
5782	0.068795	6464
27122	0.108225	8412
5788	0.070592	1445
29893	0.071499	4853
29893	0.105470	8412
80760	0.073043	4853
94240	0.108725	8412
94240	0.074754	4853
