#Id Score P-value
1586 1.0 0.0
6794 0.975101 0.0
5563 0.950679 0.0
3667 0.931402 0.0
6517 0.902646 0.0
5327 0.878875 0.0
3952 0.877363 0.0
6580 0.857424 0.0
5274 0.842053 0.0
1036 0.523566 6.62e-05
91151 0.370137 0.0002803
23017 0.362024 0.0002803
384 0.362024 0.0002803
54861 0.362024 0.0002803
126526 0.339737 0.0002803
153443 0.266602 0.0002803
56034 0.264494 0.0002803
114790 0.261083 0.0002803
728294 0.259371 0.0002803
56033 0.257445 0.0002803
57026 0.252112 0.0002803
4536 0.25188 0.0002803
347240 0.248284 0.0005722
514 0.244722 0.0005722
84268 0.235287 0.0005722
92335 0.22539 0.000717
4485 0.213713 0.000717
2147 0.206574 0.000717
79142 0.20401 0.000717
4139 0.203836 0.000717
55437 0.192668 0.000717
102724428 0.191255 0.000717
150094 0.191255 0.000717
5650 0.187879 0.0009399
9407 0.187035 0.0009399
51094 0.185261 0.0009399
11180 0.183001 0.0009399
29122 0.182459 0.0009399
6482 0.180853 0.0009399
4892 0.180282 0.0009399
8555 0.179852 0.001016
25803 0.179682 0.001016
4338 0.178705 0.001016
1539 0.174605 0.001016
57402 0.172987 0.001016
7743 0.172634 0.001016
27076 0.171997 0.001016
27248 0.171186 0.001016
23424 0.168623 0.0011605
84307 0.167524 0.0011605
23221 0.165999 0.0011605
22869 0.165965 0.0011605
10 0.165706 0.0011605
6768 0.165682 0.0011605
10076 0.165676 0.0011605
8789 0.165443 0.0011605
22843 0.165281 0.0011605
51531 0.163137 0.0011605
55014 0.162446 0.0011605
7069 0.161678 0.0011605
7111 0.161604 0.0011605
25970 0.160778 0.0011605
229 0.160168 0.0011605
2118 0.159033 0.0037628
23513 0.15803 0.0037628
5054 0.157454 0.0037628
3486 0.155779 0.0037628
6198 0.155219 0.0037628
283971 0.154655 0.0037628
3480 0.154313 0.0037628
55773 0.152487 0.0037628
5268 0.150792 0.0037628
2203 0.150552 0.0037628
5921 0.150395 0.0037628
51176 0.149983 0.0121471
7867 0.149913 0.0121471
7507 0.149307 0.0121471
2011 0.148505 0.0121471
54828 0.148318 0.0121471
57820 0.148072 0.0121471
5604 0.147457 0.0121471
5564 0.147309 0.0121471
23646 0.146833 0.0121471
10382 0.146721 0.0121471
3265 0.146696 0.0121471
56288 0.146552 0.0121471
5516 0.146125 0.0121471
51719 0.145882 0.0121471
54187 0.145634 0.0121471
57787 0.145385 0.0121471
5795 0.144583 0.0121471
10541 0.143973 0.0121471
1508 0.143776 0.0121471
1408 0.143104 0.0121471
2064 0.141642 0.0121471
999 0.141135 0.0121471
79155 0.141121 0.0121471
2888 0.140871 0.0121471
256646 0.140764 0.0121471
58529 0.140689 0.0121471
808 0.140679 0.0121471
805 0.140679 0.0121471
284252 0.140659 0.0121471
5571 0.140625 0.0121471
801 0.140581 0.0121471
5728 0.140531 0.0121471
1073 0.140031 0.0121471
8428 0.139845 0.0146909
7957 0.139069 0.0146909
57521 0.138997 0.0146909
6944 0.138981 0.0146909
382 0.138919 0.0146909
5562 0.138888 0.0146909
2735 0.138848 0.0146909
1917 0.138741 0.0146909
7706 0.138017 0.0146909
10513 0.137888 0.0146909
10007 0.137754 0.0146909
222546 0.13748 0.0146909
9113 0.137327 0.0146909
7064 0.136883 0.0146909
207 0.136385 0.0146909
9100 0.136194 0.0146909
3164 0.135413 0.0146909
57594 0.135147 0.0146909
8660 0.135119 0.0146909
8412 0.135031 0.0146909
57326 0.135021 0.0146909
10891 0.134886 0.0146909
22919 0.134855 0.0146909
10801 0.134839 0.0146909
9266 0.13474 0.0146909
11200 0.134653 0.0146909
25843 0.134498 0.0146909
3033 0.1344 0.0146909
79618 0.134047 0.0146909
7251 0.134044 0.0146909
7846 0.133967 0.0146909
51343 0.133467 0.0146909
324 0.133056 0.0146909
4914 0.132743 0.0146909
81628 0.132352 0.0146909
7534 0.132209 0.0146909
7530 0.132209 0.0146909
780 0.132196 0.0146909
23411 0.131932 0.0146909
84456 0.131535 0.0146909
3643 0.131527 0.0146909
5565 0.131478 0.0146909
11059 0.131428 0.0146909
127557 0.1312 0.0146909
653121 0.1312 0.0146909
6293 0.130872 0.0146909
388677 0.13082 0.0146909
100996717 0.13082 0.0146909
100996763 0.13082 0.0146909
5336 0.130777 0.0146909
3716 0.130719 0.0146909
54550 0.130595 0.0146909
2353 0.130572 0.0146909
7322 0.130544 0.0146909
10146 0.130483 0.0146909
3717 0.130259 0.0146909
7020 0.129778 0.0150499
6925 0.129676 0.0150499
3881 0.12956 0.0150499
10152 0.129497 0.0150499
4841 0.129411 0.0150499
3801 0.129139 0.0150499
386682 0.129118 0.0150499
11030 0.129105 0.0150499
7329 0.128741 0.0150499
7205 0.128661 0.0150499
166 0.128653 0.0150499
83878 0.128328 0.0150499
5295 0.128063 0.0150499
22938 0.128003 0.0150499
5781 0.127985 0.0150499
672 0.127845 0.0150499
7965 0.127804 0.0150499
887 0.127637 0.0150499
5296 0.127144 0.0150499
5717 0.12677 0.0150499
3326 0.126364 0.0150499
5770 0.125437 0.0150499
8503 0.124505 0.0150499
5747 0.124485 0.0150499
57162 0.124098 0.0150499
8650 0.123463 0.0150499
2475 0.123258 0.0150499
5580 0.12273 0.0150499
26260 0.12229 0.0150499
1956 0.121398 0.0150499
55023 0.120755 0.0150499
5599 0.12074 0.0150499
7531 0.120389 0.0150499
2885 0.120085 0.0150499
57127 0.119379 0.0155509
3066 0.11537 0.0155509
3053 0.11499 0.0155509
3953 0.114461 0.0155509
1616 0.113728 0.0155509
3101 0.110262 0.0155509
9856 0.109076 0.0159873
83401 0.10726 0.0159873
2702 0.104269 0.0159873
9214 0.10408 0.0159873
279 0.100542 0.0159873
8577 0.097047 0.0170866
100526694 0.097047 0.0170866
2867 0.094828 0.0170866
7940 0.094709 0.0170866
3293 0.09399 0.0170866
80328 0.093772 0.0170866
23314 0.093715 0.0170866
84909 0.093133 0.0170866
3223 0.090864 0.0170866
886 0.090344 0.0170866
3146 0.090033 0.0170866
150962 0.089855 0.0311073
158427 0.089708 0.0311073
148014 0.089029 0.0311073
400745 0.089029 0.0311073
1185 0.089029 0.0311073
118430 0.089029 0.0311073
29956 0.089012 0.0311073
23401 0.087927 0.0311073
6424 0.087835 0.0311073
26269 0.087685 0.0311073
3811 0.0866 0.0311073
2667 0.0866 0.0311073
570 0.086246 0.0311073
3479 0.085754 0.0311073
54741 0.085581 0.0311073
54897 0.085512 0.0311073
5535 0.085486 0.0311073
23387 0.085224 0.0311073
9687 0.085129 0.0311073
91283 0.084981 0.0311073
6423 0.084748 0.0311073
25818 0.084647 0.0311073
3993 0.084442 0.0311073
885 0.08431 0.0311073
23550 0.084273 0.0311073
84254 0.084144 0.0311073
51335 0.083986 0.0311073
3822 0.08371 0.0311073
79695 0.083634 0.0311073
51196 0.083261 0.0311073
56660 0.083218 0.0311073
26035 0.083018 0.0311073
7464 0.082911 0.0311073
1515 0.082618 0.0311073
94240 0.082418 0.0311073
2938 0.082343 0.0311073
266747 0.082337 0.0311073
23179 0.082337 0.0311073
3598 0.082225 0.0311073
3235 0.082088 0.0311073
966 0.08203 0.0311073
284366 0.081889 0.0311073
4360 0.081545 0.0311073
10603 0.081525 0.0311073
27122 0.081418 0.0311073
157638 0.081012 0.0311073
200958 0.080708 0.0311073
126374 0.080628 0.0311073
96459 0.080489 0.0311073
9077 0.080308 0.0311073
10942 0.080286 0.0311073
54942 0.080162 0.0311073
92304 0.080057 0.0311073
9783 0.079979 0.2613958
388753 0.079317 0.2613958
5670 0.079229 0.2613958
55714 0.079229 0.2613958
58486 0.079229 0.2613958
10952 0.079127 0.2613958
9902 0.079007 0.2613958
80760 0.078997 0.2613958
4241 0.07878 0.2613958
414899 0.078644 0.2613958
2312 0.078567 0.2613958
8938 0.078451 0.2613958
55363 0.078434 0.2613958
7040 0.078339 0.2613958
432395 0.078282 0.2613958
25984 0.078282 0.2613958
720 0.078282 0.2613958
84085 0.078282 0.2613958
721 0.078282 0.2613958
100293534 0.078282 0.2613958
64236 0.078273 0.2613958
201163 0.078269 0.2613958
9530 0.078174 0.2613958
55859 0.078168 0.2613958
11006 0.077905 0.2613958
89858 0.077905 0.2613958
115653 0.077905 0.2613958
3804 0.077905 0.2613958
100132285 0.077905 0.2613958
84174 0.077755 0.2613958
4795 0.077678 0.2613958
11009 0.077437 0.2613958
7056 0.077381 0.2613958
79899 0.077226 0.2613958
81788 0.077181 0.2613958
4046 0.077112 0.2613958
8651 0.07702 0.2613958
25759 0.076992 0.2613958
54206 0.076848 0.2613958
2322 0.076742 0.2613958
2119 0.076734 0.2613958
1012 0.076671 0.2613958
10116 0.076643 0.2613958
203523 0.076403 0.2613958
7579 0.076403 0.2613958
27030 0.076329 0.2613958
7010 0.076046 0.2613958
8036 0.075995 0.2613958
29893 0.075908 0.2613958
2219 0.075897 0.2613958
8483 0.075897 0.2613958
1001 0.075722 0.2613958
4987 0.075685 0.2613958
1474 0.075644 0.2613958
2057 0.075361 0.2613958
5791 0.075248 0.2613958
91608 0.075042 0.2613958
3484 0.074809 0.2613958
2176 0.074761 0.2613958
51422 0.074672 0.2613958
5368 0.074643 0.2613958
10395 0.074596 0.2613958
5128 0.074557 0.2613958
3802 0.074555 0.2613958
7006 0.074549 0.2613958
9180 0.074508 0.2613958
10870 0.0745 0.2613958
6539 0.074396 0.2613958
4163 0.07423 0.2613958
26034 0.074126 0.2613958
130340 0.074082 0.2613958
222826 0.07407 0.2613958
64411 0.07407 0.2613958
64902 0.073954 0.2613958
50863 0.073954 0.2613958
3560 0.073859 0.2613958
660 0.073846 0.2613958
5787 0.073813 0.2613958
7294 0.073771 0.2613958
238 0.073638 0.2613958
6004 0.073566 0.2613958
3458 0.073529 0.2613958
84951 0.073455 0.2613958
5157 0.073442 0.2613958
221527 0.073366 0.2613958
200186 0.073328 0.2613958
4233 0.073244 0.2613958
79109 0.07313 0.2613958
4915 0.073034 0.2613958
10451 0.073029 0.2613958
699 0.072951 0.2613958
92305 0.072932 0.2613958
10457 0.07277 0.2613958
8404 0.072721 0.2613958
5793 0.072645 0.2613958
197342 0.072606 0.2613958
64427 0.072606 0.2613958
84264 0.072606 0.2613958
338596 0.072606 0.2613958
117159 0.072522 0.2613958
643535 0.07244 0.2613958
79729 0.07244 0.2613958
131566 0.07244 0.2613958
152189 0.07244 0.2613958
23007 0.07244 0.2613958
1299 0.07244 0.2613958
2549 0.072403 0.2613958
155465 0.072399 0.2613958
10019 0.072345 0.2613958
10307 0.072251 0.2613958
2264 0.072229 0.2613958
7097 0.072211 0.2613958
2697 0.072193 0.2613958
399694 0.072122 0.2613958
6098 0.072118 0.2613958
205147 0.072105 0.2613958
6352 0.072083 0.2613958
1796 0.071979 0.2613958
2013 0.071958 0.2613958
60676 0.071896 0.2613958
7305 0.071875 0.2613958
5800 0.071828 0.2613958
8313 0.071718 0.2613958
8493 0.071651 0.2613958
8613 0.071644 0.2613958
5159 0.071599 0.2613958
4893 0.071436 0.2613958
3909 0.071417 0.2613958
55777 0.071377 0.2613958
685 0.071345 0.2613958
10653 0.071256 0.2613958
1154 0.071219 0.2613958
51209 0.071206 0.2613958
10045 0.07119 0.2613958
4595 0.071122 0.2613958
8835 0.071097 0.2613958
220164 0.071076 0.2613958
3815 0.071076 0.2613958
5788 0.071066 0.2613958
4052 0.071061 0.2613958
4486 0.071014 0.2613958
192683 0.07099 0.2613958
6503 0.070974 0.2613958
2185 0.070946 0.2613958
140597 0.070915 0.2613958
5653 0.070834 0.2613958
2887 0.070812 0.2613958
22937 0.070774 0.2613958
657 0.070741 0.2613958
23207 0.070665 0.2613958
3682 0.070644 0.2613958
640 0.070549 0.2613958
1268 0.070503 0.2613958
3459 0.070474 0.2613958
53358 0.07045 0.2613958
5290 0.070438 0.2613958
23556 0.070421 0.2613958
7517 0.070413 0.2613958
55620 0.0704 0.2613958
2321 0.070381 0.2613958
2263 0.07035 0.2613958
53632 0.070331 0.2613958
29760 0.070297 0.2613958
9846 0.070292 0.2613958
4145 0.070279 0.2613958
2919 0.070276 0.2613958
23231 0.070268 0.2613958
3702 0.070197 0.2613958
135 0.070153 0.2613958
64759 0.070142 0.2613958
1445 0.070118 0.2613958
26191 0.070097 0.2613958
57504 0.070094 0.2613958
4953 0.070071 0.2613958
344148 0.070067 0.2613958
55 0.070056 0.2613958
5866 0.070055 0.2613958
3490 0.070039 0.2613958
7275 0.069961 0.5271003
5156 0.069878 0.5271003
89795 0.069869 0.5271003
7253 0.069837 0.5271003
7145 0.0698 0.5271003
5797 0.06979 0.5271003
2065 0.069765 0.5271003
4496 0.069751 0.5271003
5796 0.069745 0.5271003
5076 0.069724 0.5271003
9821 0.069692 0.5271003
79078 0.069655 0.5271003
3783 0.069604 0.5271003
9509 0.069585 0.5271003
253260 0.069576 0.5271003
7048 0.069537 0.5271003
4086 0.069529 0.5271003
64223 0.069491 0.5271003
387535 0.069486 0.5271003
23303 0.069472 0.5271003
5662 0.069454 0.5271003
5475 0.069443 0.5271003
401152 0.069443 0.5271003
5470 0.069443 0.5271003
3786 0.069443 0.5271003
2914 0.069443 0.5271003
116449 0.069421 0.5271003
11093 0.069371 0.5271003
5803 0.069341 0.5271003
80146 0.069336 0.5271003
8435 0.069336 0.5271003
117145 0.069336 0.5271003
695 0.069299 0.5271003
4916 0.069209 0.5271003
2268 0.06917 0.5271003
6464 0.069169 0.5271003
51557 0.069161 0.5271003
5328 0.069155 0.5271003
6714 0.069043 0.5271003
4089 0.06904 0.5271003
91768 0.069011 0.5271003
79085 0.069009 0.5271003
84335 0.06899 0.5271003
3084 0.068962 0.5271003
6790 0.068958 0.5271003
2260 0.068912 0.5271003
7075 0.068875 0.5271003
558 0.068869 0.5271003
55715 0.068859 0.5271003
5335 0.068853 0.5271003
26057 0.06884 0.5271003
8038 0.068835 0.5271003
27040 0.068832 0.5271003
5189 0.068832 0.5271003
4058 0.068832 0.5271003
81029 0.068793 0.5271003
29906 0.068793 0.5271003
257144 0.068793 0.5271003
414927 0.068793 0.5271003
147746 0.068793 0.5271003
151647 0.068793 0.5271003
255631 0.068793 0.5271003
220686 0.068793 0.5271003
9356 0.068793 0.5271003
221458 0.068793 0.5271003
375133 0.068793 0.5271003
55608 0.068793 0.5271003
3708 0.068779 0.5271003
1398 0.068725 0.5271003
867 0.068692 0.5271003
6452 0.06864 0.5271003
6654 0.068621 0.5271003
7490 0.068614 0.5271003
55851 0.068589 0.5271003
1630 0.068562 0.5271003
145226 0.068548 0.5271003
2596 0.068524 0.5271003
80762 0.06851 0.5271003
9949 0.068497 0.5271003
2308 0.068493 0.5271003
5777 0.068476 0.5271003
2047 0.068451 0.5271003
1495 0.068436 0.5271003
5782 0.068422 0.5271003
10044 0.068404 0.5271003
10818 0.06839 0.5271003
6850 0.068389 0.5271003
117157 0.068387 0.5271003
11167 0.068331 0.5271003
8471 0.068326 0.5271003
143187 0.0683 0.5271003
79970 0.068291 0.5271003
56899 0.068257 0.5271003
26469 0.068245 0.5271003
23365 0.068226 0.5271003
10297 0.068193 0.5271003
3642 0.068168 0.5271003
1500 0.068161 0.5271003
65988 0.068141 0.5271003
9306 0.068107 0.5271003
668 0.068106 0.5271003
1399 0.06806 0.5271003
144100 0.068016 0.5271003
57464 0.068013 0.5271003
7031 0.068001 0.5271003
6521 0.067987 0.5271003
23086 0.067953 0.5271003
2690 0.067937 0.5271003
1436 0.067906 0.5271003
5612 0.067901 0.5271003
3932 0.067881 0.5271003
59067 0.067867 0.5271003
10544 0.06784 0.5271003
9021 0.067834 0.5271003
23125 0.067833 0.5271003
5753 0.067807 0.5271003
6900 0.067805 0.5271003
673 0.067775 0.5271003
6776 0.067772 0.5271003
51206 0.06773 0.5271003
7157 0.067708 0.5271003
386618 0.067702 0.5271003
3791 0.067699 0.5271003
1041 0.067689 0.5271003
857 0.067688 0.5271003
196383 0.067687 0.5271003
29995 0.067679 0.5271003
1003 0.067679 0.5271003
3161 0.067675 0.5271003
22794 0.067654 0.5271003
4690 0.067651 0.5271003
9047 0.067644 0.5271003
26502 0.067642 0.5271003
51181 0.067608 0.5271003
206358 0.067583 0.5271003
2852 0.067583 0.5271003
7125 0.067576 0.5271003
79949 0.067563 0.5271003
26167 0.067563 0.5271003
154810 0.067563 0.5271003
1499 0.067562 0.5271003
4651 0.067505 0.5271003
79728 0.067501 0.5271003
347862 0.067472 0.5271003
159162 0.067455 0.5271003
51204 0.067454 0.5271003
3055 0.067452 0.5271003
165 0.067446 0.5271003
90843 0.067446 0.5271003
1337 0.067446 0.5271003
54453 0.067445 0.5271003
84547 0.06743 0.5271003
10810 0.067418 0.5271003
11311 0.067411 0.5271003
29948 0.067403 0.5271003
367 0.067397 0.5271003
56479 0.067341 0.5271003
84709 0.067309 0.5271003
6504 0.067309 0.5271003
4067 0.067308 0.5271003
5136 0.067284 0.5271003
84687 0.067268 0.5271003
8408 0.067256 0.5271003
50807 0.067245 0.5271003
9091 0.067209 0.5271003
595 0.067208 0.5271003
5774 0.067184 0.5271003
7409 0.067157 0.5271003
27 0.067151 0.5271003
3572 0.067146 0.5271003
4803 0.067126 0.5271003
2746 0.067094 0.5271003
55888 0.067092 0.5271003
4853 0.06709 0.5271003
1634 0.06708 0.5271003
5291 0.067068 0.5271003
1046 0.067039 0.5271003
2241 0.067038 0.5271003
522 0.067026 0.5271003
1029 0.067002 0.5271003
3785 0.066964 0.5271003
63978 0.066953 0.5271003
84941 0.066902 0.5271003
57536 0.066892 0.5271003
23396 0.06689 0.5271003
3082 0.066888 0.5271003
841 0.066861 0.5271003
6272 0.066821 0.5271003
128239 0.066806 0.5271003
2005 0.066779 0.5271003
11186 0.066766 0.5271003
11197 0.066758 0.5271003
112936 0.066746 0.5271003
92241 0.066742 0.5271003
64802 0.06671 0.5271003
5521 0.066685 0.5271003
5361 0.066682 0.5271003
10817 0.066679 0.5271003
2886 0.066656 0.5271003
1833 0.066642 0.5271003
133383 0.066642 0.5271003
2258 0.066632 0.5271003
2033 0.06663 0.5271003
130 0.066612 0.5271003
9610 0.066607 0.5271003
7535 0.06658 0.5271003
23294 0.066571 0.5271003
5170 0.06656 0.5271003
284004 0.066546 0.5271003
5784 0.066537 0.5271003
27286 0.066536 0.5271003
3845 0.066508 0.5271003
10489 0.066508 0.5271003
4734 0.066506 0.5271003
1606 0.066497 0.5271003
55607 0.066497 0.5271003
83593 0.066478 0.5271003
84440 0.066462 0.5271003
4703 0.066458 0.5271003
24140 0.066431 0.5271003
51686 0.066425 0.5271003
57530 0.066418 0.5271003
30818 0.066418 0.5271003
940 0.066413 0.5271003
55294 0.066402 0.5271003
5745 0.066386 0.5271003
51292 0.066377 0.5271003
25 0.066377 0.5271003
100101267 0.06637 0.5271003
2066 0.066366 0.5271003
2768 0.066352 0.5271003
8502 0.06634 0.5271003
4582 0.066333 0.5271003
23035 0.066316 0.5271003
7003 0.066303 0.5271003
9402 0.066302 0.5271003
137392 0.066289 0.5271003
10672 0.066267 0.5271003
79650 0.066255 0.5271003
