#Id Score P-value
1586 1.0 0.0
6794 0.975101 0.0
5563 0.950679 0.0
3667 0.931402 0.0
6517 0.902646 0.0
5327 0.878875 0.0
3952 0.877363 0.0
6580 0.857424 0.0
5274 0.842053 0.0
1036 0.523566 6.62e-05
91151 0.370137 0.0002803
23017 0.362024 0.0002803
384 0.362024 0.0002803
54861 0.362024 0.0002803
126526 0.339737 0.0002803
153443 0.266602 0.0002803
56034 0.264494 0.0002803
114790 0.261083 0.0002803
728294 0.259371 0.0002803
56033 0.257445 0.0002803
57026 0.252112 0.0002803
4536 0.25188 0.0002803
347240 0.248284 0.0005722
514 0.244722 0.0005722
84268 0.235287 0.0005722
92335 0.22539 0.000717
4485 0.213713 0.000717
2147 0.206574 0.000717
79142 0.20401 0.000717
4139 0.203836 0.000717
55437 0.192668 0.000717
102724428 0.191255 0.000717
150094 0.191255 0.000717
5650 0.187879 0.0009399
9407 0.187035 0.0009399
51094 0.185261 0.0009399
11180 0.183001 0.0009399
29122 0.182459 0.0009399
6482 0.180853 0.0009399
4892 0.180282 0.0009399
8555 0.179852 0.001016
25803 0.179682 0.001016
4338 0.178705 0.001016
1539 0.174605 0.001016
57402 0.172987 0.001016
7743 0.172634 0.001016
27076 0.171997 0.001016
27248 0.171186 0.001016
23424 0.168623 0.0011605
84307 0.167524 0.0011605
23221 0.165999 0.0011605
22869 0.165965 0.0011605
10 0.165706 0.0011605
6768 0.165682 0.0011605
10076 0.165676 0.0011605
8789 0.165443 0.0011605
22843 0.165281 0.0011605
51531 0.163137 0.0011605
55014 0.162446 0.0011605
7069 0.161678 0.0011605
7111 0.161604 0.0011605
25970 0.160778 0.0011605
229 0.160168 0.0011605
2118 0.159033 0.0037628
23513 0.15803 0.0037628
5054 0.157454 0.0037628
3486 0.155779 0.0037628
6198 0.155219 0.0037628
283971 0.154655 0.0037628
3480 0.154313 0.0037628
55773 0.152487 0.0037628
5268 0.150792 0.0037628
2203 0.150552 0.0037628
5921 0.150395 0.0037628
51176 0.149983 0.0121471
7867 0.149913 0.0121471
7507 0.149307 0.0121471
2011 0.148505 0.0121471
54828 0.148318 0.0121471
57820 0.148072 0.0121471
5604 0.147457 0.0121471
5564 0.147309 0.0121471
23646 0.146833 0.0121471
10382 0.146721 0.0121471
3265 0.146696 0.0121471
56288 0.146552 0.0121471
5516 0.146125 0.0121471
51719 0.145882 0.0121471
54187 0.145634 0.0121471
57787 0.145385 0.0121471
5795 0.144583 0.0121471
10541 0.143973 0.0121471
1508 0.143776 0.0121471
1408 0.143104 0.0121471
2064 0.141642 0.0121471
999 0.141135 0.0121471
79155 0.141121 0.0121471
2888 0.140871 0.0121471
256646 0.140764 0.0121471
58529 0.140689 0.0121471
808 0.140679 0.0121471
805 0.140679 0.0121471
284252 0.140659 0.0121471
5571 0.140625 0.0121471
801 0.140581 0.0121471
5728 0.140531 0.0121471
1073 0.140031 0.0121471
8428 0.139845 0.0146909
7957 0.139069 0.0146909
57521 0.138997 0.0146909
6944 0.138981 0.0146909
382 0.138919 0.0146909
5562 0.138888 0.0146909
2735 0.138848 0.0146909
1917 0.138741 0.0146909
7706 0.138017 0.0146909
10513 0.137888 0.0146909
10007 0.137754 0.0146909
222546 0.13748 0.0146909
9113 0.137327 0.0146909
7064 0.136883 0.0146909
207 0.136385 0.0146909
9100 0.136194 0.0146909
3164 0.135413 0.0146909
57594 0.135147 0.0146909
8660 0.135119 0.0146909
8412 0.135031 0.0146909
57326 0.135021 0.0146909
10891 0.134886 0.0146909
22919 0.134855 0.0146909
10801 0.134839 0.0146909
9266 0.13474 0.0146909
11200 0.134653 0.0146909
25843 0.134498 0.0146909
3033 0.1344 0.0146909
79618 0.134047 0.0146909
7251 0.134044 0.0146909
7846 0.133967 0.0146909
51343 0.133467 0.0146909
324 0.133056 0.0146909
4914 0.132743 0.0146909
81628 0.132352 0.0146909
7534 0.132209 0.0146909
7530 0.132209 0.0146909
780 0.132196 0.0146909
23411 0.131932 0.0146909
84456 0.131535 0.0146909
3643 0.131527 0.0146909
5565 0.131478 0.0146909
11059 0.131428 0.0146909
127557 0.1312 0.0146909
653121 0.1312 0.0146909
6293 0.130872 0.0146909
388677 0.13082 0.0146909
100996717 0.13082 0.0146909
100996763 0.13082 0.0146909
5336 0.130777 0.0146909
3716 0.130719 0.0146909
54550 0.130595 0.0146909
2353 0.130572 0.0146909
7322 0.130544 0.0146909
10146 0.130483 0.0146909
3717 0.130259 0.0146909
7020 0.129778 0.0150499
6925 0.129676 0.0150499
3881 0.12956 0.0150499
10152 0.129497 0.0150499
4841 0.129411 0.0150499
3801 0.129139 0.0150499
386682 0.129118 0.0150499
11030 0.129105 0.0150499
7329 0.128741 0.0150499
7205 0.128661 0.0150499
166 0.128653 0.0150499
83878 0.128328 0.0150499
5295 0.128063 0.0150499
22938 0.128003 0.0150499
5781 0.127985 0.0150499
672 0.127845 0.0150499
7965 0.127804 0.0150499
887 0.127637 0.0150499
5296 0.127144 0.0150499
5717 0.12677 0.0150499
3326 0.126364 0.0150499
5770 0.125437 0.0150499
8503 0.124505 0.0150499
5747 0.124485 0.0150499
57162 0.124098 0.0150499
8650 0.123463 0.0150499
2475 0.123258 0.0150499
5580 0.12273 0.0150499
26260 0.12229 0.0150499
1956 0.121398 0.0150499
55023 0.120755 0.0150499
5599 0.12074 0.0150499
7531 0.120389 0.0150499
2885 0.120085 0.0150499
57127 0.119379 0.0155509
3066 0.11537 0.0155509
3053 0.11499 0.0155509
3953 0.114461 0.0155509
1616 0.113728 0.0155509
3101 0.110262 0.0155509
9856 0.109076 0.0159873
83401 0.10726 0.0159873
2702 0.104269 0.0159873
9214 0.10408 0.0159873
279 0.100542 0.0159873
8577 0.097047 0.0170866
100526694 0.097047 0.0170866
2867 0.094828 0.0170866
7940 0.094709 0.0170866
3293 0.09399 0.0170866
80328 0.093772 0.0170866
23314 0.093715 0.0170866
84909 0.093133 0.0170866
3223 0.090864 0.0170866
886 0.090344 0.0170866
3146 0.090033 0.0170866
150962 0.089855 0.0311073
158427 0.089708 0.0311073
148014 0.089029 0.0311073
400745 0.089029 0.0311073
1185 0.089029 0.0311073
118430 0.089029 0.0311073
29956 0.089012 0.0311073
23401 0.087927 0.0311073
6424 0.087835 0.0311073
26269 0.087685 0.0311073
3811 0.0866 0.0311073
2667 0.0866 0.0311073
570 0.086246 0.0311073
3479 0.085754 0.0311073
54741 0.085581 0.0311073
54897 0.085512 0.0311073
5535 0.085486 0.0311073
23387 0.085224 0.0311073
9687 0.085129 0.0311073
91283 0.084981 0.0311073
6423 0.084748 0.0311073
25818 0.084647 0.0311073
3993 0.084442 0.0311073
885 0.08431 0.0311073
23550 0.084273 0.0311073
84254 0.084144 0.0311073
51335 0.083986 0.0311073
3822 0.08371 0.0311073
79695 0.083634 0.0311073
51196 0.083261 0.0311073
56660 0.083218 0.0311073
26035 0.083018 0.0311073
7464 0.082911 0.0311073
1515 0.082618 0.0311073
94240 0.082418 0.0311073
2938 0.082343 0.0311073
266747 0.082337 0.0311073
23179 0.082337 0.0311073
3598 0.082225 0.0311073
3235 0.082088 0.0311073
966 0.08203 0.0311073
284366 0.081889 0.0311073
4360 0.081545 0.0311073
10603 0.081525 0.0311073
27122 0.081418 0.0311073
157638 0.081012 0.0311073
200958 0.080708 0.0311073
126374 0.080628 0.0311073
96459 0.080489 0.0311073
9077 0.080308 0.0311073
10942 0.080286 0.0311073
54942 0.080162 0.0311073
92304 0.080057 0.0311073
9783 0.079979 0.2613958
388753 0.079317 0.2613958
5670 0.079229 0.2613958
55714 0.079229 0.2613958
58486 0.079229 0.2613958
10952 0.079127 0.2613958
9902 0.079007 0.2613958
80760 0.078997 0.2613958
4241 0.07878 0.2613958
414899 0.078644 0.2613958
2312 0.078567 0.2613958
8938 0.078451 0.2613958
55363 0.078434 0.2613958
7040 0.078339 0.2613958
432395 0.078282 0.2613958
25984 0.078282 0.2613958
720 0.078282 0.2613958
84085 0.078282 0.2613958
721 0.078282 0.2613958
100293534 0.078282 0.2613958
64236 0.078273 0.2613958
201163 0.078269 0.2613958
9530 0.078174 0.2613958
55859 0.078168 0.2613958
11006 0.077905 0.2613958
89858 0.077905 0.2613958
115653 0.077905 0.2613958
3804 0.077905 0.2613958
100132285 0.077905 0.2613958
84174 0.077755 0.2613958
4795 0.077678 0.2613958
11009 0.077437 0.2613958
7056 0.077381 0.2613958
79899 0.077226 0.2613958
81788 0.077181 0.2613958
4046 0.077112 0.2613958
8651 0.07702 0.2613958
25759 0.076992 0.2613958
54206 0.076848 0.2613958
2322 0.076742 0.2613958
2119 0.076734 0.2613958
1012 0.076671 0.2613958
10116 0.076643 0.2613958
203523 0.076403 0.2613958
7579 0.076403 0.2613958
27030 0.076329 0.2613958
7010 0.076046 0.2613958
8036 0.075995 0.2613958
29893 0.075908 0.2613958
2219 0.075897 0.2613958
8483 0.075897 0.2613958
1001 0.075722 0.2613958
4987 0.075685 0.2613958
1474 0.075644 0.2613958
2057 0.075361 0.2613958
5791 0.075248 0.2613958
91608 0.075042 0.2613958
3484 0.074809 0.2613958
2176 0.074761 0.2613958
51422 0.074672 0.2613958
5368 0.074643 0.2613958
10395 0.074596 0.2613958
5128 0.074557 0.2613958
3802 0.074555 0.2613958
7006 0.074549 0.2613958
9180 0.074508 0.2613958
10870 0.0745 0.2613958
6539 0.074396 0.2613958
4163 0.07423 0.2613958
26034 0.074126 0.2613958
130340 0.074082 0.2613958
222826 0.07407 0.2613958
64411 0.07407 0.2613958
64902 0.073954 0.2613958
50863 0.073954 0.2613958
3560 0.073859 0.2613958
660 0.073846 0.2613958
5787 0.073813 0.2613958
7294 0.073771 0.2613958
238 0.073638 0.2613958
6004 0.073566 0.2613958
3458 0.073529 0.2613958
84951 0.073455 0.2613958
5157 0.073442 0.2613958
221527 0.073366 0.2613958
200186 0.073328 0.2613958
4233 0.073244 0.2613958
79109 0.07313 0.2613958
4915 0.073034 0.2613958
10451 0.073029 0.2613958
699 0.072951 0.2613958
92305 0.072932 0.2613958
10457 0.07277 0.2613958
8404 0.072721 0.2613958
5793 0.072645 0.2613958
197342 0.072606 0.2613958
64427 0.072606 0.2613958
84264 0.072606 0.2613958
338596 0.072606 0.2613958
117159 0.072522 0.2613958
643535 0.07244 0.2613958
79729 0.07244 0.2613958
131566 0.07244 0.2613958
152189 0.07244 0.2613958
23007 0.07244 0.2613958
1299 0.07244 0.2613958
2549 0.072403 0.2613958
155465 0.072399 0.2613958
10019 0.072345 0.2613958
10307 0.072251 0.2613958
2264 0.072229 0.2613958
7097 0.072211 0.2613958
2697 0.072193 0.2613958
399694 0.072122 0.2613958
6098 0.072118 0.2613958
205147 0.072105 0.2613958
6352 0.072083 0.2613958
1796 0.071979 0.2613958
2013 0.071958 0.2613958
60676 0.071896 0.2613958
7305 0.071875 0.2613958
5800 0.071828 0.2613958
8313 0.071718 0.2613958
8493 0.071651 0.2613958
8613 0.071644 0.2613958
5159 0.071599 0.2613958
4893 0.071436 0.2613958
3909 0.071417 0.2613958
55777 0.071377 0.2613958
685 0.071345 0.2613958
10653 0.071256 0.2613958
1154 0.071219 0.2613958
51209 0.071206 0.2613958
10045 0.07119 0.2613958
4595 0.071122 0.2613958
8835 0.071097 0.2613958
220164 0.071076 0.2613958
3815 0.071076 0.2613958
5788 0.071066 0.2613958
4052 0.071061 0.2613958
4486 0.071014 0.2613958
192683 0.07099 0.2613958
6503 0.070974 0.2613958
2185 0.070946 0.2613958
140597 0.070915 0.2613958
5653 0.070834 0.2613958
2887 0.070812 0.2613958
22937 0.070774 0.2613958
657 0.070741 0.2613958
23207 0.070665 0.2613958
3682 0.070644 0.2613958
640 0.070549 0.2613958
1268 0.070503 0.2613958
3459 0.070474 0.2613958
53358 0.07045 0.2613958
5290 0.070438 0.2613958
23556 0.070421 0.2613958
7517 0.070413 0.2613958
55620 0.0704 0.2613958
2321 0.070381 0.2613958
2263 0.07035 0.2613958
53632 0.070331 0.2613958
29760 0.070297 0.2613958
9846 0.070292 0.2613958
4145 0.070279 0.2613958
2919 0.070276 0.2613958
23231 0.070268 0.2613958
3702 0.070197 0.2613958
135 0.070153 0.2613958
64759 0.070142 0.2613958
1445 0.070118 0.2613958
26191 0.070097 0.2613958
57504 0.070094 0.2613958
4953 0.070071 0.2613958
344148 0.070067 0.2613958
55 0.070056 0.2613958
5866 0.070055 0.2613958
3490 0.070039 0.2613958
7275 0.069961 0.5271003
5156 0.069878 0.5271003
89795 0.069869 0.5271003
7253 0.069837 0.5271003
7145 0.0698 0.5271003
5797 0.06979 0.5271003
2065 0.069765 0.5271003
4496 0.069751 0.5271003
5796 0.069745 0.5271003
5076 0.069724 0.5271003
9821 0.069692 0.5271003
79078 0.069655 0.5271003
3783 0.069604 0.5271003
9509 0.069585 0.5271003
253260 0.069576 0.5271003
7048 0.069537 0.5271003
4086 0.069529 0.5271003
64223 0.069491 0.5271003
387535 0.069486 0.5271003
23303 0.069472 0.5271003
5662 0.069454 0.5271003
5475 0.069443 0.5271003
401152 0.069443 0.5271003
5470 0.069443 0.5271003
3786 0.069443 0.5271003
2914 0.069443 0.5271003
116449 0.069421 0.5271003
11093 0.069371 0.5271003
5803 0.069341 0.5271003
80146 0.069336 0.5271003
8435 0.069336 0.5271003
117145 0.069336 0.5271003
695 0.069299 0.5271003
4916 0.069209 0.5271003
2268 0.06917 0.5271003
6464 0.069169 0.5271003
51557 0.069161 0.5271003
5328 0.069155 0.5271003
6714 0.069043 0.5271003
4089 0.06904 0.5271003
91768 0.069011 0.5271003
79085 0.069009 0.5271003
84335 0.06899 0.5271003
3084 0.068962 0.5271003
6790 0.068958 0.5271003
2260 0.068912 0.5271003
7075 0.068875 0.5271003
558 0.068869 0.5271003
55715 0.068859 0.5271003
5335 0.068853 0.5271003
26057 0.06884 0.5271003
8038 0.068835 0.5271003
27040 0.068832 0.5271003
5189 0.068832 0.5271003
4058 0.068832 0.5271003
81029 0.068793 0.5271003
29906 0.068793 0.5271003
257144 0.068793 0.5271003
414927 0.068793 0.5271003
147746 0.068793 0.5271003
151647 0.068793 0.5271003
255631 0.068793 0.5271003
220686 0.068793 0.5271003
9356 0.068793 0.5271003
221458 0.068793 0.5271003
375133 0.068793 0.5271003
55608 0.068793 0.5271003
3708 0.068779 0.5271003
1398 0.068725 0.5271003
867 0.068692 0.5271003
6452 0.06864 0.5271003
6654 0.068621 0.5271003
7490 0.068614 0.5271003
55851 0.068589 0.5271003
1630 0.068562 0.5271003
145226 0.068548 0.5271003
2596 0.068524 0.5271003
80762 0.06851 0.5271003
9949 0.068497 0.5271003
2308 0.068493 0.5271003
5777 0.068476 0.5271003
2047 0.068451 0.5271003
1495 0.068436 0.5271003
5782 0.068422 0.5271003
10044 0.068404 0.5271003
10818 0.06839 0.5271003
6850 0.068389 0.5271003
117157 0.068387 0.5271003
11167 0.068331 0.5271003
8471 0.068326 0.5271003
143187 0.0683 0.5271003
79970 0.068291 0.5271003
56899 0.068257 0.5271003
26469 0.068245 0.5271003
23365 0.068226 0.5271003
10297 0.068193 0.5271003
3642 0.068168 0.5271003
1500 0.068161 0.5271003
65988 0.068141 0.5271003
9306 0.068107 0.5271003
668 0.068106 0.5271003
1399 0.06806 0.5271003
144100 0.068016 0.5271003
57464 0.068013 0.5271003
7031 0.068001 0.5271003
6521 0.067987 0.5271003
23086 0.067953 0.5271003
2690 0.067937 0.5271003
1436 0.067906 0.5271003
5612 0.067901 0.5271003
3932 0.067881 0.5271003
59067 0.067867 0.5271003
10544 0.06784 0.5271003
9021 0.067834 0.5271003
23125 0.067833 0.5271003
5753 0.067807 0.5271003
6900 0.067805 0.5271003
673 0.067775 0.5271003
6776 0.067772 0.5271003
51206 0.06773 0.5271003
7157 0.067708 0.5271003
386618 0.067702 0.5271003
3791 0.067699 0.5271003
1041 0.067689 0.5271003
857 0.067688 0.5271003
196383 0.067687 0.5271003
29995 0.067679 0.5271003
1003 0.067679 0.5271003
3161 0.067675 0.5271003
22794 0.067654 0.5271003
4690 0.067651 0.5271003
9047 0.067644 0.5271003
26502 0.067642 0.5271003
51181 0.067608 0.5271003
206358 0.067583 0.5271003
2852 0.067583 0.5271003
7125 0.067576 0.5271003
79949 0.067563 0.5271003
26167 0.067563 0.5271003
154810 0.067563 0.5271003
1499 0.067562 0.5271003
4651 0.067505 0.5271003
79728 0.067501 0.5271003
347862 0.067472 0.5271003
159162 0.067455 0.5271003
51204 0.067454 0.5271003
3055 0.067452 0.5271003
165 0.067446 0.5271003
90843 0.067446 0.5271003
1337 0.067446 0.5271003
54453 0.067445 0.5271003
84547 0.06743 0.5271003
10810 0.067418 0.5271003
11311 0.067411 0.5271003
29948 0.067403 0.5271003
367 0.067397 0.5271003
56479 0.067341 0.5271003
84709 0.067309 0.5271003
6504 0.067309 0.5271003
4067 0.067308 0.5271003
5136 0.067284 0.5271003
84687 0.067268 0.5271003
8408 0.067256 0.5271003
50807 0.067245 0.5271003
9091 0.067209 0.5271003
595 0.067208 0.5271003
5774 0.067184 0.5271003
7409 0.067157 0.5271003
27 0.067151 0.5271003
3572 0.067146 0.5271003
4803 0.067126 0.5271003
2746 0.067094 0.5271003
55888 0.067092 0.5271003
4853 0.06709 0.5271003
1634 0.06708 0.5271003
5291 0.067068 0.5271003
1046 0.067039 0.5271003
2241 0.067038 0.5271003
522 0.067026 0.5271003
1029 0.067002 0.5271003
3785 0.066964 0.5271003
63978 0.066953 0.5271003
84941 0.066902 0.5271003
57536 0.066892 0.5271003
23396 0.06689 0.5271003
3082 0.066888 0.5271003
841 0.066861 0.5271003
6272 0.066821 0.5271003
128239 0.066806 0.5271003
2005 0.066779 0.5271003
11186 0.066766 0.5271003
11197 0.066758 0.5271003
112936 0.066746 0.5271003
92241 0.066742 0.5271003
64802 0.06671 0.5271003
5521 0.066685 0.5271003
5361 0.066682 0.5271003
10817 0.066679 0.5271003
2886 0.066656 0.5271003
1833 0.066642 0.5271003
133383 0.066642 0.5271003
2258 0.066632 0.5271003
2033 0.06663 0.5271003
130 0.066612 0.5271003
9610 0.066607 0.5271003
7535 0.06658 0.5271003
23294 0.066571 0.5271003
5170 0.06656 0.5271003
284004 0.066546 0.5271003
5784 0.066537 0.5271003
27286 0.066536 0.5271003
3845 0.066508 0.5271003
10489 0.066508 0.5271003
4734 0.066506 0.5271003
1606 0.066497 0.5271003
55607 0.066497 0.5271003
83593 0.066478 0.5271003
84440 0.066462 0.5271003
4703 0.066458 0.5271003
24140 0.066431 0.5271003
51686 0.066425 0.5271003
57530 0.066418 0.5271003
30818 0.066418 0.5271003
940 0.066413 0.5271003
55294 0.066402 0.5271003
5745 0.066386 0.5271003
51292 0.066377 0.5271003
25 0.066377 0.5271003
100101267 0.06637 0.5271003
2066 0.066366 0.5271003
2768 0.066352 0.5271003
8502 0.06634 0.5271003
4582 0.066333 0.5271003
23035 0.066316 0.5271003
7003 0.066303 0.5271003
9402 0.066302 0.5271003
137392 0.066289 0.5271003
10672 0.066267 0.5271003
79650 0.066255 0.5271003
4137 0.066253 0.5271003
8536 0.066251 0.5271003
116448 0.066246 0.5271003
1579 0.066226 0.5271003
5979 0.06622 0.5271003
5293 0.066213 0.5271003
57551 0.066212 0.5271003
1435 0.066187 0.5271003
9546 0.066167 0.5271003
4752 0.066123 0.5271003
4047 0.066072 0.5271003
150000 0.066072 0.5271003
2159 0.066069 0.5271003
2904 0.066019 0.5271003
80262 0.066016 0.5271003
2130 0.066015 0.5271003
8074 0.066009 0.5271003
2255 0.066009 0.5271003
2254 0.066009 0.5271003
2251 0.066009 0.5271003
8822 0.066009 0.5271003
79872 0.065997 0.5271003
160140 0.065994 0.5271003
3561 0.065976 0.5271003
7039 0.065968 0.5271003
7316 0.065949 0.5271003
6774 0.065948 0.5271003
3846 0.065947 0.5271003
4900 0.065903 0.5271003
100289635 0.065894 0.5271003
820 0.065894 0.5271003
23558 0.065885 0.5271003
6233 0.065879 0.5271003
80895 0.065872 0.5271003
222008 0.065867 0.5271003
55006 0.065863 0.5271003
5603 0.06586 0.5271003
114 0.06586 0.5271003
79710 0.065854 0.5271003
8915 0.06584 0.5271003
6655 0.065836 0.5271003
55502 0.065831 0.5271003
5894 0.065831 0.5271003
5004 0.065828 0.5271003
122809 0.06582 0.5271003
2100 0.06581 0.5271003
2932 0.065802 0.5271003
201254 0.065779 0.5271003
1999 0.065779 0.5271003
8314 0.065774 0.5271003
116362 0.065774 0.5271003
151525 0.065772 0.5271003
84236 0.065772 0.5271003
222171 0.065772 0.5271003
5638 0.065772 0.5271003
7005 0.065763 0.5271003
493861 0.065757 0.5271003
26233 0.065732 0.5271003
4756 0.065701 0.5271003
6416 0.065686 0.5271003
5594 0.06568 0.5271003
10188 0.065661 0.5271003
2534 0.065654 0.5271003
4292 0.065652 0.5271003
4609 0.065633 0.5271003
23180 0.065613 0.5271003
4068 0.065608 0.5271003
1024 0.065602 0.5271003
3784 0.06559 0.5271003
1978 0.065569 0.5271003
4087 0.065569 0.5271003
51741 0.065566 0.5271003
51157 0.065554 0.5271003
125115 0.065537 0.5271003
5526 0.065522 0.5271003
5920 0.06552 0.5271003
7454 0.06551 0.5271003
388585 0.065484 0.5271003
79587 0.065484 0.5271003
259 0.065483 0.5271003
54754 0.06548 0.5271003
148170 0.065475 0.5271003
3206 0.065469 0.5271003
79870 0.065445 0.5271003
100861412 0.065412 0.5271003
25788 0.065412 0.5271003
107984056 0.065407 0.5271003
5395 0.065407 0.5271003
3697 0.065406 0.5271003
152559 0.065403 0.5271003
575 0.065402 0.5271003
84270 0.065398 0.5271003
84707 0.065392 0.5271003
23235 0.065389 0.5271003
64762 0.065367 0.5271003
7186 0.065363 0.5271003
10058 0.065351 0.5271003
25780 0.065344 0.5271003
4250 0.065339 0.5271003
3725 0.065339 0.5271003
814 0.065336 0.5271003
995 0.065303 0.5271003
63897 0.065299 0.5271003
55300 0.065284 0.5271003
25855 0.065265 0.5271003
4088 0.065249 0.5271003
5595 0.065236 0.5271003
27128 0.065233 0.5271003
5863 0.065206 0.5271003
493 0.065154 0.5271003
9564 0.06515 0.5271003
22859 0.065142 0.5271003
5829 0.065135 0.5271003
55632 0.065135 0.5271003
23252 0.065134 0.5271003
323 0.065132 0.5271003
9479 0.06513 0.5271003
1460 0.065128 0.5271003
50855 0.065125 0.5271003
8440 0.06512 0.5271003
5499 0.065116 0.5271003
256309 0.065114 0.5271003
9743 0.065097 0.5271003
6497 0.065083 0.5271003
57520 0.06508 0.5271003
55914 0.06507 0.5271003
6329 0.065068 0.5271003
1800 0.065068 0.5271003
55002 0.065066 0.5271003
6772 0.065065 0.5271003
22836 0.065064 0.5271003
1855 0.065063 0.5271003
7046 0.065062 0.5271003
1326 0.065059 0.5271003
2801 0.065037 0.5271003
4193 0.065037 0.5271003
1813 0.065029 0.5271003
5987 0.065014 0.5271003
3937 0.065011 0.5271003
818 0.064977 0.5271003
7098 0.064977 0.5271003
4905 0.064968 0.5271003
2913 0.064942 0.5271003
28984 0.06494 0.5271003
55243 0.064936 0.5271003
2060 0.064929 0.5271003
1038 0.064928 0.5271003
7529 0.064909 0.5271003
10381 0.064909 0.5271003
56413 0.064901 0.5271003
7525 0.064899 0.5271003
27173 0.064863 0.5271003
79930 0.064857 0.5271003
644 0.064853 0.5271003
1850 0.064842 0.5271003
1947 0.064818 0.5271003
84057 0.064814 0.5271003
5925 0.064804 0.5271003
5165 0.064796 0.5271003
3315 0.06479 0.5271003
843 0.06478 0.5271003
1054 0.064773 0.5271003
309 0.064771 0.5271003
7533 0.064765 0.5271003
1123 0.064755 0.5271003
10439 0.064754 0.5271003
8444 0.064753 0.5271003
84960 0.064753 0.5271003
2591 0.064743 0.5271003
9744 0.064735 0.5271003
3551 0.064726 0.5271003
23239 0.064709 0.5271003
669 0.064702 0.5271003
64430 0.064701 0.5271003
10588 0.064698 0.5271003
340371 0.064698 0.5271003
5105 0.06469 0.5271003
6615 0.064689 0.5271003
133015 0.064687 0.5271003
1387 0.064686 0.5271003
2824 0.064684 0.5271003
6777 0.064676 0.5271003
64798 0.064673 0.5271003
23371 0.064661 0.5271003
1741 0.064659 0.5271003
7161 0.064654 0.5271003
1454 0.064639 0.5271003
11135 0.064625 0.5271003
63826 0.064622 0.5271003
59286 0.064621 0.5271003
8945 0.064597 0.5271003
80975 0.064587 0.5271003
79906 0.064587 0.5271003
728378 0.064587 0.5271003
1031 0.064583 0.5271003
65266 0.064575 0.5271003
102800317 0.064575 0.5271003
6733 0.064574 0.5271003
5494 0.06456 0.5271003
3689 0.064558 0.5271003
8857 0.064553 0.5271003
408 0.064547 0.5271003
5966 0.064547 0.5271003
4284 0.064542 0.5271003
441273 0.064539 0.5271003
51701 0.064537 0.5271003
2444 0.064536 0.5271003
1944 0.064535 0.5271003
409 0.064528 0.5271003
153090 0.064522 0.5271003
4188 0.064513 0.5271003
322 0.064512 0.5271003
9595 0.064512 0.5271003
572 0.064483 0.5271003
4085 0.064478 0.5271003
23028 0.064472 0.5271003
152503 0.064471 0.5271003
815 0.064468 0.5271003
3838 0.06445 0.5271003
5515 0.064427 0.5271003
57020 0.064418 0.5271003
5163 0.064418 0.5271003
2099 0.064404 0.5271003
613 0.064404 0.5271003
8874 0.064398 0.5271003
868 0.064382 0.5271003
25980 0.06438 0.5271003
84708 0.064363 0.5271003
8560 0.064361 0.5271003
5359 0.064358 0.5271003
114609 0.064355 0.5271003
23129 0.06434 0.5271003
260425 0.064335 0.5271003
6331 0.064325 0.5271003
23384 0.064321 0.5271003
2242 0.064319 0.5271003
3224 0.064317 0.5271003
7589 0.064314 0.5271003
5338 0.064312 0.5271003
5300 0.064305 0.5271003
10971 0.064304 0.5271003
5970 0.064304 0.5271003
7341 0.064297 0.5271003
1915 0.064295 0.5271003
26060 0.064285 0.5271003
8131 0.064282 0.5271003
55357 0.064274 0.5271003
84952 0.064269 0.5271003
7159 0.064261 0.5271003
389690 0.064253 0.5271003
4084 0.064241 0.5271003
1027 0.064237 0.5271003
5587 0.064231 0.5271003
5923 0.064229 0.5271003
91544 0.064228 0.5271003
51421 0.064225 0.5271003
79680 0.064221 0.5271003
54764 0.064217 0.5271003
64397 0.064217 0.5271003
4009 0.06421 0.5271003
9261 0.064202 0.5271003
10657 0.06419 0.5271003
23461 0.06419 0.5271003
149371 0.064182 0.5271003
200728 0.064182 0.5271003
6752 0.064181 0.5271003
5207 0.06418 0.5271003
83737 0.064178 0.5271003
64866 0.064176 0.5271003
11184 0.064174 0.5271003
4538 0.064171 0.5271003
5175 0.064169 0.5271003
5771 0.064165 0.5271003
22882 0.064162 0.5271003
1457 0.064155 0.5271003
3635 0.064144 0.5271003
140459 0.064139 0.5271003
3938 0.064137 0.5271003
761 0.064137 0.5271003
112714 0.064126 0.5271003
1147 0.064126 0.5271003
84445 0.064126 0.5271003
1739 0.064119 0.5271003
115677 0.064092 0.5271003
386681 0.06409 0.5271003
6461 0.06409 0.5271003
3481 0.064088 0.5271003
23281 0.064085 0.5271003
8554 0.064085 0.5271003
5724 0.06408 0.5271003
51286 0.064074 0.5271003
9146 0.064072 0.5271003
89 0.06406 0.5271003
7249 0.064057 0.5271003
3781 0.064048 0.5271003
993 0.064045 0.5271003
3300 0.064041 0.5271003
7137 0.064038 0.5271003
1605 0.064032 0.5271003
28999 0.064031 0.5271003
2335 0.064026 0.5271003
3630 0.064025 0.5271003
513 0.064024 0.5271003
10755 0.064017 0.5271003
57176 0.064008 0.5271003
3700 0.063999 0.5271003
4117 0.063994 0.5271003
1026 0.06399 0.5271003
79738 0.063984 0.5271003
246330 0.063983 0.5271003
154796 0.063982 0.5271003
5730 0.063978 0.5271003
55844 0.063977 0.5271003
4216 0.063974 0.5271003
1969 0.063973 0.5271003
79000 0.063966 0.5271003
10524 0.063962 0.5271003
26524 0.063958 0.5271003
521 0.063954 0.5271003
3320 0.06395 0.5271003
2244 0.063947 0.5271003
282974 0.063945 0.5271003
22858 0.063942 0.5271003
8470 0.063933 0.5271003
2034 0.063932 0.5271003
836 0.063929 0.5271003
56957 0.063914 0.5271003
1879 0.063907 0.5271003
57159 0.063904 0.5271003
121053 0.063902 0.5271003
51078 0.0639 0.5271003
3338 0.063898 0.5271003
1432 0.063897 0.5271003
356 0.063879 0.5271003
3065 0.063872 0.5271003
26003 0.063869 0.5271003
5581 0.063865 0.5271003
983 0.06386 0.5271003
79864 0.063854 0.5271003
6446 0.063851 0.5271003
25898 0.063848 0.5271003
94005 0.063844 0.5271003
23327 0.063837 0.5271003
775 0.063835 0.5271003
6386 0.06383 0.5271003
6199 0.063826 0.5271003
10273 0.063826 0.5271003
5597 0.063824 0.5271003
7132 0.063817 0.5271003
64943 0.063815 0.5271003
170685 0.063813 0.5271003
7189 0.063812 0.5271003
5601 0.063812 0.5271003
55757 0.063802 0.5271003
5888 0.063799 0.5271003
10391 0.063796 0.5271003
85409 0.063794 0.5271003
5294 0.06379 0.5271003
220082 0.063783 0.5271003
8878 0.063775 0.5271003
6901 0.063761 0.5271003
4843 0.06376 0.5271003
283212 0.063752 0.5271003
51765 0.06375 0.5271003
80125 0.063738 0.5271003
472 0.063727 0.5271003
2162 0.063726 0.5271003
5371 0.06372 0.5271003
7185 0.063719 0.5271003
9623 0.063715 0.5271003
4436 0.063709 0.5271003
5331 0.063704 0.5271003
8853 0.063704 0.5271003
55816 0.0637 0.5271003
55802 0.063692 0.5271003
23162 0.063688 0.5271003
1386 0.063684 0.5271003
84795 0.063684 0.5271003
2889 0.063683 0.5271003
51058 0.063679 0.5271003
7390 0.063678 0.5271003
414060 0.06367 0.5271003
121278 0.06367 0.5271003
729873 0.06367 0.5271003
84218 0.06367 0.5271003
101060321 0.06367 0.5271003
5406 0.06367 0.5271003
50649 0.063668 0.5271003
101930241 0.063668 0.5271003
5329 0.063664 0.5271003
6659 0.06366 0.5271003
386675 0.063659 0.5271003
9784 0.063657 0.5271003
4155 0.06365 0.5271003
101059953 0.063646 0.5271003
101059938 0.063646 0.5271003
9099 0.06364 0.5271003
83452 0.063631 0.5271003
351 0.06361 0.5271003
10298 0.063609 0.5271003
10324 0.063608 0.5271003
3685 0.063603 0.5271003
3775 0.063603 0.5271003
9732 0.0636 0.5271003
57697 0.0636 0.5271003
65125 0.063598 0.5271003
6667 0.063593 0.5271003
9612 0.063589 0.5271003
60 0.063588 0.5271003
51474 0.063581 0.5271003
8031 0.063576 0.5271003
6310 0.063575 0.5271003
9891 0.063573 0.5271003
4215 0.063572 0.5271003
54922 0.063569 0.5271003
84433 0.063562 0.5271003
4217 0.06356 0.5271003
6905 0.063553 0.5271003
51542 0.063551 0.5271003
55503 0.063545 0.5271003
5354 0.063542 0.5271003
317762 0.063541 0.5271003
10628 0.063539 0.5271003
10413 0.063538 0.5271003
5584 0.063529 0.5271003
4223 0.063528 0.5271003
9727 0.063526 0.5271003
5898 0.063521 0.5271003
5590 0.06352 0.5271003
7273 0.06352 0.5271003
6773 0.063514 0.5271003
114907 0.063514 0.5271003
81 0.063503 0.5271003
1028 0.063501 0.5271003
386676 0.063477 0.5271003
386678 0.063477 0.5271003
26088 0.063471 0.5271003
998 0.06347 0.5271003
26272 0.063469 0.5271003
23031 0.063461 0.5271003
378465 0.063455 0.5271003
163 0.063453 0.5271003
6337 0.063451 0.5271003
4851 0.063449 0.5271003
9931 0.063443 0.5271003
2920 0.063442 0.5271003
2597 0.063441 0.5271003
79033 0.063439 0.5271003
3728 0.063439 0.5271003
8517 0.063436 0.5271003
2623 0.063429 0.5271003
87 0.063423 0.5271003
162 0.063422 0.5271003
6256 0.063419 0.5271003
5213 0.063419 0.5271003
9367 0.063415 0.5271003
285971 0.063412 0.5271003
6502 0.063412 0.5271003
246184 0.063406 0.5271003
6414 0.063401 0.5271003
8626 0.063401 0.5271003
5347 0.063389 0.5271003
51282 0.063389 0.5271003
10522 0.063385 0.5271003
9589 0.063382 0.5271003
9223 0.063374 0.5271003
5315 0.063374 0.5271003
5900 0.06337 0.5271003
4650 0.063366 0.5271003
2274 0.063365 0.5271003
6988 0.063361 0.5271003
1017 0.063359 0.5271003
2004 0.063355 0.5271003
197 0.063353 0.5271003
6867 0.063353 0.5271003
27347 0.063348 0.5271003
5783 0.06334 0.5271003
51778 0.063338 0.5271003
2730 0.063335 0.5271003
22806 0.063332 0.5271003
57732 0.06333 0.5271003
8431 0.063329 0.5271003
84955 0.063317 0.5271003
7428 0.063316 0.5271003
5155 0.063314 0.5271003
81792 0.063311 0.5271003
8029 0.063306 0.5271003
4301 0.0633 0.5271003
54149 0.063298 0.5271003
10987 0.063298 0.5271003
79839 0.063298 0.5271003
26249 0.063294 0.5271003
10750 0.06329 0.5271003
56893 0.063287 0.5271003
7410 0.063287 0.5271003
1407 0.063284 0.5271003
5507 0.063282 0.5271003
23647 0.063277 0.5271003
10278 0.063275 0.5271003
3726 0.063274 0.5271003
10746 0.063273 0.5271003
10466 0.063273 0.5271003
10048 0.063272 0.5271003
23542 0.063271 0.5271003
51564 0.06327 0.5271003
5187 0.063269 0.5271003
130026 0.063267 0.5271003
9138 0.063252 0.5271003
29109 0.063245 0.5271003
5509 0.063234 0.5271003
5340 0.063233 0.5271003
5932 0.063228 0.5271003
25930 0.063223 0.5271003
2934 0.063221 0.5271003
10841 0.06322 0.5271003
117178 0.063219 0.5271003
7532 0.063211 0.5271003
23166 0.063207 0.5271003
54507 0.063206 0.5271003
378884 0.063204 0.5271003
27130 0.063195 0.5271003
10253 0.063193 0.5271003
57554 0.063192 0.5271003
5582 0.063186 0.5271003
250 0.063185 0.5271003
9093 0.063184 0.5271003
10771 0.06318 0.5271003
10551 0.063179 0.5271003
369 0.063178 0.5271003
8725 0.063176 0.5271003
4792 0.063176 0.5271003
6885 0.063168 0.5271003
25830 0.063154 0.5271003
116496 0.063152 0.5271003
26224 0.063152 0.5271003
4005 0.063151 0.5271003
10202 0.063149 0.5271003
10100 0.063148 0.5271003
4683 0.063146 0.5271003
57154 0.063146 0.5271003
9611 0.063142 0.5271003
1264 0.063142 0.5271003
8553 0.063142 0.5271003
373 0.06314 0.5271003
25937 0.063138 0.5271003
255758 0.063137 0.5271003
4214 0.063136 0.5271003
3064 0.063133 0.5271003
6732 0.063114 0.5271003
80319 0.063109 0.5271003
1793 0.063109 0.5271003
8647 0.063107 0.5271003
2042 0.063105 0.5271003
25758 0.063102 0.5271003
7449 0.063098 0.5271003
8548 0.063089 0.5271003
83755 0.063081 0.5271003
5308 0.063079 0.5271003
5525 0.063078 0.5271003
23433 0.063077 0.5271003
137492 0.06307 0.5271003
50619 0.063069 0.5271003
3190 0.063067 0.5271003
9134 0.063067 0.5271003
1912 0.063059 0.5271003
2309 0.063058 0.5271003
2931 0.063052 0.5271003
85376 0.063049 0.5271003
2908 0.063048 0.5271003
406 0.063043 0.5271003
11097 0.063041 0.5271003
8864 0.06304 0.5271003
5243 0.063035 0.5271003
7874 0.063035 0.5271003
5879 0.063034 0.5271003
2815 0.063034 0.5271003
1845 0.063034 0.5271003
5319 0.063026 0.5271003
51588 0.063019 0.5271003
84970 0.063018 0.5271003
378708 0.063016 0.5271003
100526739 0.063016 0.5271003
7321 0.063015 0.5271003
55626 0.063013 0.5271003
23390 0.063008 0.5271003
3309 0.063001 0.5271003
1441 0.062999 0.5271003
2810 0.062992 0.5271003
1950 0.062989 0.5271003
440915 0.062985 0.5271003
5684 0.062984 0.5271003
3091 0.062984 0.5271003
23624 0.06298 0.5271003
701 0.062979 0.5271003
996 0.062979 0.5271003
118471 0.062978 0.5271003
5591 0.062976 0.5271003
80117 0.062965 0.5271003
3665 0.062961 0.5271003
355 0.062961 0.5271003
29990 0.062959 0.5271003
51096 0.062956 0.5271003
64121 0.06295 0.5271003
994 0.062946 0.5271003
79980 0.062945 0.5271003
5468 0.062943 0.5271003
3778 0.062942 0.5271003
5578 0.062939 0.5271003
2023 0.062937 0.5271003
368 0.062936 0.5271003
1020 0.062936 0.5271003
10241 0.062935 0.5271003
5529 0.062931 0.5271003
1429 0.06293 0.5271003
8434 0.062925 0.5271003
860 0.062923 0.5271003
6453 0.062922 0.5271003
5566 0.062914 0.5271003
6789 0.062912 0.5271003
4629 0.06291 0.5271003
3866 0.062905 0.5271003
9513 0.062904 0.5271003
4615 0.062898 0.5271003
85291 0.062894 0.5271003
50514 0.062894 0.5271003
8976 0.062892 0.5271003
54760 0.062892 0.5271003
596 0.062889 0.5271003
8543 0.062887 0.5271003
177 0.062886 0.5271003
6358 0.062879 0.5271003
23163 0.062877 0.5271003
2113 0.062875 0.5271003
51499 0.062872 0.5271003
5999 0.06287 0.5271003
1068 0.062867 0.5271003
283899 0.062846 0.5271003
8831 0.062845 0.5271003
22877 0.062839 0.5271003
6657 0.062838 0.5271003
811 0.062837 0.5271003
118788 0.062837 0.5271003
7514 0.062833 0.5271003
5600 0.062828 0.5271003
4739 0.062827 0.5271003
659 0.062826 0.5271003
145508 0.062825 0.5271003
58512 0.062825 0.5271003
219333 0.06282 0.5271003
5794 0.06282 0.5271003
10254 0.06282 0.5271003
991 0.062814 0.5271003
5579 0.062812 0.5271003
51231 0.062806 0.5271003
714 0.062802 0.5271003
10325 0.062801 0.5271003
50488 0.062796 0.5271003
9647 0.062796 0.5271003
9965 0.062781 0.5271003
22920 0.062778 0.5271003
386680 0.062777 0.5271003
85358 0.062773 0.5271003
10560 0.06277 0.5271003
29979 0.062769 0.5271003
7029 0.062767 0.5271003
10983 0.062763 0.5271003
9260 0.062762 0.5271003
54542 0.06276 0.5271003
55611 0.062759 0.5271003
23071 0.06275 0.5271003
23181 0.062746 0.5271003
4303 0.062743 0.5271003
155382 0.062739 0.5271003
2059 0.062737 0.5271003
3875 0.062734 0.5271003
7984 0.062733 0.5271003
6197 0.062731 0.5271003
6605 0.06273 0.5271003
26271 0.062729 0.5271003
1000 0.062728 0.5271003
30011 0.062723 0.5271003
9675 0.062721 0.5271003
5910 0.062719 0.5271003
2002 0.062716 0.5271003
3756 0.062714 0.5271003
83899 0.062709 0.5271003
88 0.062708 0.5271003
1107 0.062694 0.5271003
59342 0.062693 0.5271003
79365 0.06269 0.5271003
83897 0.062688 0.5271003
5598 0.062685 0.5271003
6334 0.062682 0.5271003
8495 0.062676 0.5271003
117581 0.062675 0.5271003
6840 0.062675 0.5271003
4763 0.062672 0.5271003
85302 0.062669 0.5271003
9079 0.062662 0.5271003
2615 0.062661 0.5271003
7375 0.062659 0.5271003
64112 0.062656 0.5271003
4000 0.062652 0.5271003
283 0.062652 0.5271003
56940 0.062649 0.5271003
4778 0.062647 0.5271003
5899 0.062643 0.5271003
80351 0.062626 0.5271003
9063 0.062623 0.5271003
30008 0.062618 0.5271003
10013 0.062617 0.5271003
90060 0.062615 0.5271003
7022 0.062612 0.5271003
6543 0.062612 0.5271003
29882 0.062609 0.5271003
78995 0.062609 0.5271003
2547 0.062609 0.5271003
9463 0.062604 0.5271003
10193 0.062604 0.5271003
284001 0.062603 0.5271003
9368 0.062602 0.5271003
7431 0.062602 0.5271003
4793 0.062601 0.5271003
23054 0.062598 0.5271003
4194 0.062597 0.5271003
1180 0.06259 0.5271003
8065 0.06259 0.5271003
89870 0.062582 0.5271003
5682 0.062581 0.5271003
287015 0.062578 0.5271003
4118 0.062578 0.5271003
8646 0.062574 0.5271003
84304 0.062574 0.5271003
9088 0.062569 0.5271003
1869 0.062568 0.5271003
5593 0.062565 0.5271003
6996 0.062562 0.5271003
9101 0.06256 0.5271003
1742 0.062558 0.5271003
9863 0.062556 0.5271003
2275 0.062555 0.5271003
9575 0.062555 0.5271003
3198 0.062551 0.5271003
9817 0.062551 0.5271003
1994 0.062549 0.5271003
8312 0.062547 0.5271003
4846 0.062546 0.5271003
100132979 0.062537 0.5271003
55663 0.062527 0.5271003
5609 0.062526 0.5271003
121268 0.062522 0.5271003
54971 0.062521 0.5271003
6854 0.062518 0.5271003
9961 0.062514 0.5271003
6853 0.062512 0.5271003
6613 0.062511 0.5271003
9719 0.06251 0.5271003
64398 0.06251 0.5271003
1019 0.062509 0.5271003
23118 0.062506 0.5271003
23623 0.062504 0.5271003
2261 0.062503 0.5271003
8763 0.062498 0.5271003
2896 0.062494 0.5271003
374 0.06249 0.5271003
7337 0.062486 0.5271003
10015 0.06248 0.5271003
3280 0.062478 0.5271003
11330 0.062478 0.5271003
5914 0.062474 0.5271003
4771 0.062467 0.5271003
1452 0.062463 0.5271003
274 0.062458 0.5271003
51372 0.062458 0.5271003
4946 0.062455 0.5271003
102724770 0.062453 0.5271003
8214 0.062453 0.5271003
8678 0.062453 0.5271003
80196 0.062451 0.5271003
79836 0.06245 0.5271003
4437 0.062446 0.5271003
10437 0.062446 0.5271003
9894 0.062446 0.5271003
65220 0.062445 0.5271003
53616 0.062443 0.5271003
55211 0.062437 0.5271003
100652766 0.062435 0.5271003
667 0.062435 0.5271003
89797 0.062433 0.5271003
11086 0.062431 0.5271003
3984 0.062429 0.5271003
5425 0.062428 0.5271003
834 0.062426 0.5271003
22924 0.062426 0.5271003
9618 0.062421 0.5271003
545 0.062413 0.5271003
738 0.062412 0.5271003
23762 0.062409 0.5271003
9852 0.062409 0.5271003
9098 0.062406 0.5271003
1953 0.062405 0.5271003
51341 0.062404 0.5271003
201798 0.062404 0.5271003
1612 0.062404 0.5271003
11043 0.062396 0.5271003
1746 0.062395 0.5271003
404665 0.06239 0.5271003
8411 0.062385 0.5271003
5536 0.062384 0.5271003
8567 0.062384 0.5271003
3727 0.062383 0.5271003
10691 0.062381 0.5271003
92714 0.06238 0.5271003
3183 0.06238 0.5271003
51380 0.06238 0.5271003
7704 0.062376 0.5271003
3577 0.062369 0.5271003
89780 0.062367 0.5271003
537 0.062366 0.5271003
331 0.062362 0.5271003
1278 0.062359 0.5271003
29079 0.062353 0.5271003
7334 0.062353 0.5271003
11337 0.062349 0.5271003
92344 0.062347 0.5271003
23208 0.062346 0.5271003
7917 0.062346 0.5271003
55704 0.062343 0.5271003
55580 0.062343 0.5271003
27033 0.062343 0.5271003
8697 0.062342 0.5271003
60491 0.06234 0.5271003
5147 0.062338 0.5271003
10979 0.062336 0.5271003
10539 0.062335 0.5271003
1856 0.062334 0.5271003
81889 0.062333 0.5271003
6195 0.062326 0.5271003
6009 0.06232 0.5271003
11011 0.062319 0.5271003
7414 0.062319 0.5271003
467 0.062318 0.5271003
140460 0.062311 0.5271003
334 0.062311 0.5271003
5520 0.062311 0.5271003
1453 0.06231 0.5271003
4772 0.062308 0.5271003
3096 0.062305 0.5271003
7013 0.062304 0.5271003
2355 0.062304 0.5271003
7295 0.062303 0.5271003
79720 0.062295 0.5271003
11183 0.062291 0.5271003
431707 0.062289 0.5271003
79800 0.062286 0.5271003
5524 0.062286 0.5271003
7311 0.06228 0.5271003
55160 0.06228 0.5271003
226 0.062279 0.5271003
91703 0.062278 0.5271003
9156 0.062278 0.5271003
64170 0.062278 0.5271003
84460 0.062276 0.5271003
64182 0.062275 0.5271003
4212 0.062275 0.5271003
9659 0.062275 0.5271003
653513 0.062275 0.5271003
9942 0.062272 0.5271003
54476 0.062272 0.5271003
4790 0.06227 0.5271003
64750 0.062269 0.5271003
123722 0.062268 0.5271003
1649 0.062266 0.5271003
7804 0.062266 0.5271003
5817 0.062266 0.5271003
64860 0.062264 0.5271003
10075 0.062261 0.5271003
4826 0.06226 0.5271003
4646 0.062257 0.5271003
945 0.062256 0.5271003
7083 0.062255 0.5271003
11007 0.062253 0.5271003
1822 0.062253 0.5271003
5306 0.062252 0.5271003
4082 0.062248 0.5271003
6478 0.062247 0.5271003
64926 0.062235 0.5271003
23108 0.062235 0.5271003
55778 0.062235 0.5271003
4033 0.062235 0.5271003
55872 0.062234 0.5271003
8856 0.062233 0.5271003
4092 0.062231 0.5271003
29966 0.062229 0.5271003
2621 0.062229 0.5271003
9189 0.062226 0.5271003
4509 0.062226 0.5271003
57104 0.062224 0.5271003
1021 0.062221 0.5271003
8851 0.062219 0.5271003
9978 0.062219 0.5271003
10768 0.062217 0.5271003
170082 0.062216 0.5271003
155368 0.062216 0.5271003
1613 0.062214 0.5271003
773 0.062213 0.5271003
1459 0.062211 0.5271003
29945 0.062208 0.5271003
580 0.062208 0.5271003
3304 0.062205 0.5271003
3303 0.062205 0.5271003
3710 0.062201 0.5271003
1487 0.062198 0.5271003
2316 0.062198 0.5271003
8648 0.062197 0.5271003
374403 0.062197 0.5271003
57664 0.062195 0.5271003
8826 0.062191 0.5271003
7018 0.062185 0.5271003
390 0.06218 0.5271003
7123 0.062174 0.5271003
26058 0.062174 0.5271003
3856 0.062173 0.5271003
84619 0.062171 0.5271003
1039 0.062167 0.5271003
7074 0.06216 0.5271003
29986 0.062159 0.5271003
10454 0.062159 0.5271003
5071 0.062158 0.5271003
3172 0.062158 0.5271003
2624 0.062156 0.5271003
51529 0.062155 0.5271003
10957 0.062154 0.5271003
5500 0.062154 0.5271003
10458 0.062152 0.5271003
6014 0.062152 0.5271003
10529 0.062152 0.5271003
285753 0.062151 0.5271003
7389 0.062146 0.5271003
1155 0.062143 0.5271003
4638 0.062143 0.5271003
65987 0.06214 0.5271003
10865 0.06214 0.5271003
5585 0.062139 0.5271003
7041 0.062134 0.5271003
117144 0.062132 0.5271003
598 0.062127 0.5271003
79571 0.062121 0.5271003
1072 0.06212 0.5271003
51604 0.062116 0.5271003
22981 0.062116 0.5271003
25959 0.062113 0.5271003
128977 0.062113 0.5271003
817 0.062111 0.5271003
84219 0.06211 0.5271003
114824 0.06211 0.5271003
1780 0.06211 0.5271003
89970 0.062109 0.5271003
3312 0.062107 0.5271003
55422 0.062106 0.5271003
2956 0.062104 0.5271003
23528 0.062104 0.5271003
7128 0.062101 0.5271003
55165 0.062095 0.5271003
1163 0.062087 0.5271003
3329 0.062082 0.5271003
53822 0.062079 0.5271003
171546 0.062076 0.5271003
4035 0.062072 0.5271003
339044 0.062072 0.5271003
7718 0.062068 0.5271003
4090 0.062068 0.5271003
7456 0.062064 0.5271003
641 0.062062 0.5271003
839 0.06206 0.5271003
8576 0.062059 0.5271003
71 0.062057 0.5271003
5950 0.062056 0.5271003
2903 0.062053 0.5271003
921 0.06205 0.5271003
3688 0.062049 0.5271003
8061 0.062049 0.5271003
6769 0.062047 0.5271003
386677 0.062043 0.5271003
7291 0.062043 0.5271003
5605 0.062039 0.5271003
6477 0.062038 0.5271003
10142 0.062038 0.5271003
22841 0.062037 0.5271003
4599 0.062036 0.5271003
51222 0.062036 0.5271003
890 0.062033 0.5271003
2122 0.062033 0.5271003
10399 0.06203 0.5271003
2017 0.062029 0.5271003
140258 0.062029 0.5271003
9859 0.062029 0.5271003
9874 0.062028 0.5271003
27185 0.062025 0.5271003
100506658 0.062022 0.5271003
4950 0.062022 0.5271003
6427 0.06202 0.5271003
310 0.062019 0.5271003
5886 0.062019 0.5271003
11154 0.062011 0.5271003
27342 0.062009 0.5271003
3184 0.062005 0.5271003
6711 0.062004 0.5271003
7430 0.062004 0.5271003
1937 0.062003 0.5271003
10318 0.062001 0.5271003
6622 0.061997 0.5271003
6500 0.061997 0.5271003
8766 0.061996 0.5271003
387 0.061995 0.5271003
655 0.061992 0.5271003
55072 0.06199 0.5271003
350 0.06199 0.5271003
55093 0.061988 0.5271003
3860 0.061987 0.5271003
80347 0.061987 0.5271003
51043 0.061986 0.5271003
388324 0.061986 0.5271003
2950 0.061982 0.5271003
154 0.06198 0.5271003
4197 0.061977 0.5271003
56204 0.061974 0.5271003
5430 0.061972 0.5271003
51307 0.061968 0.5271003
23090 0.061965 0.5271003
2192 0.061964 0.5271003
826 0.061964 0.5271003
6693 0.061959 0.5271003
101929889 0.061959 0.5271003
10320 0.061957 0.5271003
57670 0.061954 0.5271003
171483 0.061952 0.5271003
5528 0.061951 0.5271003
6091 0.061948 0.5271003
10597 0.061946 0.5271003
4751 0.061945 0.5271003
3693 0.061943 0.5271003
24144 0.061938 0.5271003
1385 0.061938 0.5271003
54904 0.061937 0.5271003
8673 0.061935 0.5271003
954 0.061934 0.5271003
8900 0.061933 0.5271003
8452 0.061933 0.5271003
64333 0.06193 0.5271003
163033 0.061928 0.5271003
6696 0.061927 0.5271003
339366 0.061925 0.5271003
10401 0.061923 0.5271003
85280 0.061922 0.5271003
6117 0.061922 0.5271003
11339 0.061919 0.5271003
645455 0.061915 0.5271003
5518 0.061915 0.5271003
6374 0.061914 0.5271003
688 0.061914 0.5271003
25847 0.061911 0.5271003
7178 0.06191 0.5271003
121549 0.061905 0.5271003
10787 0.061905 0.5271003
1871 0.061901 0.5271003
81565 0.0619 0.5271003
1759 0.0619 0.5271003
6093 0.0619 0.5271003
5934 0.061896 0.5271003
2982 0.061895 0.5271003
326625 0.061892 0.5271003
119504 0.061891 0.5271003
3014 0.061886 0.5271003
4294 0.061885 0.5271003
8681 0.061885 0.5271003
100137049 0.061885 0.5271003
7277 0.061884 0.5271003
120892 0.061883 0.5271003
892 0.061882 0.5271003
1785 0.061881 0.5271003
23580 0.06188 0.5271003
7323 0.06188 0.5271003
5586 0.061878 0.5271003
10980 0.061878 0.5271003
4830 0.061877 0.5271003
10389 0.061876 0.5271003
9075 0.061876 0.5271003
3880 0.061873 0.5271003
2969 0.061868 0.5271003
7421 0.061866 0.5271003
26278 0.061864 0.5271003
675 0.061864 0.5271003
56998 0.061863 0.5271003
7415 0.061861 0.5271003
5287 0.06186 0.5271003
84281 0.061855 0.5271003
84832 0.06185 0.5271003
1050 0.061848 0.5271003
122961 0.061848 0.5271003
3150 0.061844 0.5271003
1601 0.061843 0.5271003
7750 0.061842 0.5271003
8204 0.061841 0.5271003
29127 0.061836 0.5271003
25913 0.061836 0.5271003
9470 0.061835 0.5271003
9551 0.061834 0.5271003
8687 0.061832 0.5271003
2224 0.061831 0.5271003
6938 0.061822 0.5271003
51061 0.061817 0.5271003
6767 0.061814 0.5271003
8850 0.061811 0.5271003
9915 0.061809 0.5271003
55729 0.061807 0.5271003
90933 0.061801 0.5271003
10417 0.0618 0.5271003
493753 0.0618 0.5271003
10460 0.0618 0.5271003
23641 0.061796 0.5271003
51271 0.061794 0.5271003
5267 0.061792 0.5271003
9447 0.061791 0.5271003
4107 0.061791 0.5271003
4004 0.06179 0.5271003
8612 0.061789 0.5271003
125488 0.061785 0.5271003
1447 0.061781 0.5271003
1111 0.06178 0.5271003
7301 0.06178 0.5271003
6597 0.061779 0.5271003
6720 0.061778 0.5271003
22954 0.061776 0.5271003
823 0.061774 0.5271003
22890 0.061773 0.5271003
5527 0.061771 0.5271003
8881 0.061769 0.5271003
9474 0.061768 0.5271003
9232 0.061768 0.5271003
2812 0.061767 0.5271003
8745 0.061767 0.5271003
10963 0.061767 0.5271003
63898 0.061765 0.5271003
58157 0.061765 0.5271003
9586 0.061763 0.5271003
54910 0.061754 0.5271003
1843 0.061753 0.5271003
835 0.06175 0.5271003
6788 0.061748 0.5271003
11276 0.061748 0.5271003
101060399 0.061747 0.5271003
56911 0.061746 0.5271003
2175 0.061745 0.5271003
7572 0.061744 0.5271003
6097 0.061742 0.5271003
3429 0.061741 0.5271003
1306 0.061741 0.5271003
8839 0.061741 0.5271003
83982 0.061741 0.5271003
26994 0.06174 0.5271003
7021 0.06174 0.5271003
1270 0.06174 0.5271003
51562 0.061735 0.5271003
3097 0.061734 0.5271003
9133 0.061732 0.5271003
339834 0.061731 0.5271003
1600 0.061729 0.5271003
56952 0.061728 0.5271003
5111 0.061728 0.5271003
3195 0.061727 0.5271003
7248 0.061727 0.5271003
5052 0.061726 0.5271003
8358 0.061725 0.5271003
8350 0.061725 0.5271003
8351 0.061725 0.5271003
8352 0.061725 0.5271003
8353 0.061725 0.5271003
8354 0.061725 0.5271003
8355 0.061725 0.5271003
8356 0.061725 0.5271003
8357 0.061725 0.5271003
8968 0.061725 0.5271003
23043 0.061725 0.5271003
204851 0.061722 0.5271003
4635 0.061722 0.5271003
6120 0.061721 0.5271003
4800 0.061719 0.5271003
3927 0.061716 0.5271003
55735 0.061716 0.5271003
9414 0.061715 0.5271003
84676 0.061715 0.5271003
54793 0.061714 0.5271003
3337 0.061712 0.5271003
8675 0.06171 0.5271003
468 0.061709 0.5271003
51185 0.061707 0.5271003
330 0.061707 0.5271003
91523 0.061703 0.5271003
84892 0.061703 0.5271003
78999 0.061703 0.5271003
4759 0.061703 0.5271003
2166 0.061703 0.5271003
337960 0.061703 0.5271003
4306 0.061703 0.5271003
93343 0.061702 0.5271003
9319 0.061701 0.5271003
6196 0.0617 0.5271003
7094 0.061695 0.5271003
6934 0.061693 0.5271003
8202 0.061693 0.5271003
7391 0.061691 0.5271003
51053 0.06169 0.5271003
5710 0.061688 0.5271003
5125 0.061687 0.5271003
1191 0.061685 0.5271003
358 0.061677 0.5271003
445 0.061676 0.5271003
11171 0.061675 0.5271003
10570 0.061674 0.5271003
23607 0.061673 0.5271003
338785 0.06167 0.5271003
83990 0.061669 0.5271003
147687 0.061669 0.5271003
6943 0.061668 0.5271003
7372 0.061666 0.5271003
10904 0.06166 0.5271003
353132 0.061659 0.5271003
9839 0.061655 0.5271003
79172 0.061654 0.5271003
2253 0.061648 0.5271003
31 0.061646 0.5271003
84727 0.061645 0.5271003
54058 0.061644 0.5271003
2067 0.061644 0.5271003
9810 0.061643 0.5271003
212 0.061642 0.5271003
547 0.061642 0.5271003
55929 0.061642 0.5271003
100996750 0.06164 0.5271003
29924 0.061638 0.5271003
6449 0.061636 0.5271003
79803 0.061634 0.5271003
92912 0.061634 0.5271003
83896 0.061632 0.5271003
604 0.061631 0.5271003
9531 0.06163 0.5271003
388818 0.061625 0.5271003
51305 0.061623 0.5271003
5519 0.061623 0.5271003
60598 0.061623 0.5271003
548593 0.061623 0.5271003
79008 0.061623 0.5271003
118812 0.061622 0.5271003
55845 0.061616 0.5271003
10521 0.06161 0.5271003
10738 0.061609 0.5271003
27246 0.061609 0.5271003
80321 0.061605 0.5271003
85359 0.061604 0.5271003
8676 0.061604 0.5271003
6462 0.061603 0.5271003
240 0.061602 0.5271003
1173 0.061601 0.5271003
149483 0.061601 0.5271003
158297 0.061599 0.5271003
83442 0.061596 0.5271003
51429 0.061596 0.5271003
5465 0.061592 0.5271003
54955 0.06159 0.5271003
6929 0.061589 0.5271003
8837 0.061588 0.5271003
3313 0.061587 0.5271003
1080 0.061586 0.5271003
1271 0.061585 0.5271003
2010 0.061584 0.5271003
2811 0.061583 0.5271003
142 0.061581 0.5271003
54926 0.061581 0.5271003
64581 0.06158 0.5271003
6602 0.061579 0.5271003
54535 0.061577 0.5271003
3151 0.061572 0.5271003
80726 0.061572 0.5271003
8795 0.061572 0.5271003
997 0.061569 0.5271003
4110 0.061568 0.5271003
64682 0.061567 0.5271003
10636 0.061567 0.5271003
80325 0.061565 0.5271003
92 0.061564 0.5271003
2168 0.061561 0.5271003
9318 0.061559 0.5271003
1846 0.061559 0.5271003
9111 0.061557 0.5271003
55239 0.061554 0.5271003
7052 0.061549 0.5271003
55004 0.061547 0.5271003
9778 0.061546 0.5271003
3858 0.061546 0.5271003
84984 0.061543 0.5271003
2146 0.061541 0.5271003
328 0.061535 0.5271003
3485 0.061533 0.5271003
9802 0.061532 0.5271003
10982 0.061532 0.5271003
84080 0.061531 0.5271003
5905 0.061531 0.5271003
4654 0.06153 0.5271003
571 0.061526 0.5271003
25942 0.061525 0.5271003
1786 0.061525 0.5271003
3777 0.061522 0.5271003
80022 0.061522 0.5271003
25839 0.061521 0.5271003
858 0.061519 0.5271003
1277 0.061512 0.5271003
8161 0.061511 0.5271003
79065 0.061506 0.5271003
5930 0.061501 0.5271003
8607 0.061499 0.5271003
23405 0.061498 0.5271003
4665 0.061496 0.5271003
51129 0.061495 0.5271003
816 0.061495 0.5271003
7068 0.061491 0.5271003
55183 0.06149 0.5271003
396 0.061486 0.5271003
64857 0.061486 0.5271003
9994 0.061486 0.5271003
4791 0.061485 0.5271003
54778 0.061484 0.5271003
3093 0.061483 0.5271003
378108 0.061483 0.5271003
3005 0.061482 0.5271003
149473 0.061482 0.5271003
4478 0.06148 0.5271003
1511 0.061479 0.5271003
10758 0.061479 0.5271003
1062 0.061478 0.5271003
2563 0.061478 0.5271003
10252 0.061477 0.5271003
9750 0.061476 0.5271003
25945 0.061476 0.5271003
9741 0.061469 0.5271003
57580 0.061468 0.5271003
51225 0.061468 0.5271003
6737 0.061466 0.5271003
10615 0.061465 0.5271003
466 0.061465 0.5271003
3308 0.061463 0.5271003
100132476 0.061463 0.5271003
2512 0.061461 0.5271003
5152 0.06146 0.5271003
4148 0.061459 0.5271003
114932 0.061459 0.5271003
22926 0.061456 0.5271003
51364 0.061454 0.5271003
64777 0.061453 0.5271003
1263 0.061453 0.5271003
2288 0.061453 0.5271003
132320 0.06145 0.5271003
4253 0.061448 0.5271003
7786 0.061444 0.5271003
5241 0.061436 0.5271003
114327 0.061436 0.5271003
7317 0.061435 0.5271003
10393 0.061434 0.5271003
54438 0.061432 0.5271003
54474 0.061431 0.5271003
8533 0.06143 0.5271003
7528 0.06143 0.5271003
5892 0.061425 0.5271003
5325 0.061422 0.5271003
79842 0.061421 0.5271003
79020 0.061419 0.5271003
23262 0.061417 0.5271003
1641 0.061416 0.5271003
4208 0.061414 0.5271003
1152 0.061413 0.5271003
8293 0.061413 0.5271003
728492 0.061413 0.5271003
56617 0.061413 0.5271003
200261 0.061413 0.5271003
581 0.061412 0.5271003
50618 0.061412 0.5271003
84959 0.061409 0.5271003
2495 0.061408 0.5271003
156 0.061404 0.5271003
51465 0.061404 0.5271003
55758 0.061402 0.5271003
10425 0.061401 0.5271003
79656 0.061398 0.5271003
391257 0.061397 0.5271003
6839 0.061396 0.5271003
11202 0.061392 0.5271003
6598 0.061388 0.5271003
440023 0.061386 0.5271003
22934 0.061383 0.5271003
389799 0.061383 0.5271003
115106 0.061383 0.5271003
11315 0.061381 0.5271003
6498 0.061376 0.5271003
79180 0.061376 0.5271003
64135 0.061376 0.5271003
84163 0.061376 0.5271003
1639 0.061375 0.5271003
6689 0.06137 0.5271003
27343 0.061368 0.5271003
5819 0.061368 0.5271003
128077 0.061363 0.5271003
3075 0.061362 0.5271003
84164 0.061362 0.5271003
5511 0.061359 0.5271003
120 0.061359 0.5271003
8841 0.061358 0.5271003
10365 0.061358 0.5271003
23243 0.061354 0.5271003
10933 0.061353 0.5271003
9112 0.061353 0.5271003
6606 0.061343 0.5271003
6607 0.061343 0.5271003
80149 0.061342 0.5271003
5478 0.061342 0.5271003
51433 0.061341 0.5271003
5108 0.06134 0.5271003
4862 0.061339 0.5271003
7376 0.061339 0.5271003
765 0.061338 0.5271003
116835 0.061338 0.5271003
79583 0.061338 0.5271003
55048 0.061338 0.5271003
163154 0.061337 0.5271003
5062 0.061337 0.5271003
93426 0.061334 0.5271003
60343 0.061333 0.5271003
200894 0.061332 0.5271003
5501 0.061332 0.5271003
83659 0.06133 0.5271003
7153 0.061329 0.5271003
7267 0.061326 0.5271003
23368 0.061325 0.5271003
8737 0.061323 0.5271003
63967 0.061321 0.5271003
6317 0.06132 0.5271003
140462 0.06132 0.5271003
440 0.061318 0.5271003
27034 0.061315 0.5271003
57862 0.061314 0.5271003
1540 0.061313 0.5271003
7276 0.061313 0.5271003
8481 0.06131 0.5271003
55198 0.061307 0.5271003
602 0.061299 0.5271003
51085 0.061299 0.5271003
705 0.061299 0.5271003
10014 0.061297 0.5271003
2494 0.061297 0.5271003
140612 0.061296 0.5271003
6691 0.06129 0.5271003
129303 0.061288 0.5271003
191 0.061287 0.5271003
3611 0.061282 0.5271003
7067 0.061281 0.5271003
4869 0.061279 0.5271003
373509 0.061279 0.5271003
2103 0.061279 0.5271003
54540 0.061275 0.5271003
6712 0.061274 0.5271003
3281 0.061274 0.5271003
23005 0.061274 0.5271003
583 0.061274 0.5271003
9672 0.061272 0.5271003
1025 0.061271 0.5271003
140606 0.06127 0.5271003
284418 0.06127 0.5271003
23034 0.061268 0.5271003
10023 0.061266 0.5271003
7167 0.061263 0.5271003
6945 0.061263 0.5271003
55658 0.061262 0.5271003
8861 0.061261 0.5271003
10616 0.061261 0.5271003
2670 0.061259 0.5271003
7142 0.061255 0.5271003
92822 0.061254 0.5271003
9657 0.061254 0.5271003
5607 0.061254 0.5271003
54 0.061249 0.5271003
5705 0.061247 0.5271003
3805 0.061244 0.5271003
9094 0.061243 0.5271003
5997 0.061242 0.5271003
329 0.061242 0.5271003
5093 0.061242 0.5271003
11346 0.061237 0.5271003
7345 0.061236 0.5271003
56923 0.061232 0.5271003
2184 0.061231 0.5271003
90678 0.06123 0.5271003
171023 0.06123 0.5271003
8907 0.061229 0.5271003
51306 0.061229 0.5271003
653240 0.061225 0.5271003
9328 0.061224 0.5271003
891 0.06122 0.5271003
5445 0.061218 0.5271003
23148 0.061217 0.5271003
154865 0.061216 0.5271003
23499 0.061215 0.5271003
64753 0.061214 0.5271003
64129 0.061214 0.5271003
23770 0.061212 0.5271003
353323 0.06121 0.5271003
51684 0.061209 0.5271003
9601 0.061206 0.5271003
7398 0.061205 0.5271003
84536 0.061204 0.5271003
2550 0.061203 0.5271003
84105 0.061201 0.5271003
9229 0.0612 0.5271003
2898 0.0612 0.5271003
8772 0.0612 0.5271003
4691 0.061199 0.5271003
23557 0.061199 0.5271003
10538 0.061198 0.5271003
9958 0.061198 0.5271003
10922 0.061195 0.5271003
59349 0.061194 0.5271003
5990 0.061194 0.5271003
27229 0.061188 0.5271003
64326 0.061188 0.5271003
4130 0.061188 0.5271003
23764 0.061186 0.5271003
8409 0.061184 0.5271003
6612 0.061184 0.5271003
64395 0.061179 0.5271003
79022 0.061178 0.5271003
501 0.061177 0.5271003
10197 0.061172 0.5271003
10210 0.061171 0.5271003
3516 0.061168 0.5271003
7283 0.061165 0.5271003
57088 0.061162 0.5271003
80705 0.06116 0.5271003
3192 0.061159 0.5271003
51545 0.061158 0.5271003
3852 0.061156 0.5271003
3705 0.061155 0.5271003
11140 0.061154 0.5271003
4660 0.061153 0.5271003
5933 0.061151 0.5271003
80270 0.06115 0.5271003
2872 0.06115 0.5271003
4804 0.061147 0.5271003
55664 0.061144 0.5271003
115426 0.061144 0.5271003
5013 0.061142 0.5271003
51005 0.061142 0.5271003
9943 0.061141 0.5271003
7879 0.061138 0.5271003
3069 0.061137 0.5271003
990 0.061137 0.5271003
7314 0.061136 0.5271003
39 0.061135 0.5271003
9929 0.061132 0.5271003
7916 0.061128 0.5271003
6045 0.061126 0.5271003
7184 0.061124 0.5271003
153769 0.061124 0.5271003
9869 0.061123 0.5271003
3872 0.061122 0.5271003
58524 0.061122 0.5271003
9975 0.06112 0.5271003
84766 0.06112 0.5271003
29968 0.061119 0.5271003
27156 0.061117 0.5271003
2280 0.061116 0.5271003
6993 0.061115 0.5271003
8544 0.061111 0.5271003
348174 0.061108 0.5271003
84914 0.061108 0.5271003
140885 0.061107 0.5271003
1295 0.061106 0.5271003
8349 0.061104 0.5271003
10567 0.061103 0.5271003
338321 0.061103 0.5271003
55835 0.061102 0.5271003
57562 0.061102 0.5271003
10989 0.061102 0.5271003
51213 0.061101 0.5271003
27429 0.0611 0.5271003
9883 0.061099 0.5271003
1195 0.061095 0.5271003
8462 0.061094 0.5271003
3884 0.061094 0.5271003
6721 0.061093 0.5271003
293 0.061092 0.5271003
55791 0.06109 0.5271003
7352 0.061089 0.5271003
3945 0.061089 0.5271003
7082 0.061088 0.5271003
54468 0.061084 0.5271003
6118 0.061084 0.5271003
55291 0.061083 0.5271003
11213 0.061083 0.5271003
3276 0.061083 0.5271003
9473 0.061081 0.5271003
9919 0.061075 0.5271003
8887 0.061074 0.5271003
147525 0.061073 0.5271003
23288 0.061072 0.5271003
2318 0.061072 0.5271003
4184 0.061072 0.5271003
53371 0.061069 0.5271003
10667 0.061068 0.5271003
151056 0.061066 0.5271003
9131 0.061065 0.5271003
4672 0.061065 0.5271003
5311 0.061062 0.5271003
6457 0.061061 0.5271003
8328 0.061059 0.5271003
1213 0.061058 0.5271003
10207 0.061058 0.5271003
27018 0.061055 0.5271003
1400 0.061053 0.5271003
4291 0.061051 0.5271003
150684 0.061051 0.5271003
5079 0.06105 0.5271003
10018 0.06105 0.5271003
7168 0.061048 0.5271003
57532 0.061048 0.5271003
9404 0.061048 0.5271003
1870 0.061048 0.5271003
6303 0.061048 0.5271003
1130 0.061045 0.5271003
401541 0.061044 0.5271003
6744 0.061041 0.5271003
23475 0.06104 0.5271003
5127 0.06104 0.5271003
81631 0.061038 0.5271003
28951 0.061037 0.5271003
23473 0.061033 0.5271003
4286 0.061033 0.5271003
2036 0.061032 0.5271003
50848 0.061031 0.5271003
79869 0.06103 0.5271003
1488 0.06103 0.5271003
26297 0.061029 0.5271003
3836 0.061029 0.5271003
54726 0.061027 0.5271003
340359 0.061027 0.5271003
2272 0.061026 0.5271003
2672 0.061025 0.5271003
8339 0.061023 0.5271003
8344 0.061023 0.5271003
3017 0.061023 0.5271003
1674 0.061023 0.5271003
8343 0.061023 0.5271003
8347 0.061023 0.5271003
8346 0.061023 0.5271003
637 0.061022 0.5271003
7086 0.061022 0.5271003
11155 0.061019 0.5271003
1642 0.061018 0.5271003
53615 0.061017 0.5271003
79047 0.061016 0.5271003
6456 0.061015 0.5271003
3040 0.061013 0.5271003
6421 0.061013 0.5271003
3039 0.061013 0.5271003
284058 0.061012 0.5271003
5139 0.061011 0.5271003
55558 0.06101 0.5271003
6647 0.061007 0.5271003
79594 0.061001 0.5271003
79400 0.060998 0.5271003
128553 0.060998 0.5271003
1977 0.060998 0.5271003
25950 0.060998 0.5271003
51015 0.060998 0.5271003
56159 0.060996 0.5271003
6722 0.060996 0.5271003
146664 0.060995 0.5271003
51631 0.060993 0.5271003
5992 0.060989 0.5271003
83639 0.060987 0.5271003
728411 0.060987 0.5271003
2 0.060987 0.5271003
9797 0.060987 0.5271003
93492 0.060987 0.5271003
54816 0.060987 0.5271003
54875 0.060987 0.5271003
283471 0.060987 0.5271003
222698 0.060987 0.5271003
160492 0.060987 0.5271003
54532 0.060985 0.5271003
1392 0.060983 0.5271003
3386 0.060982 0.5271003
2516 0.060981 0.5271003
22864 0.060981 0.5271003
5887 0.06098 0.5271003
55212 0.06098 0.5271003
2046 0.060976 0.5271003
1949 0.060976 0.5271003
2104 0.060976 0.5271003
79005 0.060975 0.5271003
100534012 0.060975 0.5271003
10874 0.060974 0.5271003
57473 0.060972 0.5271003
5034 0.060971 0.5271003
8986 0.060971 0.5271003
10783 0.060971 0.5271003
126626 0.06097 0.5271003
573 0.060969 0.5271003
7324 0.060967 0.5271003
64781 0.060967 0.5271003
9770 0.060965 0.5271003
6846 0.060965 0.5271003
824 0.060964 0.5271003
91694 0.060963 0.5271003
5859 0.060962 0.5271003
65018 0.060962 0.5271003
8405 0.060962 0.5271003
112399 0.060959 0.5271003
114971 0.060959 0.5271003
51255 0.060956 0.5271003
3670 0.060956 0.5271003
79843 0.060954 0.5271003
6829 0.060954 0.5271003
1983 0.060954 0.5271003
128821 0.060952 0.5271003
1164 0.060952 0.5271003
1610 0.060952 0.5271003
4094 0.060952 0.5271003
10617 0.060951 0.5271003
1857 0.060947 0.5271003
8871 0.060947 0.5271003
3024 0.060946 0.5271003
10403 0.060946 0.5271003
3400 0.060945 0.5271003
51138 0.060944 0.5271003
150483 0.060944 0.5271003
7138 0.060944 0.5271003
10206 0.060943 0.5271003
84140 0.060941 0.5271003
374454 0.060941 0.5271003
2805 0.06094 0.5271003
10459 0.060939 0.5271003
3178 0.060939 0.5271003
6455 0.060937 0.5271003
84271 0.060937 0.5271003
10163 0.060937 0.5271003
64098 0.060937 0.5271003
7114 0.060936 0.5271003
196477 0.060932 0.5271003
3297 0.060931 0.5271003
23001 0.06093 0.5271003
4205 0.06093 0.5271003
5129 0.060926 0.5271003
11035 0.060926 0.5271003
79931 0.060926 0.5271003
301 0.060925 0.5271003
56658 0.060923 0.5271003
81603 0.060923 0.5271003
7332 0.060923 0.5271003
27434 0.060922 0.5271003
900 0.060921 0.5271003
7216 0.06092 0.5271003
5764 0.060919 0.5271003
124 0.060918 0.5271003
6887 0.060917 0.5271003
112802 0.060915 0.5271003
7791 0.060913 0.5271003
4012 0.060913 0.5271003
8239 0.060911 0.5271003
6992 0.060911 0.5271003
629 0.06091 0.5271003
79165 0.06091 0.5271003
1840 0.060909 0.5271003
200081 0.060906 0.5271003
285679 0.060905 0.5271003
10856 0.060903 0.5271003
7001 0.0609 0.5271003
5245 0.060897 0.5271003
8825 0.060893 0.5271003
29110 0.060889 0.5271003
1991 0.060888 0.5271003
7088 0.060887 0.5271003
399947 0.060887 0.5271003
29116 0.060886 0.5271003
85369 0.060884 0.5271003
2271 0.060884 0.5271003
9049 0.060883 0.5271003
51807 0.060883 0.5271003
1962 0.060883 0.5271003
55739 0.060882 0.5271003
23568 0.060882 0.5271003
9464 0.060879 0.5271003
25828 0.060879 0.5271003
203054 0.060879 0.5271003
81567 0.060878 0.5271003
26528 0.060878 0.5271003
2313 0.060878 0.5271003
57662 0.060877 0.5271003
203068 0.060877 0.5271003
26121 0.060875 0.5271003
10486 0.060875 0.5271003
26574 0.060874 0.5271003
55885 0.060874 0.5271003
26275 0.060872 0.5271003
4659 0.060871 0.5271003
5495 0.06087 0.5271003
57634 0.060869 0.5271003
57459 0.060869 0.5271003
85013 0.060867 0.5271003
23650 0.060866 0.5271003
60626 0.060865 0.5271003
7620 0.060865 0.5271003
392 0.060863 0.5271003
2317 0.060861 0.5271003
55233 0.060861 0.5271003
7681 0.06086 0.5271003
2553 0.060858 0.5271003
2115 0.060856 0.5271003
51596 0.060852 0.5271003
92597 0.060852 0.5271003
79616 0.060847 0.5271003
1655 0.060845 0.5271003
7280 0.060844 0.5271003
55120 0.060843 0.5271003
10606 0.060842 0.5271003
3911 0.060841 0.5271003
51160 0.060841 0.5271003
55633 0.060841 0.5271003
64241 0.06084 0.5271003
3895 0.060835 0.5271003
10174 0.060835 0.5271003
29108 0.060834 0.5271003
9256 0.060831 0.5271003
55660 0.060831 0.5271003
115817 0.060828 0.5271003
29761 0.060825 0.5271003
54556 0.060823 0.5271003
978 0.060822 0.5271003
8658 0.060819 0.5271003
6895 0.060818 0.5271003
2177 0.060817 0.5271003
10499 0.060815 0.5271003
1102 0.060815 0.5271003
26511 0.060815 0.5271003
10370 0.060814 0.5271003
23636 0.060813 0.5271003
6096 0.060812 0.5271003
81629 0.060811 0.5271003
5292 0.060811 0.5271003
57556 0.060811 0.5271003
54461 0.06081 0.5271003
55823 0.060808 0.5271003
8518 0.060808 0.5271003
80764 0.060808 0.5271003
28996 0.060807 0.5271003
11345 0.060807 0.5271003
54386 0.060807 0.5271003
1894 0.060805 0.5271003
7399 0.060803 0.5271003
9184 0.060802 0.5271003
2937 0.060802 0.5271003
1196 0.060801 0.5271003
11244 0.0608 0.5271003
84294 0.0608 0.5271003
10024 0.0608 0.5271003
7408 0.060799 0.5271003
58191 0.060798 0.5271003
170954 0.060798 0.5271003
2189 0.060797 0.5271003
118424 0.060797 0.5271003
23199 0.060797 0.5271003
4627 0.060794 0.5271003
51434 0.060793 0.5271003
81854 0.060792 0.5271003
1627 0.060792 0.5271003
8674 0.060792 0.5271003
3558 0.060792 0.5271003
5154 0.060789 0.5271003
146760 0.060788 0.5271003
8760 0.060785 0.5271003
9759 0.060781 0.5271003
84081 0.060781 0.5271003
5733 0.060781 0.5271003
4281 0.06078 0.5271003
65268 0.060779 0.5271003
7494 0.060779 0.5271003
51608 0.060777 0.5271003
10540 0.060775 0.5271003
78990 0.060775 0.5271003
3654 0.060775 0.5271003
284185 0.060774 0.5271003
84058 0.060774 0.5271003
6051 0.060774 0.5271003
51259 0.060774 0.5271003
142937 0.060774 0.5271003
26138 0.060774 0.5271003
155066 0.060774 0.5271003
1406 0.060772 0.5271003
353145 0.060768 0.5271003
27232 0.060766 0.5271003
23586 0.060766 0.5271003
6709 0.060765 0.5271003
2669 0.060764 0.5271003
6811 0.060762 0.5271003
9025 0.060762 0.5271003
80817 0.060761 0.5271003
285381 0.06076 0.5271003
10055 0.06076 0.5271003
5218 0.060759 0.5271003
1470 0.060758 0.5271003
9500 0.060756 0.5271003
988 0.060756 0.5271003
27161 0.060756 0.5271003
90627 0.060755 0.5271003
55145 0.060754 0.5271003
10268 0.060752 0.5271003
54101 0.060751 0.5271003
353144 0.06075 0.5271003
8290 0.060749 0.5271003
10928 0.060748 0.5271003
4236 0.060747 0.5271003
3889 0.060747 0.5271003
51031 0.060746 0.5271003
1676 0.060746 0.5271003
3741 0.060744 0.5271003
9948 0.060743 0.5271003
29028 0.060741 0.5271003
84069 0.060741 0.5271003
286887 0.06074 0.5271003
26038 0.06074 0.5271003
137209 0.060739 0.5271003
55349 0.060737 0.5271003
15 0.060737 0.5271003
7150 0.060737 0.5271003
353141 0.060736 0.5271003
112942 0.060735 0.5271003
7351 0.060735 0.5271003
3298 0.060733 0.5271003
9970 0.060732 0.5271003
63027 0.060731 0.5271003
283152 0.060727 0.5271003
55011 0.060724 0.5271003
23310 0.060724 0.5271003
27330 0.060724 0.5271003
55249 0.060722 0.5271003
8796 0.060722 0.5271003
154313 0.060719 0.5271003
399687 0.060717 0.5271003
85440 0.060716 0.5271003
92129 0.060714 0.5271003
9590 0.060713 0.5271003
3476 0.060711 0.5271003
1455 0.06071 0.5271003
9911 0.060709 0.5271003
861 0.060708 0.5271003
55347 0.060707 0.5271003
25932 0.060704 0.5271003
84142 0.060704 0.5271003
11034 0.060703 0.5271003
25796 0.060703 0.5271003
23522 0.060703 0.5271003
9873 0.060701 0.5271003
7148 0.0607 0.5271003
57085 0.060699 0.5271003
5702 0.060699 0.5271003
9467 0.060697 0.5271003
170261 0.060695 0.5271003
386684 0.060695 0.5271003
9588 0.060694 0.5271003
8994 0.060689 0.5271003
196472 0.060687 0.5271003
84528 0.060685 0.5271003
5621 0.060683 0.5271003
248 0.060683 0.5271003
51567 0.060682 0.5271003
57396 0.060682 0.5271003
5090 0.060681 0.5271003
56254 0.060679 0.5271003
56243 0.060679 0.5271003
27338 0.060679 0.5271003
8539 0.060677 0.5271003
2305 0.060676 0.5271003
1794 0.060676 0.5271003
126070 0.060674 0.5271003
23191 0.060674 0.5271003
710 0.060674 0.5271003
90410 0.060672 0.5271003
65265 0.060669 0.5271003
55337 0.060668 0.5271003
337963 0.060668 0.5271003
10611 0.060667 0.5271003
6801 0.060664 0.5271003
6636 0.06066 0.5271003
7106 0.060659 0.5271003
2281 0.060658 0.5271003
140290 0.060657 0.5271003
64773 0.060657 0.5271003
55264 0.060657 0.5271003
3002 0.060655 0.5271003
29797 0.060654 0.5271003
7678 0.060654 0.5271003
137196 0.060654 0.5271003
79446 0.060652 0.5271003
125144 0.060652 0.5271003
6919 0.060651 0.5271003
10126 0.06065 0.5271003
10114 0.06065 0.5271003
10398 0.060649 0.5271003
4776 0.060649 0.5271003
390535 0.060648 0.5271003
23613 0.060648 0.5271003
7170 0.060645 0.5271003
3090 0.060645 0.5271003
2778 0.060643 0.5271003
471 0.060642 0.5271003
84872 0.060641 0.5271003
585 0.060641 0.5271003
7187 0.06064 0.5271003
7140 0.060637 0.5271003
9721 0.060637 0.5271003
9738 0.060634 0.5271003
4591 0.060634 0.5271003
9818 0.060634 0.5271003
9140 0.060633 0.5271003
29935 0.060633 0.5271003
440193 0.060629 0.5271003
9342 0.060628 0.5271003
7054 0.060628 0.5271003
79027 0.060627 0.5271003
325 0.060627 0.5271003
582 0.060626 0.5271003
9656 0.060625 0.5271003
10360 0.060625 0.5271003
1522 0.060624 0.5271003
5980 0.060623 0.5271003
862 0.060623 0.5271003
55917 0.060619 0.5271003
1523 0.060618 0.5271003
255877 0.060616 0.5271003
55022 0.060616 0.5271003
54108 0.060615 0.5271003
57761 0.060613 0.5271003
1892 0.060613 0.5271003
84675 0.060611 0.5271003
4154 0.06061 0.5271003
79632 0.060609 0.5271003
3336 0.060609 0.5271003
56676 0.060608 0.5271003
58500 0.060608 0.5271003
128178 0.060607 0.5271003
55957 0.060604 0.5271003
54902 0.060604 0.5271003
3417 0.060603 0.5271003
53335 0.060602 0.5271003
3853 0.060602 0.5271003
3399 0.060601 0.5271003
5510 0.0606 0.5271003
57142 0.0606 0.5271003
4176 0.0606 0.5271003
