9071	0.110034	79001
5657	0.130297	9235
166	0.099539	4088
166	0.097116	125115
166	0.100686	5987
166	0.097745	6386
166	0.097162	6925
166	0.100167	2801
166	0.098319	9146
166	0.098534	85302
166	0.097283	11030
166	0.100969	2885
166	0.097565	4005
166	0.097173	5562
166	0.101267	367
166	0.097034	29079
166	0.097949	5966
166	0.096499	8553
166	0.100575	6733
166	0.097155	10241
166	0.098109	1432
166	0.097713	1822
166	0.096971	9961
166	0.117608	5970
166	0.097100	5859
166	0.100181	7186
55294	0.106514	5595
55294	0.110444	207
55294	0.105936	9611
55294	0.108509	4609
55294	0.126999	6464
55294	0.105760	5604
55294	0.105889	8454
55294	0.125820	3845
55294	0.108539	3725
55294	0.106033	10413
55294	0.438242	931
55294	0.106851	6625
3250	0.110034	79001
5987	0.099809	1147
5987	0.100508	5371
5987	0.100678	7874
5987	0.099506	6386
5987	0.099853	8440
5987	0.101361	3065
5987	0.100764	8554
5987	0.100295	85302
5987	0.100483	7321
5987	0.099174	3551
5987	0.102731	2885
5987	0.106654	7157
5987	0.099282	6477
5987	0.106394	7329
5987	0.098935	5562
5987	0.100950	5925
5987	0.098822	5682
5987	0.120398	9063
5987	0.101929	10524
5987	0.098460	4176
5987	0.108761	4193
5987	0.099497	6427
5987	0.099432	26524
5987	0.100394	7704
5987	0.099071	7334
5987	0.098368	7319
5987	0.100463	7322
5987	0.098998	7323
5987	0.099246	51588
5987	0.098731	9961
5987	0.099308	373
346	0.110034	79001
7514	0.097554	25
7514	0.096526	6427
7514	0.103683	7157
7514	0.099073	3315
7514	0.095256	7161
7514	0.103422	7329
7514	0.096365	6772
7514	0.096749	4869
7514	0.115625	3845
7514	0.117396	5499
7514	0.097753	1398
7514	0.095433	3313
7514	0.097287	3190
7514	0.097058	7531
7514	0.095754	7533
7514	0.096465	1660
811	0.102071	2130
811	0.096723	5111
811	0.096531	3326
811	0.096249	5597
811	0.098705	3315
811	0.095297	5034
811	0.096426	7415
811	0.095196	5604
811	0.115256	3845
811	0.097404	3192
811	0.095573	351
811	0.097313	2023
811	0.094905	813
811	0.096689	7531
811	0.094968	5566
813	0.095861	5111
813	0.094106	5566
813	0.094435	5034
813	0.098900	1457
813	0.102191	7329
813	0.100181	1956
813	0.095564	7415
813	0.116260	29978
813	0.118407	29979
716	0.563046	79001
716	0.979054	715
716	0.626092	710
715	0.674234	5105
715	0.536011	2033
715	0.605146	710
714	0.420347	7020
714	0.419921	2286
713	0.497026	9235
713	0.514833	60401
713	0.484931	5970
713	0.819341	712
713	0.491271	4653
712	0.471730	9063
712	0.507861	283600
712	0.471794	29978
712	0.474771	54413
712	0.472347	3316
712	0.473941	29979
712	0.471699	5499
712	0.480900	64841
712	0.473376	6449
712	0.473077	7917
712	0.473108	10114
712	0.472690	5501
710	0.176098	1991
710	0.177205	6733
710	0.175521	2023
710	0.175332	3164
710	0.196614	7917
1499	0.098199	1147
1499	0.098257	5295
1499	0.096899	5601
1499	0.097694	3064
1499	0.097313	6925
1499	0.098915	25
1499	0.099378	8945
1499	0.097564	3551
1499	0.097672	6477
1499	0.104784	7329
1499	0.098897	5315
1499	0.106571	2033
1499	0.096811	324
1499	0.101417	367
1499	0.101609	207
1499	0.100139	2932
1499	0.098460	23411
1499	0.097822	26524
1499	0.100710	6714
1499	0.096938	4790
1499	0.096945	4792
1499	0.097606	2274
1499	0.117758	5970
1499	0.098089	7159
1499	0.098713	5599
1499	0.119864	867
1499	0.099405	145508
1499	0.102463	6233
1499	0.100248	1387
1499	0.098547	2064
1499	0.097067	2534
6790	0.098179	1147
6790	0.097345	983
6790	0.096628	8290
6790	0.118737	5499
6790	0.101589	207
6790	0.098527	5347
6790	0.119728	5501
6790	0.099357	8945
6790	0.097436	580
6790	0.097544	3551
6790	0.105023	7157
6790	0.104763	7329
6790	0.100706	6733
6790	0.098629	3184
6790	0.098089	4869
6790	0.097086	4841
6790	0.097970	8517
6790	0.096700	10521
6790	0.107131	4193
6790	0.102349	672
6790	0.097039	6732
6790	0.102752	1956
6790	0.097801	26524
6790	0.097440	7334
6790	0.096905	5604
6790	0.096598	7161
6790	0.099385	145508
6790	0.098629	3190
2316	0.098700	4088
2316	0.097272	3326
2316	0.096324	6925
2316	0.097369	2547
2316	0.097403	4000
2316	0.097660	3184
2316	0.097120	4869
2316	0.095822	324
2316	0.098125	1398
2316	0.100428	367
2316	0.096060	409
2316	0.095731	10521
2316	0.099720	6714
2316	0.097111	5966
2316	0.097167	5591
2316	0.096318	7273
2316	0.097271	1432
2316	0.095962	5578
2316	0.096185	9295
2316	0.098144	3192
2316	0.120840	54413
2316	0.099343	7186
5914	0.095437	7337
5914	0.096302	7704
5914	0.096522	5594
5914	0.099128	207
5914	0.094620	9611
5914	0.095336	2908
5914	0.096416	5371
5914	0.104669	4193
5914	0.095497	5597
5914	0.096586	7874
5914	0.094717	3066
5914	0.097367	7341
5914	0.095271	22938
5914	0.098227	6714
5914	0.095506	2099
5914	0.118517	29979
5859	0.094982	4093
5859	0.095212	1213
5859	0.094921	8503
5859	0.098035	1026
5859	0.094745	10521
5859	0.097511	5300
5859	0.098163	2932
5859	0.095308	310
5859	0.096216	84445
5859	0.094872	1647
5859	0.096011	3320
5859	0.096176	3178
5859	0.115010	3845
5859	0.095186	3181
5859	0.095837	6606
5859	0.095837	6607
5859	0.119854	54413
5859	0.095567	7083
5859	0.098356	7186
5859	0.095850	1660
1660	0.096755	5591
1660	0.097667	7874
1660	0.095941	988
1660	0.096453	6421
1660	0.095320	10521
1660	0.095555	10657
1660	0.097714	1398
1660	0.095496	3609
1660	0.103382	7329
1660	0.100969	672
1660	0.097732	3192
1660	0.098727	23028
1660	0.096751	3178
1660	0.095721	9961
1660	0.097248	3190
1660	0.096510	3309
1660	0.096280	6426
1660	0.116358	5970
1660	0.096558	5479
6386	0.095365	132320
6386	0.095427	7319
6386	0.102470	2130
6386	0.095843	9295
6386	0.097061	4000
6386	0.096341	6477
6386	0.096612	3183
6386	0.096472	9859
6386	0.095975	10241
6386	0.095855	29079
6386	0.099379	6714
6386	0.096770	5966
6386	0.096115	55660
4653	0.123716	2597
4653	0.126940	3543
4653	0.126940	92086
4653	0.123769	5315
4653	0.123665	60
4653	0.129290	3958
4653	0.121626	71
4653	0.126648	1915
2547	0.097584	5111
2547	0.098822	4088
2547	0.096826	3064
2547	0.097043	3309
2547	0.097524	4000
2547	0.096216	4809
2547	0.095752	6204
2547	0.097004	8968
2547	0.105704	2033
2547	0.098678	7534
2547	0.098678	7530
2547	0.096320	1213
2547	0.095853	10521
2547	0.106284	4193
2547	0.097004	8358
2547	0.097242	4869
2547	0.097591	23411
2547	0.097004	8350
2547	0.097004	8351
2547	0.097004	8352
2547	0.097004	8353
2547	0.097004	8354
2547	0.097004	8355
2547	0.097004	8356
2547	0.097004	8357
2547	0.097288	5591
2547	0.100624	1457
2547	0.095750	7409
2547	0.098266	3192
2547	0.097781	3190
2547	0.099380	1387
51115	0.110523	79001
51115	0.102908	7157
51115	0.116029	6464
4214	0.096177	1147
4214	0.095966	3320
4214	0.094878	5601
4214	0.095784	5886
4214	0.096832	7322
4214	0.096832	3164
4214	0.096448	9146
4214	0.094781	10254
4214	0.096852	7321
4214	0.095543	3551
4214	0.095366	7323
4214	0.102762	7329
4214	0.096397	7531
4214	0.118978	29979
4214	0.095029	409
4214	0.100349	672
4214	0.097684	3725
4214	0.094924	4792
4214	0.095659	5595
4214	0.096982	5594
4214	0.094857	26060
4214	0.096691	5599
4214	0.095743	5710
4214	0.098310	7186
1236	0.103512	916
4193	0.104542	7161
4193	0.107078	8554
4193	0.104709	9349
4193	0.112708	7329
4193	0.105911	3320
4193	0.104573	8290
4193	0.107676	3065
4193	0.107773	7341
4193	0.105142	6135
4193	0.105913	2099
4193	0.105883	5479
4193	0.106840	25
4193	0.106797	7321
4193	0.108145	56893
4193	0.106992	7874
4193	0.107060	1616
4193	0.105720	1029
4193	0.106823	5371
4193	0.107265	5925
4193	0.106035	4869
4193	0.114496	2033
4193	0.109342	367
4193	0.437332	931
4193	0.104974	409
4193	0.105703	6188
4193	0.109534	207
4193	0.108064	2932
4193	0.106191	9869
4193	0.107935	1026
4193	0.105746	26524
4193	0.104672	5708
4193	0.108634	6714
4193	0.104736	3055
4193	0.109701	1915
4193	0.105843	7337
4193	0.125683	5970
4193	0.104772	1647
4193	0.106472	5347
4193	0.104682	7319
4193	0.106778	7322
4193	0.105098	9295
4193	0.110426	7316
4193	0.106938	7311
4193	0.105689	5710
4193	0.105303	472
4193	0.112968	7157
4193	0.104622	25913
4193	0.105623	373
4193	0.108173	1387
4193	0.110388	6233
89822	0.110034	79001
5770	0.096937	25
5770	0.097620	6774
5770	0.096009	2099
5770	0.094919	3609
5770	0.099513	1457
5770	0.098160	2932
5770	0.095241	27040
5770	0.100794	1956
5770	0.115007	3845
5770	0.097155	3192
5770	0.098730	6714
5770	0.094878	4233
5770	0.095760	200728
5770	0.094967	4792
7704	0.096659	9611
7704	0.099247	4088
7704	0.096824	125115
7704	0.096374	1785
7704	0.104341	7329
7704	0.097370	6606
7704	0.099406	7341
7704	0.099875	2801
7704	0.098055	7013
7704	0.096305	5708
7704	0.098455	5371
7704	0.098897	5925
7704	0.106129	2033
7704	0.100974	367
7704	0.096841	310
7704	0.097251	3064
7704	0.129411	9235
7704	0.101333	1915
7704	0.097163	2274
7704	0.097100	7083
7704	0.099568	1026
7704	0.097370	6607
7704	0.099889	7186
3551	0.096536	1147
3551	0.096031	3064
3551	0.095525	1213
3551	0.096325	3320
3551	0.098586	1387
3551	0.096599	3326
3551	0.095366	5468
3551	0.097715	8945
3551	0.103382	7157
3551	0.096116	6188
3551	0.096328	8517
3551	0.099947	207
3551	0.098043	3725
3551	0.099047	6714
3551	0.095276	4790
3551	0.095283	4792
3551	0.096494	5591
3551	0.096885	5347
3551	0.095288	5578
3551	0.096574	10987
3551	0.094955	7161
3551	0.116096	5970
3551	0.098669	7186
5578	0.094372	8290
5578	0.094753	5468
5578	0.096116	4000
5578	0.095596	8968
5578	0.104295	2033
5578	0.094669	4792
5578	0.097863	2932
5578	0.095596	8358
5578	0.100496	1956
5578	0.095596	8350
5578	0.095596	8351
5578	0.095596	8352
5578	0.095596	8353
5578	0.095596	8354
5578	0.095596	8355
5578	0.095596	8356
5578	0.095596	8357
5578	0.094813	57154
5578	0.095520	1029
5578	0.117588	867
5578	0.096225	26260
5578	0.094716	5879
145508	0.096874	132320
145508	0.098370	84445
145508	0.097980	9859
145508	0.098862	5430
145508	0.098863	85302
145508	0.098268	7159
145508	0.105222	7157
145508	0.096876	5566
145508	0.098313	117178
145508	0.098247	7205
145508	0.096989	324
145508	0.099293	1398
145508	0.098849	10768
145508	0.097364	29079
145508	0.097293	7533
145508	0.098725	5347
145508	0.098000	26524
145508	0.098328	22981
145508	0.098065	6427
145508	0.120042	867
10413	0.094897	5604
10413	0.116729	5499
10413	0.096888	25
10413	0.095859	3476
10413	0.097350	8945
10413	0.096845	7321
10413	0.096061	7159
10413	0.095297	5562
10413	0.104544	2033
10413	0.096643	10768
10413	0.096391	7531
10413	0.097518	7530
10413	0.095087	7533
10413	0.095271	7532
10413	0.094693	10521
10413	0.094771	9113
10413	0.095794	26524
10413	0.097518	7534
10413	0.095859	6427
10413	0.097459	5300
10413	0.116824	29978
10413	0.094590	7161
10413	0.095699	6772
10413	0.095144	7529
147872	0.110974	23028
147872	0.440253	931
147872	0.131280	6449
7341	0.099075	5111
7341	0.099690	7874
7341	0.097548	5604
7341	0.097936	6925
7341	0.098258	51588
7341	0.099091	9146
7341	0.105666	7157
7341	0.099307	85302
7341	0.097369	5708
7341	0.104423	2130
7341	0.099757	1616
7341	0.097918	26986
7341	0.099520	5371
7341	0.105405	7329
7341	0.099963	5925
7341	0.098732	4869
7341	0.098565	3183
7341	0.102040	367
7341	0.098401	6188
7341	0.119410	9063
7341	0.097354	10155
7341	0.102992	672
7341	0.099776	8554
7341	0.100327	3725
7341	0.120789	10114
7341	0.097240	7161
7341	0.097608	1107
7341	0.099784	6310
7341	0.100871	1387
5347	0.097471	22981
5347	0.098006	85302
5347	0.098698	8945
5347	0.096041	10521
5347	0.098807	5300
5347	0.096509	5887
5347	0.105892	2033
5347	0.104364	7157
5347	0.096369	6453
5347	0.096082	55835
5347	0.116307	3845
5347	0.096872	5684
5347	0.119456	7917
5347	0.097299	5597
5347	0.097410	7159
55016	0.163848	3122
55016	0.128528	3123
8945	0.098350	1147
8945	0.097516	983
8945	0.098136	4089
8945	0.097076	5604
8945	0.105194	7157
8945	0.098285	117178
8945	0.096771	6204
8945	0.096962	324
8945	0.098094	3183
8945	0.097702	5684
8945	0.098251	5966
8945	0.100290	2932
8945	0.096800	8553
8945	0.097206	8454
8945	0.099825	4609
8945	0.097089	4790
8945	0.097096	4792
8945	0.099004	7322
8945	0.102653	7316
8945	0.097915	5710
8945	0.098800	3190
8945	0.117909	5970
8945	0.102614	6233
6430	0.095457	4691
6430	0.101367	2130
6430	0.094909	988
6430	0.095827	1432
6430	0.095421	6421
6430	0.095546	5597
6430	0.094650	4809
6430	0.094464	3609
6430	0.098293	6733
6430	0.116324	5499
6430	0.095380	6606
6430	0.095380	6607
6430	0.094169	23451
6430	0.117733	10114
6430	0.094728	3181
22976	0.095727	8358
22976	0.116643	9063
22976	0.102274	3958
22976	0.097009	8554
22976	0.094837	4087
22976	0.102900	7157
22976	0.096753	5371
22976	0.096649	60
22976	0.095727	8968
22976	0.100319	6233
22976	0.095159	351
22976	0.095742	6427
22976	0.095727	8350
22976	0.095727	8351
22976	0.095727	8352
22976	0.095727	8353
22976	0.095727	8354
22976	0.095727	8355
22976	0.095727	8356
22976	0.095727	8357
6204	0.119210	6850
6204	0.101194	2130
6204	0.102438	7157
6204	0.094178	9349
6204	0.094612	6135
6204	0.095894	26260
6204	0.099857	6233
6204	0.095172	6188
23390	0.096790	8358
23390	0.096790	8353
23390	0.096790	8354
23390	0.098053	1616
23390	0.108766	3123
23390	0.096790	8351
23390	0.097174	5295
23390	0.097184	9869
23390	0.096790	8968
23390	0.115903	3845
23390	0.096611	3064
23390	0.096790	8350
23390	0.096670	22938
23390	0.096790	8352
23390	0.099236	2801
23390	0.100694	1915
23390	0.096790	8355
23390	0.096790	8356
23390	0.096790	8357
7415	0.097578	3190
7415	0.095826	8503
7415	0.097058	3312
7415	0.100539	207
7415	0.100049	2885
7415	0.097165	10987
7415	0.095956	5034
7415	0.096480	5684
7415	0.101299	672
7415	0.095731	10254
7415	0.096610	84708
7415	0.098474	7534
7415	0.119065	7917
7415	0.098474	7530
7415	0.101392	6233
7415	0.096141	5682
22981	0.099242	10524
22981	0.095684	55835
22981	0.102724	2130
22981	0.097013	7159
22981	0.096025	9611
22981	0.103967	7157
22981	0.095722	9113
22981	0.097115	84445
22981	0.117680	5499
22981	0.096745	26524
22981	0.096726	9859
22981	0.095973	409
6613	0.098198	7874
6613	0.117919	9063
6613	0.102932	2130
6613	0.096116	1107
6613	0.098266	1616
6613	0.096926	1029
6613	0.098029	5371
6613	0.097017	3476
6613	0.101500	672
6613	0.103914	7329
6613	0.097397	9869
6613	0.098471	5925
6613	0.096767	51588
6613	0.105702	2033
6613	0.096475	7431
6613	0.098284	8554
6613	0.096234	226
6613	0.097801	10768
6613	0.099356	1460
6613	0.101594	6233
6613	0.104175	7157
10241	0.096069	8517
10241	0.096764	85302
10241	0.095678	9513
10241	0.100542	6233
10241	0.100580	7316
10241	0.116243	6464
10241	0.095795	4005
10241	0.095715	51588
10241	0.095200	9961
10241	0.095759	84708
10241	0.098410	7186
10241	0.095291	5682
4176	0.096075	5111
4176	0.094225	23451
4176	0.095884	3326
4176	0.097940	2801
4176	0.096307	5430
4176	0.094370	5708
4176	0.096963	5925
4176	0.095495	8968
4176	0.094568	4792
4176	0.118622	29979
4176	0.095495	8358
4176	0.097297	4609
4176	0.095495	8350
4176	0.095495	8351
4176	0.095495	8352
4176	0.095495	8353
4176	0.095495	8354
4176	0.095495	8355
4176	0.095495	8356
4176	0.095495	8357
4176	0.095228	2274
4176	0.100125	7316
1460	0.099792	60
1460	0.098047	6453
1460	0.119756	5499
1460	0.098909	3309
1460	0.121134	7917
1460	0.120747	5501
1460	0.099088	7159
1460	0.106042	7157
1460	0.105782	7329
1460	0.102490	1457
1460	0.107570	2033
1460	0.101137	2932
1460	0.103369	672
1460	0.098557	3932
1460	0.097648	8553
1460	0.101827	7020
1460	0.099458	23411
1460	0.100704	3725
1460	0.098241	5515
1460	0.097944	4792
1460	0.098862	1822
1460	0.097942	808
1460	0.097696	25913
1460	0.097952	801
1460	0.097942	805
3066	0.095074	9611
3066	0.094620	8290
3066	0.097723	3065
3066	0.095724	22938
3066	0.101773	2130
3066	0.103016	7157
3066	0.097312	5925
3066	0.095843	8968
3066	0.094703	10155
3066	0.095843	8358
3066	0.095843	8350
3066	0.095843	8351
3066	0.095843	8352
3066	0.095843	8353
3066	0.095843	8354
3066	0.095843	8355
3066	0.095843	8356
3066	0.095843	8357
3066	0.094850	26060
3066	0.097571	6774
3066	0.098100	23028
3066	0.094958	1107
3066	0.099464	1457
3066	0.115730	5970
3065	0.097627	9611
3065	0.100215	4088
3065	0.098343	2908
3065	0.097173	8290
3065	0.098513	2099
3065	0.105569	7157
3065	0.099660	1616
3065	0.097222	5566
3065	0.099422	5371
3065	0.105308	7329
3065	0.099865	5925
3065	0.107096	2033
3065	0.101942	367
3065	0.120273	5501
3065	0.097632	4841
3065	0.098625	5966
3065	0.100844	10524
3065	0.097256	10155
3065	0.097174	8553
3065	0.097463	4790
3065	0.100124	6774
3065	0.100535	1026
3065	0.098784	1432
3065	0.097403	26060
3065	0.100012	5300
3065	0.100653	23028
3065	0.097510	1107
3065	0.102017	1457
3065	0.118283	5970
3065	0.098781	5295
3064	0.095364	8503
3064	0.097311	2597
3064	0.095237	57562
3064	0.096666	1147
3064	0.095569	9611
3064	0.096724	5295
3064	0.095284	1785
3064	0.096277	3329
3064	0.103511	7157
3064	0.095710	5515
3064	0.096339	8351
3064	0.097364	5315
3064	0.096339	8968
3064	0.095913	55660
3064	0.096339	8358
3064	0.097621	8554
3064	0.096339	8350
3064	0.095496	5468
3064	0.096339	8352
3064	0.096339	8353
3064	0.095406	4790
3064	0.096339	8355
3064	0.096339	8356
3064	0.096339	8357
3064	0.095639	7529
3064	0.095489	8878
3064	0.096231	5710
3064	0.095453	1107
3064	0.096103	51588
3064	0.096339	8354
3064	0.098715	1387
79001	0.122498	10488
79001	0.110034	677800
79001	0.110034	5283
79001	0.110034	51734
79001	0.110034	2705
79001	0.110034	51643
79001	0.110034	196410
79001	0.110034	219654
79001	0.110034	154467
79001	0.110237	6303
79001	0.111392	5479
5925	0.097478	983
5925	0.099182	7874
5925	0.101234	2885
5925	0.104897	7329
5925	0.098223	4869
5925	0.106685	2033
5925	0.101531	367
5925	0.100433	10524
5925	0.102484	672
5925	0.096940	5894
5925	0.099788	4609
5925	0.099819	3725
5925	0.098374	1432
5925	0.099713	6774
5925	0.118279	6464
5925	0.100241	23028
5925	0.097100	1107
5925	0.098573	23411
5925	0.118871	5499
9113	0.097890	2801
9113	0.094563	5879
9113	0.095661	7159
9113	0.094937	983
9113	0.095764	84445
9113	0.095707	117178
9113	0.094896	5562
9113	0.116330	5499
9113	0.095393	26524
9113	0.097246	4609
9113	0.094797	7791
9113	0.094661	57154
9113	0.095991	7531
9113	0.094687	7533
26060	0.099261	207
26060	0.102695	7157
26060	0.095908	5295
26060	0.094468	1785
26060	0.117515	867
26060	0.100423	1956
26060	0.098085	3315
26060	0.095391	200728
26060	0.097983	7186
11161	0.424881	2213
11161	0.100327	1647
11161	0.100764	310
11161	0.103618	2932
11161	0.101022	7083
11161	0.424881	9103
11161	0.112544	10488
11161	0.100255	1385
11161	0.100283	6303
23028	0.097597	132320
23028	0.098243	988
23028	0.098714	6606
23028	0.099036	117178
23028	0.097549	8290
23028	0.098714	6607
23028	0.101219	2801
23028	0.099400	7013
23028	0.105945	7157
23028	0.105684	7329
23028	0.098773	8968
23028	0.102319	367
23028	0.097859	4093
23028	0.103271	672
23028	0.099167	9869
23028	0.100575	4609
23028	0.098773	8350
23028	0.098773	8351
23028	0.098773	8352
23028	0.098773	8353
23028	0.098773	8354
23028	0.098773	8355
23028	0.098773	8356
23028	0.098773	8357
23028	0.098773	8358
23028	0.098219	10989
23028	0.098755	6421
23028	0.100500	6774
23028	0.097887	1107
23028	0.097968	2534
26260	0.098068	60
26260	0.096662	7323
26260	0.097038	5710
26260	0.102046	1956
26260	0.096329	8454
26260	0.118126	29978
26260	0.120274	29979
26260	0.244068	5105
57154	0.096547	5430
57154	0.094844	4087
57154	0.096736	7321
57154	0.097553	4088
57154	0.100364	7316
57154	0.095421	3932
57154	0.096254	4000
57154	0.095250	7323
57154	0.095627	5710
57154	0.116715	29978
57154	0.118862	29979
57154	0.098194	7186
57154	0.095668	5886
2534	0.095028	1213
2534	0.094737	8503
2534	0.096097	5295
2534	0.098961	2885
2534	0.094796	10657
2534	0.096883	2023
2534	0.097003	6310
2534	0.117704	867
2534	0.095780	4137
2534	0.095060	27040
2534	0.094458	7409
2534	0.094835	5747
2534	0.097449	7535
2534	0.098550	6714
2534	0.096489	3190
2534	0.096387	2064
55183	0.097008	9869
55183	0.096086	7431
55183	0.096284	7083
55183	0.095511	57562
55183	0.099862	2885
55183	0.097134	4000
55183	0.095826	4809
55183	0.117499	5499
55183	0.095727	1107
55183	0.096378	51588
55183	0.095439	25913
55183	0.096555	6606
55183	0.096555	6607
55183	0.095489	5708
55183	0.099176	3315
55183	0.095546	6303
55183	0.118490	5501
27040	0.119809	6850
27040	0.099113	2885
27040	0.095551	3932
27040	0.107057	10488
27040	0.100765	1956
27040	0.101386	5335
27040	0.100456	6233
27040	0.097602	7535
27040	0.118427	6449
5747	0.094665	8503
5747	0.096612	2597
5747	0.096922	8554
5747	0.098888	2885
5747	0.097367	6774
5747	0.096883	1398
5747	0.117633	867
5747	0.102812	7157
5747	0.094828	6732
5747	0.100541	1956
5747	0.101162	5335
5747	0.095495	6772
5747	0.094579	324
5747	0.094759	5879
5747	0.098477	6714
5747	0.094579	3055
5747	0.096315	2064
22938	0.095507	4087
22938	0.096516	8517
22938	0.095867	988
22938	0.096985	23411
22938	0.096504	5597
22938	0.095628	9611
22938	0.097661	1616
22938	0.098960	3315
22938	0.095821	26986
22938	0.095793	125115
22938	0.096717	84445
22938	0.098216	4088
22938	0.115512	3845
22938	0.096511	4089
22938	0.095610	4809
22938	0.098844	2801
22938	0.096514	2099
4223	0.096786	7337
4223	0.097553	85302
4223	0.098355	5300
4223	0.097518	3184
4223	0.098558	4088
4223	0.099187	10524
4223	0.097111	8440
4223	0.095990	9961
4223	0.097539	10768
4223	0.120697	54413
25	0.097054	983
25	0.098756	7874
25	0.096860	10273
25	0.097453	5710
25	0.099393	3725
25	0.097309	10971
25	0.100809	2885
25	0.106260	2033
25	0.098803	1398
25	0.101106	367
25	0.099234	7530
25	0.102058	672
25	0.102461	1956
25	0.097510	26524
25	0.099234	7534
25	0.102190	7316
25	0.119553	867
25	0.097629	4137
25	0.097068	472
25	0.100415	6733
25	0.096306	7409
25	0.098236	2064
25	0.096570	2065
56893	0.100683	4088
56893	0.098182	5887
56893	0.098799	5886
56893	0.098904	3309
56893	0.099462	9146
56893	0.097795	10254
56893	0.098952	5479
56893	0.098614	10971
56893	0.121129	7917
56893	0.099664	10768
56893	0.119845	29978
56893	0.121993	29979
56893	0.098439	55660
56893	0.097951	4093
56893	0.097855	7295
56893	0.101395	2286
56893	0.098310	10989
56893	0.102769	1915
56893	0.098880	6427
56893	0.097751	7319
56893	0.100480	5300
56893	0.100156	6310
56893	0.101325	7186
7597	0.119792	2274
7597	0.488906	2214
7597	0.120378	84445
7597	0.119086	5601
7597	0.119530	4188
7597	0.122519	7186
6477	0.117233	9063
6477	0.097290	2597
6477	0.095307	7295
6477	0.097318	7321
6477	0.097298	7322
6477	0.095833	7323
6477	0.098045	6774
6477	0.103229	7329
6477	0.095063	7161
6477	0.095906	7334
6477	0.095063	7409
6477	0.095299	1936
6477	0.095256	324
6477	0.097599	8554
6477	0.118612	10114
6477	0.096308	1822
6477	0.096143	373
6477	0.096534	7159
4869	0.096107	7791
4869	0.096773	4691
4869	0.096504	10971
4869	0.103927	7157
4869	0.105455	2033
4869	0.095604	10521
4869	0.095614	10155
4869	0.096755	8358
4869	0.099711	7020
4869	0.098557	4609
4869	0.096755	8350
4869	0.096755	8351
4869	0.096755	8352
4869	0.096755	8353
4869	0.096755	8354
4869	0.096755	8355
4869	0.096755	8356
4869	0.096755	8357
4869	0.097040	5591
4869	0.095731	1647
4869	0.098894	1026
4869	0.096755	8968
4869	0.096679	1029
4869	0.100375	1457
4869	0.098017	3192
4869	0.116641	5970
931	0.475349	3122
931	0.442406	639
931	0.439246	10488
5034	0.095787	3320
5034	0.096252	5111
5034	0.101601	2130
5034	0.095095	26986
5034	0.095740	4137
5034	0.096450	3184
5034	0.096843	2023
5034	0.096061	3326
5034	0.095711	3309
5034	0.116652	29978
5034	0.118800	29979
5034	0.095610	3329
5034	0.095759	5479
409	0.095503	5595
409	0.096022	1147
409	0.099433	207
409	0.100325	7316
409	0.095011	1213
409	0.099315	1457
409	0.100596	1956
409	0.094722	5601
409	0.095626	9859
409	0.117989	10114
409	0.098532	6714
409	0.094769	4792
409	0.096827	5594
9063	0.121171	207
9063	0.118274	5599
9063	0.124344	7329
9063	0.124605	7157
9063	0.117197	51588
9063	0.118715	8554
9063	0.117357	1029
9063	0.120979	367
9063	0.117259	373
9063	0.119879	2801
9063	0.119266	3725
9063	0.118459	5371
10524	0.098436	4188
10524	0.099936	2597
10524	0.097862	57562
10524	0.098457	983
10524	0.098910	2908
10524	0.099284	84445
10524	0.099227	117178
10524	0.099886	60
10524	0.097741	8290
10524	0.098964	8351
10524	0.101410	2801
10524	0.099081	2099
10524	0.098964	8352
10524	0.104893	2130
10524	0.106136	7157
10524	0.098964	8354
10524	0.098964	8968
10524	0.102510	367
10524	0.097896	6303
10524	0.098390	7532
10524	0.098359	125115
10524	0.098549	580
10524	0.103462	672
10524	0.098964	8358
10524	0.099552	23411
10524	0.098964	8350
10524	0.098121	5468
10524	0.100160	7874
10524	0.098964	8353
10524	0.098030	4790
10524	0.098964	8355
10524	0.098964	8356
10524	0.098964	8357
10524	0.098979	6427
10524	0.099484	4000
10524	0.098395	351
10524	0.098790	373
10524	0.118850	5970
10521	0.094859	983
10521	0.094449	10657
10521	0.095304	3329
10521	0.095510	6625
10521	0.095482	2099
10521	0.098614	2885
10521	0.102538	7157
10521	0.096143	3184
10521	0.104065	2033
10521	0.094601	4841
10521	0.095645	3178
10521	0.099270	1915
10521	0.095650	5591
10521	0.095175	6426
10521	0.095348	6421
10521	0.098986	1457
10521	0.096627	3192
10521	0.095174	84708
10521	0.096143	3190
3937	0.141906	6850
3937	0.121210	2885
3937	0.477109	2209
3937	0.118347	5295
3937	0.116907	1785
3937	0.139954	867
3937	0.116892	10254
3937	0.117690	9513
3937	0.122862	1956
3937	0.118334	8440
3937	0.123483	5335
3937	0.119699	7535
3937	0.119636	7534
3937	0.120408	2801
3937	0.119636	7530
3838	0.097258	4188
3838	0.096685	57562
3838	0.097182	125115
3838	0.098106	84445
3838	0.100163	1387
3838	0.098175	3326
3838	0.097349	11030
3838	0.101035	2885
3838	0.104959	7157
3838	0.106486	2033
3838	0.097858	3183
3838	0.097226	3875
3838	0.102285	672
3838	0.096974	6732
3838	0.099589	4609
3838	0.096517	23451
3838	0.099619	3725
3838	0.096906	5879
3838	0.097232	10989
3838	0.103716	2130
3838	0.096901	1107
3838	0.097036	9961
3838	0.117673	5970
3932	0.096250	7337
3932	0.096150	2908
3932	0.120148	6850
3932	0.097931	6774
3932	0.095287	10657
3932	0.100833	7316
3932	0.096523	84445
3932	0.100701	672
3932	0.096319	3320
3932	0.101546	919
3932	0.101725	5335
3932	0.097940	7535
3932	0.099749	367
3932	0.099041	6714
3932	0.095188	4233
3932	0.097335	5594
1956	0.100442	8503
1956	0.102390	2597
1956	0.100717	10273
1956	0.125362	6850
1956	0.100911	983
1956	0.101364	2908
1956	0.106009	6233
1956	0.101532	3320
1956	0.101789	8440
1956	0.101272	6772
1956	0.101127	3308
1956	0.101998	5111
1956	0.101310	5710
1956	0.102015	9146
1956	0.104255	6714
1956	0.101166	10971
1956	0.101675	3312
1956	0.104666	2885
1956	0.108590	7157
1956	0.103980	3315
1956	0.100243	5566
1956	0.102443	5371
1956	0.100649	226
1956	0.100348	10254
1956	0.101417	8968
1956	0.100574	5468
1956	0.102660	1398
1956	0.103154	7535
1956	0.103091	7534
1956	0.101417	8353
1956	0.101806	3326
1956	0.103091	7530
1956	0.101536	8517
1956	0.101802	5295
1956	0.100408	7295
1956	0.105155	207
1956	0.101417	8352
1956	0.100444	5601
1956	0.101417	8351
1956	0.101417	8358
1956	0.100372	5894
1956	0.106939	5335
1956	0.104963	367
1956	0.101417	8350
1956	0.100339	3313
1956	0.100357	3055
1956	0.100402	4233
1956	0.101417	8355
1956	0.101417	8356
1956	0.101417	8357
1956	0.101702	5591
1956	0.101805	1432
1956	0.102259	5599
1956	0.121710	6464
1956	0.123410	867
1956	0.101486	4137
1956	0.101417	8354
1956	0.103145	6774
1956	0.100489	808
1956	0.100163	7409
1956	0.100849	351
1956	0.100489	805
1956	0.100499	801
1956	0.100718	7529
1956	0.102093	2064
1956	0.100427	2065
1956	0.103877	7186
10114	0.122357	367
10114	0.118621	6426
10114	0.117558	7161
10114	0.122060	2885
10114	0.125983	7157
10114	0.125723	7329
10114	0.119092	3178
10114	0.118101	3181
10114	0.118164	7791
10114	0.117716	1385
7319	0.095983	5111
7319	0.097018	5300
7319	0.095327	1029
7319	0.096545	7311
7319	0.102575	7157
7319	0.116384	29978
7319	0.118531	29979
7319	0.099995	6233
8878	0.095103	7273
8878	0.102213	3958
8878	0.094967	10273
8878	0.097485	4088
8878	0.095160	983
8878	0.100297	7316
8878	0.096809	7311
8878	0.095735	4137
8878	0.094649	1936
8878	0.099287	1457
8878	0.095601	5886
8878	0.095706	3309
8878	0.094980	29079
8878	0.098229	3315
8878	0.095534	200728
8878	0.100259	6233
8878	0.094956	3181
7316	0.100446	10273
7316	0.100092	1785
7316	0.102343	7874
7316	0.100200	5604
7316	0.101518	8440
7316	0.101081	5886
7316	0.100267	5879
7316	0.101727	5111
7316	0.101744	9146
7316	0.100077	10254
7316	0.101404	3312
7316	0.102148	7321
7316	0.102128	7322
7316	0.104396	2885
7316	0.102410	1616
7316	0.102172	5315
7316	0.109846	2033
7316	0.100304	5468
7316	0.124275	29979
7316	0.100487	5682
7316	0.101266	8517
7316	0.100006	10155
7316	0.101924	3190
7316	0.105645	672
7316	0.100330	8454
7316	0.102980	3725
7316	0.103709	3315
7316	0.101193	7337
7316	0.100736	7334
7316	0.101129	6421
7316	0.101511	10987
7316	0.100663	7323
7316	0.123139	867
7316	0.101040	5710
7316	0.108319	7157
7316	0.102318	2023
7316	0.100464	5887
7316	0.103607	7186
7311	0.098240	5111
7311	0.096769	4087
7311	0.096743	10657
7311	0.098855	7874
7311	0.097593	5886
7311	0.098048	3326
7311	0.098660	7321
7311	0.098640	7322
7311	0.100907	2885
7311	0.104831	7157
7311	0.096948	3181
7311	0.098458	10768
7311	0.120787	29979
7311	0.097565	6188
7311	0.097778	8517
7311	0.102157	672
7311	0.096842	8454
7311	0.097916	3312
7311	0.096732	4792
7311	0.097706	7337
7311	0.097641	6421
7311	0.097766	5597
7311	0.097175	7323
7311	0.097583	1029
7311	0.102250	6233
7311	0.100119	7186
4137	0.095409	132320
4137	0.095885	10273
4137	0.120530	6850
4137	0.096974	3326
4137	0.095334	120892
4137	0.097567	7322
4137	0.096625	1639
4137	0.095411	5566
4137	0.105285	2033
4137	0.098258	7534
4137	0.098258	7530
4137	0.100323	207
4137	0.098852	2932
4137	0.099422	6714
4137	0.102514	2130
4137	0.097426	5599
4137	0.100205	1457
4137	0.101177	6233
4137	0.096016	351
5300	0.097604	4188
5300	0.099950	4088
5300	0.097527	125115
5300	0.098329	7205
5300	0.097574	6925
5300	0.100578	2801
5300	0.120396	7917
5300	0.105304	7157
5300	0.099158	5315
5300	0.098203	3183
5300	0.097367	4841
5300	0.099935	4609
5300	0.097502	5515
5300	0.097694	11030
5300	0.117246	3845
5300	0.097563	351
5300	0.100592	7186
3845	0.115102	4188
3845	0.114684	5604
3845	0.165419	60401
3845	0.115569	3329
3845	0.115650	4691
3845	0.116632	7321
3845	0.474778	2209
3845	0.122542	7329
3845	0.115702	3183
3845	0.115311	5684
3845	0.114866	4841
3845	0.114586	5894
3845	0.114553	3313
3845	0.114570	3055
3845	0.119536	1915
3845	0.115614	6421
3845	0.115193	11030
3845	0.115995	10987
3845	0.114703	808
3845	0.114880	9961
3845	0.114712	801
3845	0.114703	805
84708	0.096135	6426
84708	0.099574	2885
84708	0.095351	3609
84708	0.097351	5315
84708	0.096697	8440
84708	0.095258	6303
84708	0.095353	5601
84708	0.096152	373
84708	0.099163	6714
84708	0.098785	7186
373	0.096071	9513
373	0.095202	10155
373	0.103254	7329
373	0.097157	85302
373	0.096188	4005
373	0.095683	5682
7529	0.098380	3315
7529	0.095566	10971
7529	0.094730	9349
7529	0.098672	6733
7529	0.117810	867
7529	0.100409	6233
7529	0.094772	5894
7529	0.095289	7431
7529	0.095856	3309
7529	0.097491	7534
7529	0.095244	7532
7529	0.096364	7531
7529	0.097491	7530
7529	0.095060	7533
7529	0.118380	6449
6850	0.120846	5295
6850	0.125983	5335
6850	0.121059	9146
6850	0.121088	7013
6850	0.119734	971
6850	0.124745	2207
6850	0.479609	2209
6850	0.124007	367
6850	0.128557	916
6850	0.123299	6714
6850	0.119446	4233
6850	0.489309	2214
6850	0.122189	6774
6850	0.142454	867
6850	0.119534	808
6850	0.119207	7409
6850	0.119543	801
6850	0.121137	2064
6850	0.119471	2065
6850	0.119534	805
2908	0.096113	10048
2908	0.095763	10273
2908	0.095694	9611
2908	0.096578	3320
2908	0.096402	3329
2908	0.097445	3164
2908	0.097726	1616
2908	0.097490	5371
2908	0.103375	7329
2908	0.100009	367
2908	0.095706	7533
2908	0.096510	7337
2908	0.095454	7295
2908	0.100201	207
2908	0.095323	10155
2908	0.096743	3178
2908	0.099301	6714
2908	0.119026	6449
2908	0.096748	5591
2908	0.097725	3192
84445	0.095726	55835
84445	0.096852	6427
84445	0.096399	11030
84445	0.100085	2885
84445	0.096682	4005
84445	0.097651	85302
84445	0.097209	8440
84445	0.096786	26524
84445	0.096775	3329
84445	0.095957	5879
84445	0.099297	7186
84445	0.096177	5682
5499	0.117052	10048
5499	0.116872	988
5499	0.118684	8554
5499	0.118324	60
5499	0.116855	5562
5499	0.117333	9859
5499	0.116301	57562
5499	0.139279	5501
5499	0.118215	5430
5499	0.117620	7159
5499	0.124575	7157
5499	0.117443	1639
5499	0.118428	5315
5499	0.118645	1398
5499	0.117949	7531
5499	0.116645	7533
5499	0.116719	1213
5499	0.121140	207
5499	0.116262	10155
5499	0.121900	672
5499	0.116180	8553
5499	0.117352	26524
5499	0.116133	23451
5499	0.116151	120892
5499	0.117385	6421
5499	0.117211	5595
5499	0.118534	5594
5499	0.116704	9295
5499	0.119130	6774
5499	0.116638	4841
5499	0.116307	1385
3308	0.095526	10273
3308	0.096341	3320
3308	0.096615	3326
3308	0.096265	3309
3308	0.096164	3329
3308	0.096226	8352
3308	0.096483	3312
3308	0.098789	3315
3308	0.096226	8968
3308	0.096226	8356
3308	0.096454	5966
3308	0.098493	2932
3308	0.096226	8358
3308	0.096226	8350
3308	0.096226	8351
3308	0.095148	3313
3308	0.096226	8353
3308	0.095293	4790
3308	0.096226	8355
3308	0.095300	4792
3308	0.096226	8357
3308	0.096273	7337
3308	0.099846	1457
3308	0.097003	3190
3308	0.096226	8354
3308	0.116113	5970
3309	0.096945	3326
3309	0.096494	3329
3309	0.096701	6625
3309	0.096643	5479
3309	0.099804	2885
3309	0.095495	324
3309	0.097355	10768
3309	0.096463	6188
3309	0.095547	7295
3309	0.100294	207
3309	0.095581	3609
3309	0.095510	5894
3309	0.096813	3312
3309	0.099118	3315
3309	0.100176	1457
3309	0.097818	3192
3309	0.101148	6233
10971	0.095736	988
10971	0.095178	9349
10971	0.095333	4790
10971	0.096529	117178
10971	0.095738	7431
10971	0.097939	7534
10971	0.096813	7531
10971	0.097939	7530
10971	0.095509	7533
10971	0.095692	7532
10971	0.095352	4093
10971	0.095706	3875
10971	0.095220	5894
10971	0.095015	120892
10971	0.098828	3315
10971	0.118258	867
10971	0.095338	808
10971	0.100858	6233
10971	0.095348	801
10971	0.095338	805
5315	0.098515	2597
5315	0.097543	8354
5315	0.097484	6606
5315	0.096955	310
5315	0.096860	5887
5315	0.098169	7013
5315	0.103471	2130
5315	0.101447	1915
5315	0.097543	8351
5315	0.096774	226
5315	0.098321	3184
5315	0.097543	8968
5315	0.106242	2033
5315	0.097543	8358
5315	0.099682	1026
5315	0.096497	5894
5315	0.096524	1936
5315	0.097543	8350
5315	0.097543	8352
5315	0.097543	8353
5315	0.100105	3315
5315	0.097543	8355
5315	0.097543	8356
5315	0.097543	8357
5315	0.097214	7083
5315	0.096662	5879
5315	0.097351	5595
5315	0.097484	6607
5315	0.098320	3190
5315	0.117429	5970
7013	0.096229	4093
7013	0.096651	472
7013	0.098116	2597
7013	0.096443	10273
7013	0.096126	1936
7013	0.095969	25913
7013	0.097532	3326
7013	0.096375	226
7013	0.096570	7532
64841	0.126192	7334
5966	0.095677	6303
5966	0.096479	2274
5966	0.099993	2885
5966	0.096589	4005
5966	0.097586	5599
5966	0.098035	6310
5966	0.097116	8440
5966	0.095995	9961
5966	0.116631	5970
5966	0.095811	4790
5966	0.095819	4792
5966	0.096085	5682
580	0.095000	57562
580	0.095595	983
580	0.095497	125115
580	0.102649	3958
580	0.098548	2801
580	0.102031	2130
580	0.103274	7157
580	0.096102	8968
580	0.096102	8356
580	0.096173	3183
580	0.098632	2286
580	0.096102	8358
580	0.100600	672
580	0.097384	8554
580	0.096102	8350
580	0.096102	8351
580	0.096102	8352
580	0.096102	8353
580	0.096102	8354
580	0.096102	8355
580	0.095175	4792
580	0.096102	8357
580	0.096496	9869
580	0.096117	6427
580	0.095216	1107
580	0.095866	51588
2286	0.098856	5595
2286	0.102296	2885
2286	0.100219	2023
2286	0.098279	226
2286	0.099135	5479
2286	0.121311	7917
2286	0.122175	29979
2286	0.098038	7295
2274	0.099797	367
2274	0.096233	6421
2274	0.097383	5594
2274	0.095687	7273
2274	0.100749	672
2274	0.097978	6774
2274	0.097542	6310
2274	0.099208	7020
2274	0.095156	1385
2274	0.095190	3055
2274	0.096367	2099
2274	0.117785	3316
1432	0.096714	5595
1432	0.098037	5594
1432	0.100642	207
1432	0.097452	7531
1432	0.097269	10987
1432	0.096092	6732
1432	0.105605	2033
1432	0.096843	3329
1432	0.098738	3725
1432	0.116791	5970
1432	0.100809	1915
1432	0.097887	3164
1432	0.104077	7157
4188	0.101917	2130
4188	0.095014	3609
4188	0.095980	1822
4188	0.095238	9961
8503	0.094440	57562
8503	0.096217	2064
8503	0.094626	10657
8503	0.096784	1398
8503	0.117534	867
8503	0.094551	2065
8503	0.097270	6774
8503	0.099087	367
8503	0.098380	6714
8503	0.094481	3055
8503	0.094526	4233
2597	0.098070	5111
2597	0.097879	3326
2597	0.096902	310
2597	0.097604	3320
2597	0.097428	3329
2597	0.097576	5479
2597	0.101035	367
2597	0.098036	7531
2597	0.120617	29979
2597	0.096916	7532
2597	0.099756	2932
2597	0.097160	7083
2597	0.097431	6606
2597	0.096721	226
2597	0.096411	3313
2597	0.097747	3312
2597	0.101394	1915
2597	0.119023	3316
2597	0.096465	1647
2597	0.098622	5594
2597	0.097481	1822
2597	0.097431	6607
2597	0.098780	6310
2597	0.096315	25913
2597	0.098660	2023
2597	0.098164	2064
57562	0.094887	7431
57562	0.094861	10989
57562	0.094442	5601
57562	0.097088	7534
57562	0.097088	7530
57562	0.094348	6303
57562	0.117291	5501
10657	0.094900	10273
10657	0.094711	4087
10657	0.095986	5295
10657	0.096522	60
10657	0.094777	6453
10657	0.095972	8440
10657	0.101529	2130
10657	0.098849	2885
10657	0.094539	324
10657	0.095671	3183
10657	0.098455	6733
10657	0.098438	6714
10657	0.094539	3055
10657	0.095583	6421
10657	0.094346	7409
10657	0.094426	25913
10657	0.096378	3190
10657	0.097977	1387
8290	0.095312	4691
8290	0.095409	3320
8290	0.095276	6421
8290	0.095551	3312
8290	0.096071	3190
8290	0.095574	3178
8290	0.095234	6606
8290	0.103993	2033
8290	0.095234	6607
8290	0.095381	5479
8290	0.097670	1387
8290	0.094529	4841
8290	0.094583	3181
6925	0.095973	6427
6925	0.102870	7329
6925	0.097222	1616
6925	0.095723	51588
6925	0.098098	1026
6925	0.096330	8440
6925	0.095208	9961
6925	0.115845	5970
6925	0.096633	2064
6925	0.096940	3164
6925	0.095299	5682
7917	0.118193	310
7917	0.118722	6606
7917	0.118722	6607
7917	0.141344	6449
7917	0.118355	55660
7917	0.121048	2932
7917	0.119175	9869
7917	0.120919	1026
7917	0.117762	1936
7917	0.119754	259197
7917	0.117757	1647
7917	0.118226	10989
7917	0.124710	2130
7917	0.118888	5597
7917	0.118772	1822
7917	0.117900	5879
7917	0.118452	7083
2885	0.098711	1785
2885	0.099610	4005
2885	0.105287	5335
2885	0.120058	6464
2885	0.099696	9859
2885	0.099784	4691
2885	0.100578	5430
2885	0.100579	85302
2885	0.099983	7159
2885	0.108465	2033
2885	0.099238	7431
2885	0.103311	367
2885	0.100543	3190
2885	0.100151	5295
2885	0.099836	3183
2885	0.098750	4233
2885	0.121758	867
2885	0.098512	7409
2885	0.100936	2023
2885	0.100440	2064
2885	0.098775	2065
9349	0.115316	5970
9349	0.095336	6188
9349	0.094641	4809
9349	0.094455	3609
9349	0.094775	6135
9349	0.100021	6233
9349	0.097103	7534
9349	0.097103	7530
9349	0.094672	7533
9349	0.094856	7532
10155	0.094607	9611
10155	0.094491	1107
10155	0.095896	4000
10155	0.102288	7329
10155	0.095377	8968
10155	0.094849	7431
10155	0.095771	9869
10155	0.095964	23411
10155	0.095377	8350
10155	0.095377	8351
10155	0.095377	8352
10155	0.095377	8353
10155	0.095377	8354
10155	0.095377	8355
10155	0.095377	8356
10155	0.095377	8357
10155	0.095377	8358
10155	0.095300	1029
10155	0.102549	7157
3875	0.095427	988
3875	0.098403	2801
3875	0.096554	9146
3875	0.098519	3315
3875	0.095957	8968
3875	0.104656	2033
3875	0.095429	7431
3875	0.097218	3192
3875	0.095383	7532
3875	0.096076	8517
3875	0.095957	8358
3875	0.094911	5894
3875	0.095957	8350
3875	0.095957	8351
3875	0.095957	8352
3875	0.095957	8353
3875	0.095957	8354
3875	0.095957	8355
3875	0.095957	8356
3875	0.095957	8357
3875	0.116250	6464
3875	0.117949	867
3875	0.095721	51588
3875	0.094782	25913
7334	0.096686	5111
7334	0.096433	1147
7334	0.103277	7157
7334	0.100603	672
7334	0.095422	5887
7334	0.100697	6233
7334	0.098668	3315
7334	0.098566	7186
5894	0.095121	10048
5894	0.094771	10273
5894	0.094525	5604
5894	0.096453	7322
5894	0.099376	1915
5894	0.099017	367
5894	0.096019	7531
5894	0.097145	7530
5894	0.094715	7533
5894	0.094898	7532
5894	0.099209	207
5894	0.097145	7534
5894	0.094842	5515
5894	0.095280	5595
5894	0.096603	5594
5894	0.096312	5599
26524	0.095356	55835
26524	0.096684	7159
26524	0.096729	117178
26524	0.095919	5562
26524	0.095406	324
26524	0.100012	367
26524	0.097014	7531
26524	0.095710	7533
26524	0.095893	7532
26524	0.098605	1026
26524	0.101058	6233
9235	0.128756	3312
9235	0.129294	64852
9235	0.128644	6625
1915	0.100071	10048
1915	0.100362	6606
1915	0.099531	4087
1915	0.100535	4089
1915	0.099834	310
1915	0.101343	60
1915	0.099598	6453
1915	0.105943	5335
1915	0.100362	6607
1915	0.101234	5430
1915	0.099633	4809
1915	0.099845	26986
1915	0.100540	8517
1915	0.102689	2932
1915	0.100701	3178
1915	0.099404	1936
1915	0.099305	71
1915	0.099867	10989
1915	0.099344	3313
1915	0.102984	3315
1915	0.121955	3316
1915	0.102560	1026
1915	0.100639	7159
1915	0.099723	9295
1915	0.099397	1647
1915	0.099768	6135
1915	0.101198	3190
1915	0.124379	54413
1915	0.100093	7083
867	0.118894	5295
867	0.117454	1785
867	0.117686	6453
867	0.124031	5335
867	0.118440	9859
867	0.119323	85302
867	0.119491	7322
867	0.477657	2209
867	0.169269	952
867	0.119752	1398
867	0.120246	7535
867	0.120183	7534
867	0.119056	7531
867	0.120183	7530
867	0.117752	7533
867	0.117936	7532
867	0.121347	6714
867	0.117448	3055
867	0.117494	4233
867	0.460328	2212
867	0.117328	8029
867	0.119350	5599
867	0.120237	6774
867	0.117255	7409
867	0.123101	6233
5710	0.096456	7337
5710	0.096089	5684
5710	0.096343	5886
5710	0.097208	10768
5710	0.095726	5887
5710	0.095285	5708
5710	0.095709	10273
5710	0.119537	29979
5710	0.101001	6233
5710	0.095750	5682
55835	0.095624	7159
55835	0.095337	9859
55835	0.095669	117178
55835	0.095397	1822
55835	0.094478	808
55835	0.094478	805
55835	0.115292	5970
55835	0.097079	7534
55835	0.094488	801
55835	0.097782	1387
55835	0.095953	7531
55835	0.097079	7530
55835	0.094649	7533
55835	0.094833	7532
7409	0.095783	4000
7409	0.095938	2064
7409	0.096040	3190
7409	0.100784	5335
7409	0.097096	3725
7409	0.094615	7791
7409	0.098808	367
7409	0.094383	5879
7409	0.094247	4233
7409	0.094272	2065
25913	0.094642	10273
25913	0.096264	60
25913	0.094325	1936
25913	0.094592	9961
25913	0.095731	3326
25913	0.096585	1398
25913	0.095890	7531
25913	0.094769	7532
2023	0.098269	5111
2023	0.096918	9611
2023	0.098077	3326
2023	0.097775	5479
2023	0.099361	7534
2023	0.099361	7530
2023	0.096679	7295
2023	0.096466	8553
2023	0.102186	672
2023	0.096919	226
2023	0.100526	6714
2023	0.097945	3312
2023	0.119222	3316
2023	0.097124	7273
10273	0.096205	3326
10273	0.095932	3320
10273	0.095134	5887
10273	0.098654	6714
10273	0.096798	7322
10273	0.102989	7157
10273	0.099362	367
10273	0.099554	207
10273	0.096615	10768
10273	0.094565	120892
10273	0.096074	3312
10273	0.098379	3315
10273	0.097107	6310
10273	0.096492	2064
10273	0.100408	6233
5708	0.097531	1026
5708	0.094710	5887
5708	0.095327	5886
5708	0.095072	5684
5708	0.118520	29979
5708	0.099984	6233
5708	0.094732	5682
6625	0.095748	4093
6625	0.096472	6426
6625	0.095964	9295
6625	0.098480	4088
6625	0.096776	4089
6625	0.095688	3609
6625	0.095772	4087
6625	0.099517	6733
6625	0.095850	6732
6625	0.100282	1457
6625	0.097923	3192
6625	0.097439	3190
6625	0.116548	5970
6625	0.119790	29979
6625	0.096236	55660
7321	0.096931	310
7321	0.096448	10254
7321	0.097532	3476
7321	0.098499	7322
7321	0.098317	10768
7321	0.120646	29979
7321	0.099785	2932
7321	0.102016	672
7321	0.096591	4792
7321	0.097564	7337
7321	0.096494	1647
7321	0.099657	1026
7321	0.117404	5970
7321	0.102109	6233
7322	0.104410	7329
7322	0.096429	10254
7322	0.099236	7535
7322	0.098297	10768
7322	0.120626	29979
7322	0.096489	7295
7322	0.101996	672
7322	0.096572	4792
7322	0.097545	7337
7322	0.117385	5970
7322	0.102090	6233
7323	0.096079	7337
7323	0.115919	5970
7323	0.096613	5111
7323	0.100531	672
7323	0.100625	6233
7323	0.097229	7874
7323	0.099653	1457
7323	0.094963	10254
7323	0.095106	4792
1616	0.096526	7161
1616	0.097893	4089
1616	0.104691	7329
1616	0.098976	7874
1616	0.100226	2801
1616	0.097799	4691
1616	0.104952	7157
1616	0.098806	5371
1616	0.098043	117178
1616	0.101326	367
1616	0.100343	3315
1616	0.100157	1387
1616	0.099507	6774
1616	0.097703	1029
1616	0.097287	472
1616	0.101400	1457
1616	0.096685	1385
1616	0.117667	5970
4005	0.095832	988
4005	0.098807	2801
4005	0.098089	6774
4005	0.103273	7329
4005	0.095756	125115
4005	0.096625	117178
4005	0.096216	6772
4005	0.096558	7205
4005	0.096433	3183
4005	0.116248	5970
324	0.095106	10048
324	0.099076	1457
324	0.094868	310
324	0.095851	9869
324	0.094509	5604
324	0.097902	2801
324	0.097833	1387
324	0.096053	9146
55660	0.096204	4089
55660	0.102020	2130
55660	0.117071	29978
55660	0.099711	1457
55660	0.103002	7329
55660	0.095205	1107
55660	0.095855	51588
55660	0.098654	3315
55660	0.095303	4809
55660	0.097373	8554
55660	0.119219	29979
207	0.100581	1147
207	0.099364	4087
207	0.102073	4088
207	0.100368	4089
207	0.100370	3320
207	0.099281	5601
207	0.101537	8554
207	0.101236	3164
207	0.100371	2099
207	0.099003	120892
207	0.103092	6714
207	0.099625	5515
207	0.108954	2033
207	0.099726	7431
207	0.101928	7534
207	0.101928	7530
207	0.100639	5295
207	0.102522	2932
207	0.104752	672
207	0.100649	9869
207	0.105776	5335
207	0.099159	1385
207	0.100842	23411
207	0.102817	3315
207	0.100539	5591
207	0.102393	1026
207	0.101096	5599
207	0.103875	1457
207	0.100295	1639
207	0.102631	1387
207	0.104846	6233
71	0.095400	8356
71	0.095400	8358
71	0.095507	5597
71	0.095400	8357
71	0.095400	8354
71	0.095324	1029
71	0.098254	6733
71	0.096322	60
71	0.095400	8968
71	0.099898	672
71	0.095400	8350
71	0.095400	8351
71	0.095400	8352
71	0.095400	8353
71	0.095400	8355
71	0.097860	7186
71	0.116934	3316
3055	0.094851	125115
3055	0.097258	4609
3055	0.100977	5335
3055	0.099002	367
3055	0.094441	4233
3055	0.094466	2065
6135	0.095882	4691
6135	0.097590	6774
6135	0.095286	26986
6135	0.095258	125115
6135	0.095075	4809
6135	0.095770	6188
6135	0.094889	3609
6135	0.100455	6233
6135	0.117397	3316
7186	0.099304	1147
7186	0.098004	5601
7186	0.098911	5886
7186	0.099366	3326
7186	0.097725	120892
7186	0.099791	85302
7186	0.107677	2033
7186	0.104906	2130
7186	0.098883	6188
7186	0.099096	8517
7186	0.098705	9513
7186	0.100810	3725
7186	0.100268	6310
7186	0.098226	9961
7186	0.103569	6233
1147	0.098662	4088
1147	0.096959	3320
1147	0.096961	2099
1147	0.096074	9611
1147	0.103756	7329
1147	0.105543	2033
1147	0.096963	8517
1147	0.095954	4087
1147	0.096031	6732
1147	0.099698	6733
1147	0.098646	4609
1147	0.095910	4790
1147	0.095917	4792
1147	0.097129	5591
1147	0.116730	5970
1147	0.097208	10987
1147	0.100464	1457
1147	0.099220	1387
2099	0.095864	9611
2099	0.096747	4089
2099	0.097019	5295
2099	0.096749	3320
2099	0.097446	5430
2099	0.103545	7329
2099	0.105333	2033
2099	0.101131	672
2099	0.097916	8554
2099	0.099471	6714
2099	0.096680	7337
2099	0.097766	5594
2099	0.095747	1107
2099	0.099010	1387
2099	0.101225	6233
5501	0.118043	10048
5501	0.117709	1213
5501	0.118611	7159
5501	0.118758	10987
5501	0.117171	8553
5501	0.119676	8554
5501	0.117142	120892
85302	0.096155	132320
85302	0.096725	125115
85302	0.096275	1785
85302	0.097593	117178
85302	0.097261	9859
85302	0.099776	2801
85302	0.096260	10254
85302	0.096892	11030
85302	0.096156	5566
85302	0.096646	1213
85302	0.097346	6427
85302	0.097548	7159
3122	0.155789	3123
117178	0.096175	125115
117178	0.096232	5562
117178	0.096998	7159
117178	0.096977	7205
117178	0.098453	7534
117178	0.096093	29079
117178	0.098453	7530
117178	0.096120	5682
117178	0.096898	8517
117178	0.101278	672
117178	0.103952	7157
29978	0.117544	7337
29978	0.117512	3476
29978	0.116323	5566
29978	0.124669	7157
29978	0.118759	3192
29978	0.117431	5886
29978	0.117777	3178
29978	0.116814	5887
29978	0.140625	29979
29978	0.122089	6233
29979	0.118961	5887
29979	0.119579	5886
29979	0.120242	9146
29979	0.119732	5479
29979	0.128344	2033
29979	0.120443	10768
29979	0.118731	4093
29979	0.119691	7337
29979	0.461463	2212
29979	0.119076	351
29979	0.124236	6233
8029	0.099833	672
7534	0.097660	988
7534	0.098191	8352
7534	0.098191	8354
7534	0.097016	5566
7534	0.098191	8968
7534	0.106890	2033
7534	0.098738	7531
7534	0.097434	7533
7534	0.097617	7532
7534	0.098191	8358
7534	0.099472	8554
7534	0.098191	8350
7534	0.098191	8351
7534	0.096939	120892
7534	0.098191	8353
7534	0.100753	3315
7534	0.098191	8355
7534	0.098191	8356
7534	0.098191	8357
7534	0.098237	7337
7534	0.099031	5599
7534	0.098554	10987
7534	0.099481	6310
7534	0.102782	6233
4233	0.095151	10048
4233	0.095873	8440
4233	0.095886	5295
4233	0.115794	6464
4233	0.101023	5335
4233	0.096744	1398
4233	0.097239	7535
4233	0.098339	6714
4233	0.096176	2064
4233	0.094511	2065
6449	0.119337	3312
6449	0.119661	5111
6449	0.120362	8554
6449	0.118503	26986
6449	0.119277	7205
6449	0.119469	3326
6449	0.118263	8454
6449	0.119878	10768
6449	0.119167	5479
5591	0.096272	988
5591	0.095829	5601
5591	0.096802	8351
5591	0.096802	8353
5591	0.103973	7157
5591	0.103713	7329
5591	0.096802	8355
5591	0.096802	8968
5591	0.096873	3183
5591	0.095827	3609
5591	0.099069	2932
5591	0.101300	672
5591	0.096802	8358
5591	0.098604	4609
5591	0.096802	8350
5591	0.098634	3725
5591	0.096802	8352
5591	0.097059	3312
5591	0.096802	8354
5591	0.098529	6774
5591	0.096802	8356
5591	0.096802	8357
5591	0.096611	6426
5591	0.097082	3178
5591	0.096309	472
5591	0.097642	5599
5591	0.100421	1457
5591	0.098063	3192
5595	0.097458	5594
5595	0.095379	5604
5595	0.098158	3725
5595	0.098702	1387
5595	0.095696	5515
5594	0.099467	4088
5594	0.096702	5604
5594	0.104821	7157
5594	0.106348	2033
5594	0.097084	7273
5594	0.099916	2932
5594	0.099451	4609
5594	0.099482	3725
5594	0.097019	5515
5594	0.117942	6464
5594	0.100025	1387
5597	0.096670	7337
5597	0.096562	3329
5597	0.097013	3326
5597	0.116917	6464
5597	0.097402	3184
5597	0.095800	6453
5597	0.096273	10048
5599	0.099176	4088
5599	0.096411	5604
5599	0.099191	3725
5599	0.098339	3164
5599	0.104530	7157
5599	0.106057	2033
5599	0.098601	1398
5599	0.099031	7530
5599	0.097945	23411
5599	0.099160	4609
5599	0.097615	3312
5599	0.096728	5515
5599	0.099085	6774
5599	0.097281	1029
5599	0.096789	351
1822	0.102438	2130
1822	0.096071	11030
1822	0.100129	1457
1822	0.096705	7205
1822	0.096880	8440
1822	0.095980	7431
1822	0.096188	5684
1822	0.105208	2033
6310	0.097037	9611
6310	0.099003	7874
6310	0.097160	7791
6310	0.098789	3164
6310	0.096738	10254
6310	0.098834	5371
6310	0.104719	7329
6310	0.098004	7205
6310	0.097808	8968
6310	0.099050	1398
6310	0.098355	7531
6310	0.099481	7530
6310	0.112161	639
6310	0.097808	8358
6310	0.099089	8554
6310	0.097808	8350
6310	0.097808	8351
6310	0.097808	8352
6310	0.097808	8353
6310	0.097808	8354
6310	0.097808	8355
6310	0.097808	8356
6310	0.097808	8357
6310	0.097253	10989
6310	0.097369	11030
1385	0.094535	1107
1385	0.097688	2932
1385	0.102333	7329
1385	0.099919	672
1385	0.094928	472
1385	0.102594	7157
1385	0.104121	2033
1385	0.096703	8554
1385	0.097224	4609
1385	0.097798	1387
1385	0.094893	7431
1387	0.099474	5111
1387	0.098124	9611
1387	0.100712	4088
1387	0.098827	5886
1387	0.100726	3725
1387	0.099706	5430
1387	0.098893	8351
1387	0.098003	4087
1387	0.105805	7329
1387	0.098893	8968
1387	0.104822	2130
1387	0.102439	367
1387	0.099012	8517
1387	0.103391	672
1387	0.098893	8358
1387	0.100176	8554
1387	0.100696	4609
1387	0.098893	8350
1387	0.098893	8352
1387	0.098893	8353
1387	0.098893	8354
1387	0.098893	8355
1387	0.098893	8356
1387	0.098893	8357
1387	0.101032	1026
1387	0.100621	6774
1387	0.098050	5468
1387	0.097639	7161
1387	0.098748	6772
1387	0.106066	7157
1387	0.118780	5970
1387	0.103485	6233
2064	0.097577	5295
2064	0.098113	60
2064	0.096245	5604
2064	0.097563	8440
2064	0.098435	1398
2064	0.096380	6732
2064	0.097307	3320
2064	0.098919	6774
2064	0.117485	6464
2064	0.097047	6772
2064	0.101783	6233
2064	0.102713	5335
2064	0.096201	2065
2065	0.095911	5295
2065	0.115819	6464
2065	0.098381	6733
2065	0.101048	5335
2065	0.096769	1398
2065	0.097264	7535
2065	0.095898	8440
2065	0.098364	6714
8517	0.095702	4790
8517	0.098903	2932
8517	0.096751	3320
8517	0.098438	4609
8517	0.095709	4792
8517	0.101227	6233
8517	0.116522	5970
8517	0.098775	1026
310	0.096324	9869
310	0.095365	7273
310	0.103101	7157
310	0.094755	5566
310	0.096851	60
310	0.095402	7431
310	0.098767	6714
8440	0.097666	3190
8440	0.096616	9513
8440	0.097085	7205
8440	0.096076	6732
8440	0.096819	9859
8440	0.099743	6733
8440	0.104985	916
200728	0.096770	5295
200728	0.097183	10768
200728	0.096982	9146
200728	0.095314	10254
200728	0.095628	7533
3476	0.095902	5515
3476	0.096341	6426
3476	0.103078	3958
3476	0.102461	2130
3476	0.096386	6772
3476	0.095708	6453
3476	0.095849	5887
3476	0.105231	2033
3476	0.095651	5879
3476	0.099094	3315
8968	0.097098	5111
8968	0.095834	5887
8968	0.096455	3329
8968	0.097037	4000
8968	0.105217	2033
8968	0.098191	7530
8968	0.096912	9869
8968	0.097105	23411
7431	0.095341	7791
7431	0.095329	5682
7431	0.094979	7295
7431	0.098256	2932
7431	0.096384	9869
7431	0.094767	8553
7431	0.094971	1936
7431	0.098552	3315
7431	0.094965	1647
7431	0.098128	1026
7431	0.095103	1107
7431	0.095753	51588
7535	0.149014	952
7535	0.118547	6464
7535	0.103596	919
7535	0.106350	916
5684	0.097223	5371
5684	0.099051	6733
5684	0.099817	1457
5684	0.098759	3315
5684	0.095536	5682
7531	0.097281	7159
7531	0.104236	7157
7531	0.096517	5562
7531	0.098738	7530
7531	0.096307	7533
7531	0.096491	7532
7531	0.099627	3315
7531	0.097111	7337
7531	0.096136	808
7531	0.096145	801
7531	0.096136	805
7530	0.097660	988
7530	0.098191	8352
7530	0.098191	8354
7530	0.097016	5566
7530	0.106890	2033
7530	0.097434	7533
7530	0.097617	7532
7530	0.098191	8358
7530	0.099472	8554
7530	0.098191	8350
7530	0.098191	8351
7530	0.096939	120892
7530	0.098191	8353
7530	0.100753	3315
7530	0.098191	8355
7530	0.098191	8356
7530	0.098191	8357
7530	0.098237	7337
7530	0.098554	10987
7530	0.102782	6233
7533	0.095691	9859
7533	0.095977	7159
7533	0.095213	5562
7533	0.095187	7532
7533	0.098323	3315
7533	0.096537	3190
7533	0.100352	6233
5682	0.098303	2801
5682	0.095252	125115
5682	0.095872	6427
2932	0.098155	5515
2932	0.099169	5295
2932	0.098899	3320
2932	0.100617	3725
2932	0.105956	7157
2932	0.097851	4790
2932	0.097610	5566
2932	0.100066	8554
2932	0.100586	4609
2932	0.097532	120892
2932	0.098767	6421
2932	0.097898	1107
7020	0.099123	10048
7020	0.105402	2130
7020	0.106646	7157
7020	0.106385	7329
7020	0.103094	1457
7020	0.108173	2033
7020	0.100755	8554
7020	0.098705	226
7020	0.119360	5970
7020	0.098540	4790
23411	0.097685	5111
23411	0.096598	983
23411	0.098937	3725
23411	0.096457	7791
23411	0.103034	2130
23411	0.104276	7157
23411	0.097105	8351
23411	0.098131	5371
23411	0.104016	7329
23411	0.100650	367
23411	0.097105	8358
23411	0.098907	4609
23411	0.097105	8350
23411	0.097105	8352
23411	0.097105	8353
23411	0.097105	8354
23411	0.097105	8355
23411	0.097105	8356
23411	0.097105	8357
23411	0.095851	7161
23411	0.096218	1107
23411	0.100724	1457
23411	0.116991	5970
367	0.099712	10048
367	0.099293	9611
367	0.101881	4088
367	0.099556	983
367	0.100984	60
367	0.105584	5335
367	0.101345	8554
367	0.101895	3725
367	0.100875	5430
367	0.101259	7874
367	0.102900	6714
367	0.106974	7329
367	0.108762	2033
367	0.101305	1398
367	0.100178	3320
367	0.100451	3326
367	0.104561	672
367	0.100109	7337
367	0.119949	5970
367	0.120356	6464
367	0.107235	7157
367	0.099135	808
367	0.099144	801
367	0.100447	5295
367	0.099135	805
3313	0.102611	7157
3313	0.098001	3315
3313	0.094185	7161
3313	0.096217	3184
3313	0.096700	3192
3313	0.095378	3329
3313	0.095696	3312
3312	0.096244	988
3312	0.096889	3320
3312	0.097163	3326
3312	0.096713	3329
3312	0.096198	26986
3312	0.097552	3184
3312	0.101272	672
3312	0.099336	3315
3312	0.097696	60
3312	0.096281	472
3315	0.099469	3326
3315	0.099194	3320
3315	0.099014	5886
3315	0.098432	7791
3315	0.098369	3181
3315	0.099857	3184
3315	0.098573	983
3315	0.100341	3192
3315	0.100322	1398
3315	0.098061	1936
3315	0.106251	7157
3315	0.098012	6303
3316	0.117486	7273
3316	0.117263	4809
3316	0.117282	226
3316	0.118972	60
3316	0.118829	3184
3316	0.118091	1639
1647	0.096074	5111
1647	0.102665	7157
1647	0.094607	1107
1647	0.094986	983
1647	0.097632	1026
10989	0.096741	3184
10989	0.095634	7083
10989	0.095945	6421
10989	0.095727	51588
10989	0.095077	1107
10989	0.104662	2033
10989	0.095904	6606
10989	0.095904	6607
10989	0.100554	6233
6774	0.098630	5295
6774	0.097272	5601
6774	0.098100	6772
6774	0.099226	3164
6774	0.100384	1026
6774	0.106944	2033
6774	0.097235	7295
6774	0.097022	8553
6774	0.101082	6714
6774	0.097311	4790
6774	0.118131	5970
6774	0.097364	5879
10987	0.096530	10048
10987	0.095991	4087
10987	0.096994	4089
10987	0.103792	7329
10987	0.097078	7205
10987	0.108074	10488
10987	0.096064	8454
10987	0.095871	7295
10987	0.096038	5468
10987	0.096307	7532
10987	0.095947	4790
10987	0.098714	3725
6772	0.116258	5970
6772	0.097654	8554
6772	0.096412	1639
6772	0.103284	7329
6772	0.100870	672
6772	0.105071	2033
6772	0.096761	3326
6772	0.095529	5468
9961	0.098213	2801
9961	0.095329	11030
9961	0.102939	7157
9961	0.095964	7205
9961	0.096156	3326
5879	0.095032	125115
5879	0.095619	6421
5879	0.094385	120892
60	0.097380	6606
60	0.097380	6607
60	0.098216	3184
60	0.106138	2033
60	0.096524	4093
60	0.100293	6733
60	0.099241	4609
60	0.100276	6714
60	0.097110	7083
60	0.099577	1026
7791	0.096668	10768
7791	0.095187	5887
7791	0.095183	29079
7791	0.102781	7329
7791	0.096066	7205
7791	0.095026	5468
7791	0.095957	5479
3164	0.099317	4088
3164	0.096612	1107
3164	0.097005	472
3164	0.106198	2033
3164	0.096788	3181
3164	0.097888	3326
3164	0.096656	5468
3164	0.117385	5970
3164	0.096565	4790
3164	0.104670	7157
2801	0.098433	988
2801	0.105874	7329
2801	0.105510	3958
2801	0.098416	5562
2801	0.107662	2033
2801	0.098978	6427
5430	0.096396	4790
5430	0.097910	5111
5430	0.097345	6427
5430	0.096355	3609
5430	0.100949	1457
5430	0.101827	672
5430	0.096836	472
5430	0.117216	5970
5430	0.096643	29079
5430	0.100167	6714
5430	0.098591	3192
7159	0.095558	132320
7159	0.095664	10254
7159	0.103906	7157
7159	0.096187	5562
7159	0.096048	29079
7159	0.095480	7161
7159	0.096166	351
7159	0.116621	5970
7157	0.103804	3320
7157	0.104715	5371
7157	0.108187	672
7157	0.106526	6714
7157	0.103338	10048
7157	0.103182	983
7157	0.104885	7874
7157	0.102716	5601
7157	0.104932	1398
7157	0.102622	6303
7157	0.103115	7532
7157	0.103498	6426
7157	0.103453	51588
7157	0.103630	6606
7157	0.103630	6607
7157	0.105828	1026
7157	0.102619	10254
7157	0.102799	4087
7157	0.103360	7083
7157	0.103612	1029
7157	0.102803	1107
7157	0.107309	1457
7157	0.102919	9611
7157	0.105507	4088
7157	0.103196	472
7157	0.110600	7329
7157	0.112389	2033
7157	0.102979	3181
7157	0.103596	6188
7157	0.102467	8553
7157	0.102877	6732
7157	0.104971	8554
7157	0.102763	4792
7157	0.103736	7337
7157	0.108281	6233
2209	0.824512	2214
2209	0.475957	6464
26986	0.095153	4809
26986	0.096718	3190
26986	0.095367	7532
26986	0.100439	672
26986	0.096718	3184
26986	0.096221	3178
26986	0.097202	3192
26986	0.094966	3609
1213	0.095873	1639
1213	0.094659	5566
1213	0.102744	7329
1213	0.095009	6453
1213	0.104533	2033
1213	0.098670	6714
1213	0.096431	9146
7295	0.101436	2130
7295	0.102054	3958
7295	0.098362	6733
7295	0.096306	10768
7295	0.097646	1026
7295	0.094574	4790
7295	0.095490	6421
639	0.112153	8554
9869	0.096853	6606
9869	0.096853	6607
9869	0.103823	7329
9869	0.095844	6303
9869	0.095689	8553
9869	0.096912	8350
9869	0.096912	8351
9869	0.096912	8352
9869	0.096912	8353
9869	0.096912	8354
9869	0.096912	8355
9869	0.096912	8356
9869	0.096912	8357
9869	0.096912	8358
9869	0.096583	7083
9869	0.099050	1026
9869	0.096675	51588
3725	0.097580	9611
3725	0.100168	4088
3725	0.098465	3320
3725	0.097377	5601
3725	0.099376	5371
3725	0.105261	7329
3725	0.107049	2033
3725	0.097507	5468
3725	0.104279	2130
3725	0.102848	672
3725	0.099632	8554
3725	0.097720	5515
3725	0.118236	5970
3725	0.101970	1457
3725	0.102941	6233
120892	0.095172	6188
120892	0.099857	6233
120892	0.094091	5566
120892	0.095381	3320
120892	0.095204	3329
1107	0.102542	7329
1107	0.094563	6303
1107	0.094409	8553
1107	0.094377	7161
1107	0.095395	51588
1457	0.099367	9611
1457	0.099630	983
1457	0.100252	3320
1457	0.100044	6188
1457	0.100156	4691
1457	0.101163	5371
1457	0.108837	2033
1457	0.099427	3181
1457	0.100208	3183
1457	0.100526	3326
1457	0.098915	8553
1457	0.099119	1936
1457	0.101419	8554
1457	0.101940	4609
1457	0.098867	23451
1457	0.100152	6427
1457	0.100120	6421
1457	0.099439	9295
1457	0.099209	808
1457	0.099219	801
1457	0.120024	5970
1457	0.099209	805
5111	0.097021	1029
5111	0.097031	5886
5111	0.099237	1026
5111	0.097185	5479
5111	0.103026	2130
5111	0.096309	4809
5111	0.096329	226
5111	0.105797	2033
5111	0.097098	8357
5111	0.097098	8358
5111	0.097098	8350
5111	0.097098	8351
5111	0.097098	8352
5111	0.097098	8353
5111	0.097098	8354
5111	0.097098	8355
5111	0.097098	8356
5111	0.101689	6233
9611	0.096773	5371
9611	0.097029	8554
9611	0.097550	4609
9611	0.094904	5468
9611	0.101676	2130
4088	0.097985	10048
4088	0.097445	4087
4088	0.098448	4089
4088	0.099531	7874
4088	0.118222	5970
4088	0.107035	2033
4088	0.097421	4093
4088	0.100138	4609
4088	0.098099	51588
4088	0.099112	3190
4089	0.095716	4093
4089	0.116517	5970
4089	0.102559	2130
4089	0.095741	4087
4089	0.116923	6464
4089	0.103542	7329
4089	0.096394	51588
4089	0.098769	1026
4089	0.105330	2033
4089	0.097912	8554
5295	0.096078	6453
5295	0.098144	1398
5295	0.099740	6714
5295	0.117195	6464
7532	0.095375	351
7532	0.100535	6233
3184	0.096788	983
3184	0.096349	5604
3184	0.097277	6421
3184	0.103224	2130
3184	0.104206	7329
3184	0.096584	3181
3184	0.097366	3183
3184	0.096530	4841
3184	0.101793	672
3184	0.097575	3178
3184	0.099098	4609
3184	0.098556	3192
3184	0.098072	3190
5887	0.095768	5886
5887	0.095834	8358
5887	0.095834	8350
5887	0.095834	8351
5887	0.095834	8352
5887	0.095834	8353
5887	0.095834	8354
5887	0.095834	8355
5887	0.095834	8356
5887	0.095834	8357
5887	0.095881	7337
5887	0.101763	2130
5886	0.096497	7337
5886	0.102380	2130
5886	0.096648	7205
5886	0.096466	6427
5886	0.101043	6233
5886	0.105151	2033
7205	0.096167	5562
7205	0.096644	9859
7205	0.097513	10768
7205	0.095740	3609
2033	0.103962	7161
2033	0.104327	4087
2033	0.107019	4609
2033	0.109808	6233
2033	0.104669	5562
2033	0.111146	2130
2033	0.105217	8354
2033	0.105217	8351
2033	0.112128	7329
2033	0.104374	5468
2033	0.104710	983
2033	0.109714	672
2033	0.105217	8350
2033	0.105217	8352
2033	0.105217	8353
2033	0.104283	4790
2033	0.105217	8355
2033	0.105217	8356
2033	0.105217	8357
2033	0.105217	8358
2033	0.106478	3192
2033	0.125103	5970
3181	0.095822	6427
3181	0.095789	6421
3181	0.096327	4000
3181	0.094832	3609
3181	0.100398	6233
3181	0.095745	3329
3181	0.096086	3178
5468	0.095324	10048
5468	0.096870	7874
5468	0.094727	5604
5468	0.096700	5371
5468	0.102585	7329
5468	0.096956	8554
5468	0.095657	6421
5468	0.115560	5970
3183	0.096571	6421
3183	0.095800	4809
3183	0.103499	7329
3183	0.099442	6733
3183	0.095775	6732
3183	0.101086	672
3183	0.096316	9513
3183	0.095613	3609
10768	0.097125	6426
10768	0.096686	5515
10768	0.100170	6733
10768	0.096503	6732
4841	0.094530	8553
4841	0.095245	983
4841	0.102663	7329
4841	0.096272	4000
4841	0.101681	2130
4841	0.095480	9513
4841	0.097014	3192
4841	0.095735	6421
6732	0.095514	6426
6732	0.095719	6427
6732	0.095985	3178
6732	0.098559	6733
6733	0.099302	9859
6733	0.099390	4691
6733	0.099891	4000
6733	0.098824	5562
6733	0.099652	3178
6733	0.098603	226
6733	0.102209	6714
6733	0.098807	7273
6733	0.099181	6426
6733	0.099386	6427
6733	0.098673	9295
6733	0.098401	54869
6733	0.099100	9513
6733	0.100149	3190
23451	0.094334	4093
23451	0.095230	6421
23451	0.094273	3609
23451	0.096025	3190
23451	0.094718	988
23451	0.097050	4609
23451	0.095057	6426
4790	0.096610	5371
4790	0.095973	3326
4790	0.094657	4792
4790	0.115470	5970
4792	0.102502	7329
4792	0.095870	3178
4792	0.094774	8454
4792	0.115477	5970
4792	0.100182	6233
7337	0.097589	5371
7337	0.095649	4093
7337	0.101155	6233
5970	0.117599	7874
5970	0.115774	5515
5970	0.115229	5566
5970	0.116310	6188
5970	0.115386	1936
5970	0.115910	472
5970	0.116168	51588
5970	0.115336	6303
9295	0.095629	6426
9295	0.095834	6427
9295	0.101748	2130
9295	0.095031	4809
9295	0.096596	3190
9295	0.097081	3192
4000	0.097056	4691
4000	0.098063	5371
4000	0.103948	7329
4000	0.098280	1398
4000	0.097037	8358
4000	0.097317	3178
4000	0.096019	1936
4000	0.097037	8350
4000	0.097037	8351
4000	0.097037	8352
4000	0.097037	8353
4000	0.097037	8354
4000	0.097037	8355
4000	0.097037	8356
4000	0.097037	8357
808	0.094413	132320
808	0.095024	7273
351	0.116241	6464
351	0.102859	7329
801	0.094422	132320
801	0.095034	7273
805	0.094413	132320
805	0.095024	7273
132320	0.115634	6464
132320	0.094794	5562
132320	0.094368	5601
132320	0.095356	6427
132320	0.095272	9859
1785	0.095502	1639
1785	0.094639	6453
1785	0.098300	6714
1785	0.095549	5479
7329	0.103078	10048
7329	0.102206	8553
7329	0.102921	983
7329	0.103192	51588
7329	0.104026	9146
7329	0.107926	672
7329	0.103708	3178
7329	0.104710	8554
7329	0.105231	4609
7329	0.102864	7273
7329	0.104455	5371
7329	0.103411	6421
7329	0.102482	5604
7329	0.102175	7161
7329	0.103352	1029
7329	0.104690	3192
7329	0.104206	3190
3320	0.096571	3329
3320	0.099470	6714
3320	0.096651	4691
3320	0.097021	3326
3320	0.096912	3178
3326	0.096830	1029
3326	0.096845	3329
3329	0.095851	125115
3329	0.096455	8353
3329	0.095687	226
3329	0.096455	8352
3329	0.100954	672
3329	0.096455	8358
3329	0.096455	8350
3329	0.096455	8351
3329	0.096455	8354
3329	0.096455	8355
3329	0.096455	8356
3329	0.096455	8357
6714	0.098408	5604
6714	0.104876	5335
6714	0.100597	1398
6714	0.100132	3190
6714	0.119648	6464
5479	0.102533	2130
5371	0.097036	983
5371	0.098739	7874
5371	0.103065	5335
5371	0.098825	8554
5371	0.097467	1029
672	0.100664	10048
672	0.100522	472
672	0.102297	8554
672	0.100939	1029
672	0.102818	4609
672	0.100779	51588
672	0.100743	9513
672	0.105606	6233
5515	0.094665	8553
5515	0.097690	4609
5515	0.095340	5562
5515	0.094914	5601
10048	0.095252	4093
10048	0.095277	4087
10048	0.096207	1639
10048	0.094992	5566
988	0.095797	6426
988	0.095969	6421
988	0.095893	6188
988	0.096002	6427
983	0.096029	4691
125115	0.095927	6427
125115	0.095365	5562
125115	0.096509	9146
7874	0.103642	2130
7874	0.102304	6233
5604	0.094681	4087
5604	0.095494	1029
6453	0.095364	7083
9859	0.096488	1639
9859	0.116740	6464
9859	0.095761	29079
9146	0.096045	10254
9146	0.097891	3190
11030	0.102008	2130
11030	0.095105	3609
11030	0.095532	5562
11030	0.094857	8553
11030	0.095807	9513
4809	0.096506	3190
4809	0.095635	6188
4809	0.096991	3192
5566	0.096585	1398
5562	0.094747	8553
919	0.109955	916
919	0.122152	6464
919	0.152619	952
1398	0.118053	6464
916	0.103642	54869
916	0.155373	952
3958	0.426594	2213
3958	0.426594	9103
8454	0.100292	6233
1936	0.096276	3190
7273	0.095967	6427
7273	0.101881	2130
6426	0.096341	6427
6426	0.102255	2130
6426	0.096606	3178
6426	0.097588	3192
6426	0.097104	3190
6427	0.096550	4691
6427	0.096572	1639
6427	0.102461	2130
6421	0.095525	3609
6421	0.096779	3178
3500	0.706308	2215
51588	0.095391	4087
51588	0.095513	226
5335	0.425569	2213
5335	0.425569	9103
5335	0.103300	3192
6606	0.095483	3609
6606	0.097720	3192
6607	0.095483	3609
6607	0.097720	3192
4087	0.094713	4093
4087	0.097430	4609
4087	0.100219	6233
3609	0.095561	4691
3609	0.095449	6188
3609	0.096320	3190
3178	0.096703	6188
3178	0.098058	3192
3178	0.097574	3190
4609	0.097551	226
4609	0.097065	7161
4609	0.102911	6233
1026	0.099433	3190
1026	0.103247	6233
2214	0.516124	952
7161	0.099854	6233
1029	0.096459	4691
1029	0.097702	3192
1029	0.101032	6233
4691	0.097312	3190
2130	0.101760	29079
2130	0.102174	9513
6188	0.101015	6233
6188	0.097685	3192
3192	0.098556	3190
