#Id Score P-value
716 1.000000 0.0
715 0.958107 0.0
2214 0.834212 0.0
713 0.833572 0.0
2209 0.814812 0.0
712 0.805110 0.0
2212 0.780154 0.0
931 0.759588 0.0
2213 0.743577 0.0
9103 0.743577 0.0
714 0.738263 0.0
2215 0.711362 0.0
3500 0.701254 0.0002209
5105 0.390361 0.0007287
710 0.252184 0.0011676
283600 0.210612 0.0016215
952 0.198037 0.0036929
60401 0.196093 0.0036929
3122 0.191109 0.0036929
9235 0.160481 0.0057338
64841 0.156690 0.0109722
4653 0.148970 0.0360767
54413 0.144432 0.0360767
6850 0.144406 0.0360767
7597 0.143600 0.0360767
29979 0.142772 0.0360767
6449 0.141643 0.0360767
10114 0.141106 0.0360767
7917 0.141044 0.0360767
867 0.140502 0.0360767
5501 0.140270 0.0360767
3316 0.139585 0.125147
3937 0.139407 0.125147
29978 0.138478 0.125147
9063 0.138349 0.125147
5499 0.138288 0.125147
6464 0.137103 0.125147
55016 0.136587 0.125147
5970 0.136290 0.125147
3845 0.134745 0.125147
79001 0.126092 0.3282117
639 0.125224 0.3282117
147872 0.120918 0.3282117
3123 0.120470 0.3282117
10488 0.118903 0.5970011
55294 0.116895 0.5970011
4193 0.115076 0.5970011
2033 0.113916 0.5970011
916 0.112709 0.5970011
7157 0.110861 0.5970011
7329 0.110340 0.5970011
3958 0.109610 0.8351207
28396 0.109428 0.8351207
2130 0.108375 0.8351207
5335 0.107560 0.8351207
919 0.107201 0.8351207
1956 0.106318 0.8351207
11161 0.106185 0.8351207
7316 0.105777 0.8351207
6233 0.105700 0.8351207
672 0.105513 0.8351207
2207 0.105084 0.8351207
92086 0.104910 0.8351207
3543 0.104910 0.8351207
1915 0.104326 0.8351207
207 0.103992 0.8351207
1457 0.103757 0.8351207
367 0.103608 0.8351207
2885 0.103014 0.8351207
5987 0.102447 0.8351207
7020 0.102430 0.8351207
6733 0.102226 0.8351207
6714 0.102192 0.8351207
3315 0.101642 0.8351207
2286 0.101578 0.8351207
7186 0.101437 0.8351207
10524 0.101411 0.8351207
2801 0.101409 0.8351207
1387 0.101270 0.8351207
1460 0.101224 0.8351207
56893 0.101213 0.8351207
2932 0.101051 0.8351207
23028 0.101029 0.8351207
1026 0.100795 0.8351207
7341 0.100471 0.8351207
3065 0.100276 0.8351207
3725 0.100183 0.8351207
4088 0.100153 0.8351207
4609 0.100122 0.8351207
5657 0.100113 0.8351207
1991 0.100011 0.8351207
7535 0.099991 0.9484694
6774 0.099972 0.9484694
7534 0.099864 0.9484694
7530 0.099864 0.9484694
5300 0.099747 0.9484694
145508 0.099583 0.9484694
8945 0.099528 0.9484694
5925 0.099454 0.9484694
1499 0.099227 0.9484694
6790 0.099186 0.9484694
6310 0.099098 0.9484694
8554 0.099081 0.9484694
3838 0.099056 0.9484694
1616 0.099043 0.9484694
3192 0.099040 0.9484694
1398 0.099002 0.9484694
166 0.098925 0.9484694
7874 0.098909 0.9484694
2023 0.098859 0.9484694
7311 0.098801 0.9484694
5594 0.098781 0.9484694
25 0.098604 0.9484694
5371 0.098569 0.9484694
5315 0.098568 0.9484694
7321 0.098519 0.9484694
7322 0.098480 0.9484694
3164 0.098480 0.9484694
259197 0.098465 0.9484694
2597 0.098462 0.9484694
60 0.098360 0.9484694
7704 0.098341 0.9484694
5599 0.098199 0.9484694
85302 0.098144 0.9484694
5430 0.098142 0.9484694
10768 0.098114 0.9484694
64852 0.098107 0.9484694
3184 0.098073 0.9484694
3190 0.098071 0.9484694
5347 0.097868 0.9484694
2064 0.097867 0.9484694
26260 0.097775 0.9484694
7013 0.097770 0.9484694
9146 0.097712 0.9484694
23411 0.097692 0.9484694
5111 0.097678 0.9484694
7531 0.097611 0.9484694
4000 0.097557 0.9484694
2547 0.097491 0.9484694
6613 0.097488 0.9484694
9869 0.097306 0.9484694
3326 0.097295 0.9484694
1432 0.097293 0.9484694
5295 0.097287 0.9484694
8440 0.097260 0.9484694
2316 0.097248 0.9484694
10987 0.097245 0.9484694
1147 0.097171 0.9484694
84445 0.097157 0.9484694
5591 0.097086 0.9484694
7415 0.097085 0.9484694
3178 0.097077 0.9484694
22981 0.097073 0.9484694
23390 0.097062 0.9484694
117178 0.097043 0.9484694
3312 0.097031 0.9484694
4869 0.096993 0.9484694
5966 0.096973 0.9484694
4223 0.096963 0.9484694
7159 0.096952 0.9484694
7205 0.096911 0.9484694
6625 0.096807 0.9484694
8517 0.096754 0.9484694
2099 0.096750 0.9484694
3320 0.096747 0.9484694
4089 0.096744 0.9484694
5597 0.096731 0.9484694
55183 0.096710 0.9484694
5479 0.096691 0.9484694
3183 0.096659 0.9484694
4137 0.096653 0.9484694
7337 0.096610 0.9484694
1639 0.096597 0.9484694
9865 0.096596 0.9484694
3309 0.096595 0.9484694
6386 0.096566 0.9484694
4691 0.096554 0.9484694
6427 0.096547 0.9484694
3476 0.096546 0.9484694
8358 0.096517 0.9484694
8350 0.096517 0.9484694
8351 0.096517 0.9484694
8352 0.096517 0.9484694
8353 0.096517 0.9484694
8354 0.096517 0.9484694
8355 0.096517 0.9484694
8356 0.096517 0.9484694
8357 0.096517 0.9484694
8968 0.096517 0.9484694
7514 0.096504 0.9484694
1822 0.096500 0.9484694
6421 0.096482 0.9484694
1660 0.096425 0.9484694
26524 0.096416 0.9484694
2908 0.096410 0.9484694
6606 0.096399 0.9484694
6607 0.096399 0.9484694
3329 0.096394 0.9484694
5886 0.096385 0.9484694
9859 0.096378 0.9484694
1029 0.096364 0.9484694
6188 0.096330 0.9484694
5710 0.096302 0.9484694
22938 0.096278 0.9484694
200728 0.096252 0.9484694
6772 0.096227 0.9484694
4005 0.096206 0.9484694
373 0.096169 0.9484694
3064 0.096161 0.9484694
6426 0.096136 0.9484694
5595 0.096134 0.9484694
84708 0.096134 0.9484694
6477 0.096117 0.9484694
51588 0.096045 0.9484694
10971 0.096015 0.9484694
2274 0.095985 0.9484694
9513 0.095973 0.9484694
3308 0.095935 0.9484694
3551 0.095902 0.9484694
3932 0.095890 0.9484694
5684 0.095876 0.9484694
7083 0.095859 0.9484694
10048 0.095816 0.9484694
811 0.095767 0.9484694
7334 0.095694 0.9484694
580 0.095687 0.9484694
55660 0.095665 0.9484694
11030 0.095641 0.9484694
7323 0.095549 0.9484694
472 0.095531 0.9484694
983 0.095503 0.9484694
7431 0.095461 0.9484694
4188 0.095460 0.9484694
988 0.095457 0.9484694
5562 0.095422 0.9484694
10989 0.095408 0.9484694
6925 0.095400 0.9484694
3875 0.095397 0.9484694
7273 0.095388 0.9484694
10241 0.095384 0.9484694
351 0.095379 0.9484694
7532 0.095370 0.9484694
26986 0.095364 0.9484694
310 0.095342 0.9484694
125115 0.095307 0.9484694
5859 0.095275 0.9484694
5770 0.095269 0.9484694
5515 0.095258 0.9484694
7791 0.095222 0.9484694
27040 0.095212 0.9484694
6135 0.095209 0.9484694
5682 0.095197 0.9484694
4214 0.095184 0.9484694
10413 0.095171 0.9484694
3066 0.095170 0.9484694
5887 0.095151 0.9484694
1213 0.095149 0.9484694
29079 0.095144 0.9484694
9295 0.095121 0.9484694
7529 0.095118 0.9484694
10273 0.095116 0.9484694
3181 0.095096 0.9484694
971 0.095061 0.9484694
9961 0.095016 0.9484694
7533 0.095003 0.9484694
4841 0.094987 0.9484694
226 0.094980 0.9484694
9611 0.094977 0.9484694
51115 0.094955 0.9484694
57154 0.094952 0.9484694
4809 0.094941 0.9484694
22976 0.094938 0.9484694
2534 0.094907 0.9484694
6732 0.094892 0.9484694
8454 0.094884 0.9484694
409 0.094873 0.9484694
6453 0.094870 0.9484694
5468 0.094831 0.9484694
5034 0.094827 0.9484694
8878 0.094817 0.9484694
5747 0.094763 0.9484694
5879 0.094756 0.9484694
1107 0.094745 0.9484694
4087 0.094737 0.9484694
4093 0.094689 0.9484694
10657 0.094684 0.9484694
801 0.094680 0.9484694
5578 0.094675 0.9484694
4792 0.094664 0.9484694
808 0.094661 0.9484694
805 0.094661 0.9484694
4790 0.094650 0.9484694
5604 0.094624 0.9484694
54869 0.094576 0.9484694
5601 0.094571 0.9484694
3609 0.094568 0.9484694
8503 0.094567 0.9484694
2065 0.094536 0.9484694
26060 0.094529 0.9484694
7295 0.094498 0.9484694
4233 0.094486 0.9484694
1936 0.094481 0.9484694
4176 0.094472 0.9484694
1647 0.094469 0.9484694
5894 0.094426 0.9484694
1785 0.094407 0.9484694
3055 0.094395 0.9484694
324 0.094395 0.9484694
6303 0.094382 0.9484694
10254 0.094377 0.9484694
9113 0.094371 0.9484694
3313 0.094361 0.9484694
6430 0.094360 0.9484694
9349 0.094342 0.9484694
1385 0.094326 0.9484694
1236 0.094315 0.9484694
57562 0.094313 0.9484694
55835 0.094295 0.9484694
7319 0.094289 0.9484694
71 0.094283 0.9484694
5708 0.094268 0.9484694
5914 0.094263 0.9484694
10155 0.094236 0.9484694
10521 0.094214 0.9484694
5566 0.094168 0.9484694
25913 0.094168 0.9484694
132320 0.094165 0.9484694
8029 0.094154 0.9484694
8553 0.094072 0.9484694
8290 0.094070 0.9484694
813 0.094043 0.9484694
120892 0.094014 0.9484694
6204 0.094014 0.9484694
7161 0.094009 0.9484694
7409 0.094009 0.9484694
23451 0.093978 0.9484694
196410 0.093976 0.9484694
2705 0.093976 0.9484694
51643 0.093976 0.9484694
5283 0.093976 0.9484694
154467 0.093976 0.9484694
219654 0.093976 0.9484694
9071 0.093976 0.9484694
677800 0.093976 0.9484694
346 0.093976 0.9484694
3250 0.093976 0.9484694
89822 0.093976 0.9484694
51734 0.093976 0.9484694
7251 0.093917 0.9484694
84675 0.093902 0.9484694
10492 0.093885 0.9484694
1017 0.093859 0.9484694
170482 0.093852 0.9484694
6597 0.093847 0.9484694
55791 0.093847 0.9484694
2353 0.093820 0.9484694
10013 0.093802 0.9484694
4067 0.093799 0.9484694
4904 0.093791 0.9484694
1207 0.093775 0.9484694
1655 0.093746 0.9484694
6256 0.093740 0.9484694
1478 0.093702 0.9484694
7189 0.093697 0.9484694
7317 0.093680 0.9484694
836 0.093676 0.9484694
1573 0.093649 0.9484694
8481 0.093649 0.9484694
26003 0.093645 0.9484694
10253 0.093643 0.9484694
23607 0.093639 0.9484694
1487 0.093638 0.9484694
1399 0.093628 0.9484694
4734 0.093558 0.9484694
6129 0.093558 0.9484694
5701 0.093551 0.9484694
355 0.093545 0.9484694
10482 0.093538 0.9484694
7132 0.093537 0.9484694
10277 0.093537 0.9484694
998 0.093530 0.9484694
7001 0.093512 0.9484694
220988 0.093511 0.9484694
3921 0.093501 0.9484694
4086 0.093499 0.9484694
30011 0.093493 0.9484694
57159 0.093490 0.9484694
387521 0.093452 0.9484694
387522 0.093452 0.9484694
7335 0.093452 0.9484694
7332 0.093442 0.9484694
65125 0.093438 0.9484694
6137 0.093433 0.9484694
11200 0.093423 0.9484694
25898 0.093405 0.9484694
6184 0.093393 0.9484694
10318 0.093391 0.9484694
5764 0.093370 0.9484694
26121 0.093369 0.9484694
1019 0.093368 0.9484694
468 0.093361 0.9484694
10963 0.093357 0.9484694
6118 0.093350 0.9484694
6598 0.093299 0.9484694
3093 0.093274 0.9484694
2810 0.093264 0.9484694
11338 0.093253 0.9484694
10075 0.093238 0.9484694
9618 0.093237 0.9484694
50618 0.093210 0.9484694
3337 0.093207 0.9484694
7324 0.093201 0.9484694
1025 0.093195 0.9484694
5565 0.093188 0.9484694
84676 0.093178 0.9484694
2322 0.093171 0.9484694
7846 0.093167 0.9484694
5296 0.093162 0.9484694
2617 0.093156 0.9484694
7376 0.093141 0.9484694
9319 0.093135 0.9484694
11051 0.093135 0.9484694
8161 0.093132 0.9484694
8826 0.093111 0.9484694
6432 0.093105 0.9484694
7347 0.093104 0.9484694
10534 0.093092 0.9484694
10236 0.093092 0.9484694
1649 0.093082 0.9484694
2059 0.093074 0.9484694
378465 0.093051 0.9484694
9093 0.093050 0.9484694
54535 0.093036 0.9484694
154796 0.093021 0.9484694
9612 0.093018 0.9484694
6125 0.093014 0.9484694
54464 0.093006 0.9484694
171483 0.092996 0.9484694
6721 0.092934 0.9484694
1937 0.092932 0.9484694
6275 0.092924 0.9484694
6434 0.092882 0.9484694
4670 0.092874 0.9484694
7410 0.092873 0.9484694
5663 0.092865 0.9484694
3643 0.092843 0.9484694
526 0.092799 0.9484694
79577 0.092769 0.9484694
9101 0.092769 0.9484694
51631 0.092761 0.9484694
6696 0.092756 0.9484694
6124 0.092754 0.9484694
23435 0.092715 0.9484694
6636 0.092715 0.9484694
26994 0.092712 0.9484694
5705 0.092710 0.9484694
2549 0.092708 0.9484694
596 0.092706 0.9484694
6498 0.092705 0.9484694
2512 0.092696 0.9484694
6605 0.092694 0.9484694
6223 0.092691 0.9484694
5579 0.092683 0.9484694
1459 0.092667 0.9484694
4690 0.092664 0.9484694
10054 0.092652 0.9484694
1805 0.092644 0.9484694
386682 0.092641 0.9484694
57062 0.092624 0.9484694
81631 0.092620 0.9484694
331 0.092619 0.9484694
11345 0.092614 0.9484694
388677 0.092584 0.9484694
100996717 0.092584 0.9484694
100996763 0.092584 0.9484694
79155 0.092573 0.9484694
8880 0.092572 0.9484694
1072 0.092561 0.9484694
64182 0.092543 0.9484694
9659 0.092543 0.9484694
653513 0.092543 0.9484694
9070 0.092532 0.9484694
8850 0.092523 0.9484694
7421 0.092504 0.9484694
1653 0.092502 0.9484694
9406 0.092490 0.9484694
6811 0.092488 0.9484694
2 0.092487 0.9484694
9240 0.092487 0.9484694
3815 0.092477 0.9484694
7320 0.092476 0.9484694
5500 0.092459 0.9484694
4287 0.092453 0.9484694
613 0.092446 0.9484694
6622 0.092445 0.9484694
3608 0.092439 0.9484694
7411 0.092430 0.9484694
10980 0.092424 0.9484694
6142 0.092399 0.9484694
8239 0.092386 0.9484694
51035 0.092374 0.9484694
6776 0.092339 0.9484694
5795 0.092339 0.9484694
5094 0.092332 0.9484694
9948 0.092322 0.9484694
6045 0.092319 0.9484694
2017 0.092311 0.9484694
1454 0.092311 0.9484694
2335 0.092289 0.9484694
9094 0.092280 0.9484694
10484 0.092258 0.9484694
10856 0.092254 0.9484694
1488 0.092252 0.9484694
9775 0.092240 0.9484694
8626 0.092233 0.9484694
5359 0.092231 0.9484694
10574 0.092226 0.9484694
6615 0.092199 0.9484694
1912 0.092197 0.9484694
5108 0.092189 0.9484694
3480 0.092188 0.9484694
57120 0.092183 0.9484694
1195 0.092174 0.9484694
55666 0.092171 0.9484694
22827 0.092165 0.9484694
6314 0.092159 0.9484694
55577 0.092159 0.9484694
6872 0.092155 0.9484694
7314 0.092148 0.9484694
6829 0.092142 0.9484694
10286 0.092137 0.9484694
1053 0.092128 0.9484694
29110 0.092109 0.9484694
10401 0.092101 0.9484694
8260 0.092101 0.9484694
2091 0.092100 0.9484694
1027 0.092095 0.9484694
11091 0.092083 0.9484694
55363 0.092067 0.9484694
57805 0.092050 0.9484694
1495 0.092043 0.9484694
554313 0.092037 0.9484694
8359 0.092037 0.9484694
8370 0.092037 0.9484694
8294 0.092037 0.9484694
8361 0.092037 0.9484694
8360 0.092037 0.9484694
8363 0.092037 0.9484694
8362 0.092037 0.9484694
8365 0.092037 0.9484694
8364 0.092037 0.9484694
8367 0.092037 0.9484694
8366 0.092037 0.9484694
8368 0.092037 0.9484694
121504 0.092037 0.9484694
11034 0.092036 0.9484694
868 0.092035 0.9484694
5580 0.092028 0.9484694
2176 0.092027 0.9484694
9318 0.092027 0.9484694
7052 0.092021 0.9484694
2318 0.092007 0.9484694
51421 0.091999 0.9484694
60491 0.091995 0.9484694
4001 0.091990 0.9484694
7448 0.091976 0.9484694
9402 0.091962 0.9484694
6229 0.091952 0.9484694
3304 0.091924 0.9484694
3303 0.091924 0.9484694
9099 0.091922 0.9484694
3054 0.091920 0.9484694
56658 0.091915 0.9484694
2475 0.091915 0.9484694
5496 0.091886 0.9484694
2146 0.091868 0.9484694
4692 0.091862 0.9484694
102800317 0.091859 0.9484694
124245 0.091848 0.9484694
5686 0.091847 0.9484694
6647 0.091843 0.9484694
10498 0.091839 0.9484694
7150 0.091834 0.9484694
2969 0.091833 0.9484694
8027 0.091824 0.9484694
8623 0.091805 0.9484694
10399 0.091794 0.9484694
84292 0.091787 0.9484694
3187 0.091776 0.9484694
10016 0.091772 0.9484694
7086 0.091770 0.9484694
7536 0.091768 0.9484694
9817 0.091762 0.9484694
5903 0.091760 0.9484694
4292 0.091751 0.9484694
7572 0.091751 0.9484694
5590 0.091744 0.9484694
1111 0.091726 0.9484694
23322 0.091707 0.9484694
498 0.091703 0.9484694
8841 0.091695 0.9484694
6198 0.091690 0.9484694
3927 0.091683 0.9484694
857 0.091677 0.9484694
2271 0.091673 0.9484694
26123 0.091671 0.9484694
6667 0.091668 0.9484694
7185 0.091667 0.9484694
27316 0.091664 0.9484694
1400 0.091659 0.9484694
25930 0.091659 0.9484694
1642 0.091658 0.9484694
30008 0.091652 0.9484694
3305 0.091625 0.9484694
23624 0.091624 0.9484694
386675 0.091600 0.9484694
3276 0.091594 0.9484694
328 0.091584 0.9484694
8339 0.091575 0.9484694
8344 0.091575 0.9484694
3017 0.091575 0.9484694
8343 0.091575 0.9484694
8347 0.091575 0.9484694
8346 0.091575 0.9484694
7343 0.091570 0.9484694
10449 0.091570 0.9484694
54512 0.091557 0.9484694
89870 0.091552 0.9484694
57326 0.091541 0.9484694
56616 0.091537 0.9484694
440 0.091528 0.9484694
6500 0.091528 0.9484694
9129 0.091512 0.9484694
29896 0.091507 0.9484694
8607 0.091504 0.9484694
170954 0.091497 0.9484694
142 0.091496 0.9484694
5093 0.091495 0.9484694
1855 0.091480 0.9484694
6633 0.091476 0.9484694
83593 0.091473 0.9484694
6908 0.091465 0.9484694
821 0.091462 0.9484694
54828 0.091461 0.9484694
6711 0.091446 0.9484694
6199 0.091441 0.9484694
2010 0.091430 0.9484694
9978 0.091424 0.9484694
5717 0.091416 0.9484694
9047 0.091415 0.9484694
55658 0.091415 0.9484694
8470 0.091407 0.9484694
705 0.091391 0.9484694
3693 0.091370 0.9484694
3336 0.091359 0.9484694
4867 0.091344 0.9484694
54386 0.091334 0.9484694
7276 0.091308 0.9484694
200081 0.091298 0.9484694
6117 0.091296 0.9484694
9261 0.091294 0.9484694
975 0.091293 0.9484694
8661 0.091257 0.9484694
6428 0.091250 0.9484694
80076 0.091243 0.9484694
9662 0.091243 0.9484694
79753 0.091242 0.9484694
1191 0.091208 0.9484694
11064 0.091188 0.9484694
604 0.091186 0.9484694
9040 0.091181 0.9484694
6595 0.091170 0.9484694
10615 0.091168 0.9484694
2027 0.091148 0.9484694
5071 0.091144 0.9484694
27246 0.091123 0.9484694
871 0.091110 0.9484694
6189 0.091105 0.9484694
3014 0.091104 0.9484694
83862 0.091101 0.9484694
27005 0.091096 0.9484694
9584 0.091086 0.9484694
10944 0.091079 0.9484694
65117 0.091063 0.9484694
3881 0.091050 0.9484694
22954 0.091034 0.9484694
11065 0.091029 0.9484694
7965 0.091020 0.9484694
2066 0.091016 0.9484694
81603 0.091014 0.9484694
7520 0.091013 0.9484694
94115 0.091010 0.9484694
1082 0.091010 0.9484694
93659 0.091010 0.9484694
94027 0.091010 0.9484694
641 0.091005 0.9484694
23450 0.090999 0.9484694
5478 0.090996 0.9484694
7919 0.090989 0.9484694
5782 0.090984 0.9484694
1020 0.090980 0.9484694
6205 0.090976 0.9484694
653121 0.090965 0.9484694
127557 0.090965 0.9484694
65264 0.090964 0.9484694
2060 0.090962 0.9484694
3945 0.090958 0.9484694
396 0.090955 0.9484694
6175 0.090954 0.9484694
921 0.090945 0.9484694
9810 0.090943 0.9484694
10813 0.090935 0.9484694
1152 0.090905 0.9484694
3801 0.090896 0.9484694
6389 0.090885 0.9484694
7022 0.090879 0.9484694
25942 0.090877 0.9484694
10528 0.090877 0.9484694
22919 0.090867 0.9484694
8557 0.090867 0.9484694
2058 0.090857 0.9484694
1278 0.090851 0.9484694
9306 0.090848 0.9484694
1933 0.090847 0.9484694
23020 0.090846 0.9484694
11140 0.090839 0.9484694
1938 0.090835 0.9484694
6651 0.090833 0.9484694
2923 0.090821 0.9484694
9252 0.090812 0.9484694
5702 0.090812 0.9484694
6602 0.090810 0.9484694
80125 0.090807 0.9484694
1856 0.090802 0.9484694
10094 0.090802 0.9484694
10540 0.090798 0.9484694
10055 0.090797 0.9484694
79036 0.090793 0.9484694
4297 0.090790 0.9484694
158 0.090780 0.9484694
6643 0.090772 0.9484694
2521 0.090772 0.9484694
60626 0.090768 0.9484694
9531 0.090756 0.9484694
11100 0.090750 0.9484694
51726 0.090745 0.9484694
442179 0.090743 0.9484694
5672 0.090743 0.9484694
64174 0.090743 0.9484694
5202 0.090742 0.9484694
1778 0.090735 0.9484694
4791 0.090731 0.9484694
2175 0.090729 0.9484694
2280 0.090726 0.9484694
1974 0.090717 0.9484694
11041 0.090714 0.9484694
3702 0.090713 0.9484694
1665 0.090712 0.9484694
1104 0.090703 0.9484694
51199 0.090702 0.9484694
84164 0.090700 0.9484694
572 0.090698 0.9484694
5707 0.090697 0.9484694
55093 0.090692 0.9484694
6294 0.090687 0.9484694
997 0.090666 0.9484694
4218 0.090665 0.9484694
3895 0.090664 0.9484694
1452 0.090656 0.9484694
5905 0.090649 0.9484694
5718 0.090648 0.9484694
6839 0.090646 0.9484694
84936 0.090645 0.9484694
3925 0.090639 0.9484694
6138 0.090639 0.9484694
5516 0.090637 0.9484694
10097 0.090637 0.9484694
51265 0.090624 0.9484694
7265 0.090614 0.9484694
3735 0.090613 0.9484694
6840 0.090607 0.9484694
6780 0.090601 0.9484694
3717 0.090595 0.9484694
6187 0.090594 0.9484694
1155 0.090587 0.9484694
3150 0.090581 0.9484694
1024 0.090574 0.9484694
5660 0.090573 0.9484694
890 0.090566 0.9484694
27043 0.090557 0.9484694
3679 0.090557 0.9484694
9815 0.090543 0.9484694
55603 0.090540 0.9484694
3728 0.090530 0.9484694
115106 0.090526 0.9484694
3028 0.090524 0.9484694
2321 0.090523 0.9484694
10015 0.090510 0.9484694
10594 0.090507 0.9484694
9656 0.090505 0.9484694
4478 0.090482 0.9484694
23281 0.090481 0.9484694
6601 0.090477 0.9484694
5092 0.090476 0.9484694
3956 0.090468 0.9484694
8874 0.090450 0.9484694
5928 0.090436 0.9484694
7328 0.090435 0.9484694
6478 0.090434 0.9484694
467 0.090429 0.9484694
11047 0.090427 0.9484694
3091 0.090423 0.9484694
5693 0.090411 0.9484694
5910 0.090388 0.9484694
699 0.090385 0.9484694
4853 0.090384 0.9484694
26036 0.090381 0.9484694
8550 0.090367 0.9484694
408 0.090363 0.9484694
7879 0.090358 0.9484694
5685 0.090350 0.9484694
5052 0.090343 0.9484694
27185 0.090342 0.9484694
6885 0.090341 0.9484694
11244 0.090332 0.9484694
4851 0.090331 0.9484694
51083 0.090324 0.9484694
10174 0.090324 0.9484694
8518 0.090318 0.9484694
22890 0.090297 0.9484694
54820 0.090272 0.9484694
59349 0.090270 0.9484694
6452 0.090264 0.9484694
4957 0.090262 0.9484694
56005 0.090261 0.9484694
3185 0.090254 0.9484694
637 0.090252 0.9484694
5930 0.090239 0.9484694
1641 0.090232 0.9484694
6194 0.090232 0.9484694
10262 0.090229 0.9484694
84619 0.090227 0.9484694
55611 0.090217 0.9484694
51729 0.090216 0.9484694
51138 0.090209 0.9484694
7283 0.090209 0.9484694
22929 0.090195 0.9484694
695 0.090192 0.9484694
353376 0.090192 0.9484694
100302736 0.090192 0.9484694
51014 0.090192 0.9484694
5527 0.090190 0.9484694
10576 0.090159 0.9484694
9092 0.090151 0.9484694
4677 0.090143 0.9484694
6210 0.090136 0.9484694
5861 0.090132 0.9484694
4436 0.090132 0.9484694
5728 0.090126 0.9484694
4835 0.090125 0.9484694
8773 0.090117 0.9484694
4155 0.090097 0.9484694
11198 0.090094 0.9484694
4281 0.090094 0.9484694
10419 0.090091 0.9484694
3486 0.090091 0.9484694
3791 0.090087 0.9484694
5725 0.090080 0.9484694
6201 0.090074 0.9484694
5888 0.090073 0.9484694
8202 0.090065 0.9484694
1992 0.090061 0.9484694
7024 0.090059 0.9484694
9802 0.090058 0.9484694
4110 0.090057 0.9484694
6176 0.090040 0.9484694
11315 0.090037 0.9484694
80268 0.090034 0.9484694
8473 0.090034 0.9484694
6456 0.090010 0.9484694
11043 0.090009 0.9484694
7165 0.090006 0.9484694
23368 0.090000 0.9484694
1192 0.089984 0.9815257
9804 0.089984 0.9815257
2896 0.089981 0.9815257
5511 0.089980 0.9815257
84993 0.089979 0.9815257
10541 0.089975 0.9815257
3692 0.089966 0.9815257
3163 0.089966 0.9815257
87 0.089964 0.9815257
80321 0.089949 0.9815257
5713 0.089943 0.9815257
2268 0.089933 0.9815257
7153 0.089924 0.9815257
7014 0.089923 0.9815257
60496 0.089912 0.9815257
10130 0.089895 0.9815257
826 0.089892 0.9815257
23414 0.089890 0.9815257
11009 0.089889 0.9815257
5504 0.089889 0.9815257
23054 0.089888 0.9815257
3059 0.089888 0.9815257
3981 0.089887 0.9815257
29766 0.089883 0.9815257
8467 0.089882 0.9815257
4793 0.089880 0.9815257
5862 0.089875 0.9815257
5788 0.089869 0.9815257
5787 0.089861 0.9815257
152185 0.089856 0.9815257
11007 0.089848 0.9815257
3177 0.089835 0.9815257
6228 0.089832 0.9815257
55644 0.089830 0.9815257
7430 0.089822 0.9815257
5757 0.089817 0.9815257
2670 0.089795 0.9815257
1508 0.089787 0.9815257
1021 0.089785 0.9815257
841 0.089775 0.9815257
84140 0.089767 0.9815257
1796 0.089749 0.9815257
55916 0.089740 0.9815257
284252 0.089736 0.9815257
10919 0.089728 0.9815257
5687 0.089723 0.9815257
3661 0.089700 0.9815257
23476 0.089700 0.9815257
79723 0.089699 0.9815257
6128 0.089695 0.9815257
4643 0.089694 0.9815257
26092 0.089692 0.9815257
84764 0.089692 0.9815257
5241 0.089691 0.9815257
7525 0.089682 0.9815257
4751 0.089677 0.9815257
11083 0.089669 0.9815257
54843 0.089667 0.9815257
81 0.089652 0.9815257
5981 0.089641 0.9815257
27250 0.089637 0.9815257
51259 0.089635 0.9815257
4522 0.089628 0.9815257
5265 0.089617 0.9815257
7167 0.089613 0.9815257
7158 0.089608 0.9815257
387 0.089596 0.9815257
285753 0.089595 0.9815257
5290 0.089593 0.9815257
81608 0.089589 0.9815257
9891 0.089582 0.9815257
25804 0.089572 0.9815257
85451 0.089559 0.9815257
25932 0.089557 0.9815257
9370 0.089557 0.9815257
84080 0.089553 0.9815257
60314 0.089542 0.9815257
83878 0.089538 0.9815257
26578 0.089526 0.9815257
8409 0.089521 0.9815257
10007 0.089509 0.9815257
9861 0.089506 0.9815257
23524 0.089503 0.9815257
54926 0.089468 0.9815257
10291 0.089453 0.9815257
55729 0.089452 0.9815257
10580 0.089451 0.9815257
4627 0.089446 0.9815257
10421 0.089439 0.9815257
5777 0.089435 0.9815257
53826 0.089419 0.9815257
100533181 0.089419 0.9815257
161742 0.089417 0.9815257
6993 0.089406 0.9815257
6133 0.089403 0.9815257
5976 0.089402 0.9815257
3376 0.089395 0.9815257
29761 0.089393 0.9815257
6638 0.089391 0.9815257
5700 0.089390 0.9815257
10477 0.089381 0.9815257
4914 0.089380 0.9815257
5800 0.089376 0.9815257
2192 0.089359 0.9815257
8996 0.089356 0.9815257
3151 0.089346 0.9815257
8666 0.089338 0.9815257
5688 0.089333 0.9815257
154 0.089328 0.9815257
10197 0.089325 0.9815257
5706 0.089322 0.9815257
55143 0.089317 0.9815257
6196 0.089312 0.9815257
79669 0.089312 0.9815257
7203 0.089311 0.9815257
5198 0.089304 0.9815257
317762 0.089304 0.9815257
8065 0.089276 0.9815257
7046 0.089274 0.9815257
23420 0.089273 0.9815257
2108 0.089267 0.9815257
90411 0.089265 0.9815257
3191 0.089259 0.9815257
6709 0.089258 0.9815257
7015 0.089257 0.9815257
473 0.089255 0.9815257
6311 0.089253 0.9815257
2275 0.089252 0.9815257
29925 0.089250 0.9815257
81565 0.089235 0.9815257
114824 0.089234 0.9815257
3098 0.089233 0.9815257
8848 0.089230 0.9815257
22806 0.089217 0.9815257
27430 0.089216 0.9815257
27238 0.089211 0.9815257
79813 0.089210 0.9815257
8030 0.089204 0.9815257
6191 0.089203 0.9815257
55165 0.089197 0.9815257
5236 0.089196 0.9815257
6634 0.089192 0.9815257
5127 0.089186 0.9815257
11052 0.089185 0.9815257
3611 0.089181 0.9815257
8663 0.089180 0.9815257
115426 0.089178 0.9815257
11004 0.089176 0.9815257
7184 0.089174 0.9815257
10848 0.089172 0.9815257
64750 0.089171 0.9815257
1654 0.089166 0.9815257
5796 0.089162 0.9815257
5529 0.089157 0.9815257
84984 0.089143 0.9815257
2026 0.089138 0.9815257
2664 0.089136 0.9815257
26227 0.089133 0.9815257
84650 0.089131 0.9815257
57473 0.089127 0.9815257
7037 0.089115 0.9815257
4082 0.089105 0.9815257
29997 0.089087 0.9815257
10432 0.089082 0.9815257
100526737 0.089082 0.9815257
9921 0.089080 0.9815257
2993 0.089080 0.9815257
9559 0.089072 0.9815257
5563 0.089068 0.9815257
10425 0.089065 0.9815257
598 0.089064 0.9815257
7307 0.089048 0.9815257
102724594 0.089048 0.9815257
6193 0.089046 0.9815257
284058 0.089045 0.9815257
8942 0.089037 0.9815257
22933 0.089033 0.9815257
54903 0.089030 0.9815257
3300 0.089024 0.9815257
1869 0.089022 0.9815257
7277 0.089019 0.9815257
9958 0.089011 0.9815257
26505 0.089004 0.9815257
23582 0.088999 0.9815257
5434 0.088989 0.9815257
80854 0.088986 0.9815257
595 0.088978 0.9815257
9372 0.088971 0.9815257
84959 0.088967 0.9815257
23327 0.088954 0.9815257
5585 0.088953 0.9815257
5313 0.088948 0.9815257
51202 0.088942 0.9815257
2556 0.088940 0.9815257
6217 0.088939 0.9815257
4236 0.088937 0.9815257
7414 0.088936 0.9815257
4673 0.088935 0.9815257
8428 0.088934 0.9815257
80817 0.088932 0.9815257
4302 0.088930 0.9815257
10152 0.088927 0.9815257
5608 0.088923 0.9815257
81629 0.088919 0.9815257
3866 0.088919 0.9815257
8543 0.088916 0.9815257
7375 0.088914 0.9815257
4921 0.088911 0.9815257
5394 0.088909 0.9815257
83737 0.088905 0.9815257
5694 0.088905 0.9815257
9759 0.088898 0.9815257
6737 0.088896 0.9815257
23392 0.088896 0.9815257
10946 0.088894 0.9815257
7003 0.088893 0.9815257
159 0.088887 0.9815257
7528 0.088886 0.9815257
8408 0.088885 0.9815257
2202 0.088884 0.9815257
10606 0.088883 0.9815257
6612 0.088883 0.9815257
5358 0.088876 0.9815257
51074 0.088858 0.9815257
5268 0.088856 0.9815257
54971 0.088851 0.9815257
6632 0.088836 0.9815257
23212 0.088833 0.9815257
51608 0.088825 0.9815257
7681 0.088825 0.9815257
23191 0.088824 0.9815257
25828 0.088822 0.9815257
23283 0.088809 0.9815257
7867 0.088806 0.9815257
369 0.088795 0.9815257
602 0.088794 0.9815257
4599 0.088793 0.9815257
267 0.088788 0.9815257
85358 0.088785 0.9815257
57695 0.088783 0.9815257
6904 0.088777 0.9815257
529 0.088777 0.9815257
22995 0.088770 0.9815257
9878 0.088761 0.9815257
6599 0.088757 0.9815257
5680 0.088753 0.9815257
55201 0.088746 0.9815257
9533 0.088743 0.9815257
23291 0.088736 0.9815257
875 0.088735 0.9815257
102724560 0.088735 0.9815257
6288 0.088731 0.9815257
23468 0.088731 0.9815257
127544 0.088729 0.9815257
5230 0.088727 0.9815257
9736 0.088722 0.9815257
6749 0.088721 0.9815257
3126 0.088716 0.9815257
10542 0.088713 0.9815257
9627 0.088712 0.9815257
6160 0.088708 0.9815257
80254 0.088707 0.9815257
5689 0.088706 0.9815257
1509 0.088706 0.9815257
114034 0.088702 0.9815257
10815 0.088700 0.9815257
653361 0.088698 0.9815257
5571 0.088690 0.9815257
9189 0.088687 0.9815257
3096 0.088687 0.9815257
4852 0.088687 0.9815257
5664 0.088683 0.9815257
5518 0.088682 0.9815257
27229 0.088681 0.9815257
8650 0.088679 0.9815257
94081 0.088679 0.9815257
6678 0.088677 0.9815257
4217 0.088675 0.9815257
23385 0.088674 0.9815257
5147 0.088674 0.9815257
5793 0.088672 0.9815257
51377 0.088668 0.9815257
83940 0.088665 0.9815257
1854 0.088657 0.9815257
5439 0.088653 0.9815257
221120 0.088653 0.9815257
391257 0.088651 0.9815257
3841 0.088646 0.9815257
5217 0.088643 0.9815257
7175 0.088641 0.9815257
7385 0.088638 0.9815257
6720 0.088634 0.9815257
8328 0.088633 0.9815257
29948 0.088615 0.9815257
8870 0.088613 0.9815257
1410 0.088612 0.9815257
6136 0.088611 0.9815257
6692 0.088610 0.9815257
10296 0.088609 0.9815257
22992 0.088606 0.9815257
9500 0.088606 0.9815257
10539 0.088603 0.9815257
3939 0.088600 0.9815257
2752 0.088594 0.9815257
10567 0.088580 0.9815257
140735 0.088575 0.9815257
90060 0.088574 0.9815257
6418 0.088571 0.9815257
7706 0.088570 0.9815257
10728 0.088566 0.9815257
65018 0.088564 0.9815257
84223 0.088555 0.9815257
1975 0.088549 0.9815257
8407 0.088549 0.9815257
9448 0.088541 0.9815257
11332 0.088538 0.9815257
7428 0.088532 0.9815257
59 0.088532 0.9815257
974 0.088531 0.9815257
1469 0.088531 0.9815257
4477 0.088531 0.9815257
55194 0.088531 0.9815257
7380 0.088531 0.9815257
57228 0.088531 0.9815257
134288 0.088531 0.9815257
83596 0.088531 0.9815257
114904 0.088531 0.9815257
1296 0.088531 0.9815257
29116 0.088528 0.9815257
3280 0.088520 0.9815257
51661 0.088517 0.9815257
1510 0.088517 0.9815257
10109 0.088514 0.9815257
55014 0.088510 0.9815257
84305 0.088509 0.9815257
9025 0.088499 0.9815257
1281 0.088497 0.9815257
8220 0.088496 0.9815257
5741 0.088489 0.9815257
445 0.088488 0.9815257
9785 0.088488 0.9815257
5104 0.088471 0.9815257
4102 0.088468 0.9815257
4361 0.088466 0.9815257
10522 0.088465 0.9815257
9343 0.088463 0.9815257
3911 0.088453 0.9815257
126961 0.088450 0.9815257
333932 0.088450 0.9815257
653604 0.088450 0.9815257
449003 0.088450 0.9815257
65220 0.088444 0.9815257
51147 0.088441 0.9815257
7138 0.088440 0.9815257
6521 0.088439 0.9815257
7137 0.088438 0.9815257
9001 0.088435 0.9815257
11339 0.088432 0.9815257
203562 0.088404 0.9815257
10454 0.088403 0.9815257
5276 0.088403 0.9815257
6778 0.088396 0.9815257
51778 0.088392 0.9815257
6231 0.088390 0.9815257
101929876 0.088390 0.9815257
203068 0.088388 0.9815257
23429 0.088387 0.9815257
823 0.088383 0.9815257
7916 0.088370 0.9815257
5432 0.088362 0.9815257
26508 0.088361 0.9815257
10458 0.088353 0.9815257
5931 0.088347 0.9815257
1453 0.088346 0.9815257
28996 0.088344 0.9815257
4513 0.088335 0.9815257
1789 0.088334 0.9815257
654364 0.088331 0.9815257
4831 0.088331 0.9815257
1788 0.088331 0.9815257
55299 0.088329 0.9815257
5531 0.088315 0.9815257
3575 0.088311 0.9815257
4190 0.088309 0.9815257
301 0.088307 0.9815257
9212 0.088306 0.9815257
8798 0.088305 0.9815257
7069 0.088299 0.9815257
4152 0.088294 0.9815257
7384 0.088292 0.9815257
51533 0.088288 0.9815257
7170 0.088286 0.9815257
147687 0.088284 0.9815257
51003 0.088283 0.9815257
54819 0.088283 0.9815257
4221 0.088273 0.9815257
284695 0.088273 0.9815257
4267 0.088260 0.9815257
7291 0.088258 0.9815257
10785 0.088255 0.9815257
6130 0.088251 0.9815257
7041 0.088246 0.9815257
11124 0.088242 0.9815257
84966 0.088241 0.9815257
88 0.088241 0.9815257
51366 0.088239 0.9815257
8266 0.088237 0.9815257
51592 0.088236 0.9815257
140890 0.088231 0.9815257
5971 0.088231 0.9815257
9818 0.088229 0.9815257
2935 0.088229 0.9815257
6207 0.088228 0.9815257
102724770 0.088225 0.9815257
8214 0.088225 0.9815257
56144 0.088223 0.9815257
356 0.088213 0.9815257
11073 0.088212 0.9815257
9525 0.088209 0.9815257
6141 0.088209 0.9815257
7031 0.088208 0.9815257
5937 0.088207 0.9815257
1436 0.088205 0.9815257
54552 0.088202 0.9815257
996 0.088201 0.9815257
163 0.088199 0.9815257
6919 0.088199 0.9815257
891 0.088198 0.9815257
150684 0.088191 0.9815257
8818 0.088186 0.9815257
4591 0.088185 0.9815257
23542 0.088185 0.9815257
23019 0.088180 0.9815257
10293 0.088180 0.9815257
6132 0.088177 0.9815257
3853 0.088173 0.9815257
8761 0.088173 0.9815257
2495 0.088173 0.9815257
9516 0.088168 0.9815257
4839 0.088168 0.9815257
3094 0.088163 0.9815257
6652 0.088162 0.9815257
57332 0.088161 0.9815257
5329 0.088160 0.9815257
84528 0.088159 0.9815257
50514 0.088154 0.9815257
51606 0.088151 0.9815257
3189 0.088149 0.9815257
23557 0.088146 0.9815257
56944 0.088146 0.9815257
1434 0.088143 0.9815257
5901 0.088142 0.9815257
79948 0.088139 0.9815257
7040 0.088137 0.9815257
114569 0.088132 0.9815257
6202 0.088128 0.9815257
5062 0.088127 0.9815257
5159 0.088126 0.9815257
29959 0.088124 0.9815257
3576 0.088123 0.9815257
2629 0.088119 0.9815257
81567 0.088116 0.9815257
6748 0.088108 0.9815257
10214 0.088108 0.9815257
6782 0.088105 0.9815257
117144 0.088105 0.9815257
6224 0.088104 0.9815257
8994 0.088089 0.9815257
128866 0.088088 0.9815257
29115 0.088085 0.9815257
29109 0.088079 0.9815257
58191 0.088078 0.9815257
3716 0.088076 0.9815257
4486 0.088075 0.9815257
8312 0.088073 0.9815257
6352 0.088071 0.9815257
55898 0.088070 0.9815257
9782 0.088068 0.9815257
7353 0.088067 0.9815257
6047 0.088067 0.9815257
23165 0.088065 0.9815257
2203 0.088064 0.9815257
100532736 0.088064 0.9815257
4681 0.088064 0.9815257
8883 0.088057 0.9815257
3029 0.088054 0.9815257
5050 0.088051 0.9815257
1386 0.088051 0.9815257
3265 0.088050 0.9815257
10891 0.088048 0.9815257
1742 0.088041 0.9815257
79607 0.088039 0.9815257
2819 0.088036 0.9815257
10072 0.088036 0.9815257
140690 0.088035 0.9815257
308 0.088029 0.9815257
8548 0.088028 0.9815257
9641 0.088027 0.9815257
2047 0.088021 0.9815257
6168 0.088018 0.9815257
506 0.088018 0.9815257
773 0.088015 0.9815257
5921 0.088012 0.9815257
9414 0.088008 0.9815257
79165 0.088007 0.9815257
118471 0.088005 0.9815257
5058 0.087990 0.9815257
81848 0.087988 0.9815257
27 0.087987 0.9815257
573 0.087986 0.9815257
26019 0.087986 0.9815257
9984 0.087981 0.9815257
2287 0.087981 0.9815257
1244 0.087977 0.9815257
7076 0.087976 0.9815257
5955 0.087968 0.9815257
5176 0.087966 0.9815257
7039 0.087960 0.9815257
26135 0.087950 0.9815257
65080 0.087938 0.9815257
57142 0.087933 0.9815257
51569 0.087930 0.9815257
220717 0.087928 0.9815257
2313 0.087926 0.9815257
10564 0.087922 0.9815257
4058 0.087919 0.9815257
1656 0.087917 0.9815257
7936 0.087916 0.9815257
7168 0.087915 0.9815257
9915 0.087914 0.9815257
58 0.087912 0.9815257
5610 0.087910 0.9815257
55138 0.087900 0.9815257
4928 0.087893 0.9815257
6050 0.087889 0.9815257
10651 0.087886 0.9815257
113791 0.087885 0.9815257
1136 0.087885 0.9815257
2554 0.087885 0.9815257
2555 0.087885 0.9815257
2559 0.087885 0.9815257
79024 0.087885 0.9815257
23127 0.087885 0.9815257
55326 0.087885 0.9815257
6240 0.087885 0.9815257
1671 0.087885 0.9815257
2994 0.087885 0.9815257
79175 0.087885 0.9815257
28815 0.087885 0.9815257
55374 0.087885 0.9815257
51340 0.087881 0.9815257
11059 0.087881 0.9815257
2561 0.087873 0.9815257
1114 0.087867 0.9815257
6455 0.087865 0.9815257
7088 0.087864 0.9815257
4215 0.087857 0.9815257
230 0.087850 0.9815257
5552 0.087839 0.9815257
56252 0.087838 0.9815257
85450 0.087838 0.9815257
5781 0.087834 0.9815257
79869 0.087834 0.9815257
90933 0.087834 0.9815257
5156 0.087826 0.9815257
23650 0.087824 0.9815257
80155 0.087818 0.9815257
9075 0.087805 0.9815257
10133 0.087804 0.9815257
10933 0.087800 0.9815257
5431 0.087798 0.9815257
8533 0.087797 0.9815257
63898 0.087795 0.9815257
58500 0.087793 0.9815257
79571 0.087790 0.9815257
30827 0.087790 0.9815257
386676 0.087788 0.9815257
386678 0.087788 0.9815257
100652766 0.087786 0.9815257
667 0.087786 0.9815257
4008 0.087785 0.9815257
9325 0.087784 0.9815257
22955 0.087782 0.9815257
24144 0.087780 0.9815257
115207 0.087776 0.9815257
65990 0.087774 0.9815257
81628 0.087774 0.9815257
5997 0.087771 0.9815257
2533 0.087768 0.9815257
4704 0.087766 0.9815257
10621 0.087765 0.9815257
1911 0.087760 0.9815257
1889 0.087748 0.9815257
54187 0.087747 0.9815257
80755 0.087746 0.9815257
100885850 0.087746 0.9815257
64170 0.087746 0.9815257
10320 0.087742 0.9815257
6741 0.087734 0.9815257
287015 0.087726 0.9815257
217 0.087723 0.9815257
3537 0.087715 0.9815257
150771 0.087715 0.9815257
10920 0.087714 0.9815257
1760 0.087712 0.9815257
79648 0.087709 0.9815257
79089 0.087708 0.9815257
6626 0.087707 0.9815257
8349 0.087705 0.9815257
23243 0.087704 0.9815257
6230 0.087695 0.9815257
29117 0.087690 0.9815257
4641 0.087689 0.9815257
9111 0.087684 0.9815257
7099 0.087681 0.9815257
55854 0.087667 0.9815257
7416 0.087666 0.9815257
2516 0.087665 0.9815257
6181 0.087665 0.9815257
10921 0.087665 0.9815257
57542 0.087665 0.9815257
2079 0.087664 0.9815257
993 0.087664 0.9815257
4092 0.087655 0.9815257
23641 0.087646 0.9815257
8078 0.087641 0.9815257
9918 0.087640 0.9815257
5715 0.087634 0.9815257
1906 0.087631 0.9815257
8775 0.087630 0.9815257
3301 0.087623 0.9815257
51339 0.087620 0.9815257
65057 0.087616 0.9815257
10628 0.087610 0.9815257
3929 0.087610 0.9815257
56888 0.087609 0.9815257
8907 0.087608 0.9815257
4780 0.087603 0.9815257
10036 0.087602 0.9815257
64689 0.087587 0.9815257
6631 0.087586 0.9815257
8724 0.087585 0.9815257
79867 0.087582 0.9815257
5450 0.087580 0.9815257
7026 0.087577 0.9815257
10499 0.087576 0.9815257
7005 0.087575 0.9815257
5621 0.087575 0.9815257
51341 0.087571 0.9815257
6929 0.087570 0.9815257
6015 0.087561 0.9815257
54778 0.087561 0.9815257
51593 0.087558 0.9815257
9851 0.087558 0.9815257
84154 0.087556 0.9815257
9045 0.087554 0.9815257
8575 0.087553 0.9815257
155465 0.087543 0.9815257
358 0.087535 0.9815257
7048 0.087534 0.9815257
53615 0.087534 0.9815257
10603 0.087532 0.9815257
55145 0.087528 0.9815257
57819 0.087515 0.9815257
1491 0.087514 0.9815257
10750 0.087512 0.9815257
4946 0.087503 0.9815257
6143 0.087500 0.9815257
84441 0.087500 0.9815257
1973 0.087498 0.9815257
80700 0.087497 0.9815257
3099 0.087491 0.9815257
26277 0.087487 0.9815257
829 0.087485 0.9815257
5320 0.087475 0.9815257
11235 0.087473 0.9815257
2624 0.087466 0.9815257
6794 0.087462 0.9815257
153769 0.087460 0.9815257
55742 0.087458 0.9815257
22927 0.087456 0.9815257
386681 0.087453 0.9815257
10278 0.087452 0.9815257
7336 0.087451 0.9815257
8648 0.087450 0.9815257
79009 0.087450 0.9815257
8301 0.087448 0.9815257
121506 0.087444 0.9815257
6147 0.087443 0.9815257
10045 0.087443 0.9815257
5863 0.087442 0.9815257
2960 0.087442 0.9815257
9218 0.087439 0.9815257
124220 0.087437 0.9815257
5968 0.087434 0.9815257
51144 0.087430 0.9815257
9588 0.087428 0.9815257
6173 0.087422 0.9815257
7392 0.087421 0.9815257
830 0.087420 0.9815257
25998 0.087419 0.9815257
2308 0.087413 0.9815257
5602 0.087413 0.9815257
55768 0.087412 0.9815257
648 0.087411 0.9815257
100532731 0.087411 0.9815257
1326 0.087403 0.9815257
8452 0.087398 0.9815257
10611 0.087396 0.9815257
8805 0.087396 0.9815257
6649 0.087389 0.9815257
27339 0.087389 0.9815257
6234 0.087386 0.9815257
23371 0.087380 0.9815257
84557 0.087377 0.9815257
11169 0.087374 0.9815257
4846 0.087373 0.9815257
1674 0.087373 0.9815257
22803 0.087369 0.9815257
5588 0.087367 0.9815257
9202 0.087365 0.9815257
116092 0.087365 0.9815257
2100 0.087356 0.9815257
2623 0.087348 0.9815257
1627 0.087340 0.9815257
148581 0.087339 0.9815257
10616 0.087326 0.9815257
4898 0.087322 0.9815257
127687 0.087322 0.9815257
329 0.087319 0.9815257
23091 0.087315 0.9815257
7145 0.087311 0.9815257
79026 0.087311 0.9815257
23558 0.087308 0.9815257
3985 0.087305 0.9815257
116071 0.087300 0.9815257
5318 0.087298 0.9815257
5332 0.087295 0.9815257
6152 0.087289 0.9815257
80318 0.087279 0.9815257
23647 0.087273 0.9815257
2317 0.087263 0.9815257
1832 0.087261 0.9815257
439 0.087259 0.9815257
55521 0.087258 0.9815257
10979 0.087251 0.9815257
1108 0.087247 0.9815257
54472 0.087244 0.9815257
1196 0.087243 0.9815257
3032 0.087242 0.9815257
8322 0.087236 0.9815257
1545 0.087235 0.9815257
119385 0.087235 0.9815257
56271 0.087235 0.9815257
4151 0.087235 0.9815257
1605 0.087227 0.9815257
6742 0.087221 0.9815257
908 0.087219 0.9815257
55679 0.087215 0.9815257
1124 0.087212 0.9815257
1003 0.087211 0.9815257
5054 0.087204 0.9815257
653808 0.087202 0.9815257
123887 0.087202 0.9815257
1994 0.087199 0.9815257
26168 0.087196 0.9815257
3090 0.087193 0.9815257
22918 0.087192 0.9815257
567 0.087191 0.9815257
7114 0.087187 0.9815257
25937 0.087181 0.9815257
4633 0.087179 0.9815257
119710 0.087177 0.9815257
7178 0.087176 0.9815257
7507 0.087173 0.9815257
25843 0.087171 0.9815257
1514 0.087165 0.9815257
57492 0.087163 0.9815257
3535 0.087163 0.9815257
6146 0.087163 0.9815257
80194 0.087153 0.9815257
554235 0.087149 0.9815257
5480 0.087149 0.9815257
4736 0.087147 0.9815257
55739 0.087147 0.9815257
4664 0.087142 0.9815257
501 0.087140 0.9815257
9112 0.087138 0.9815257
51060 0.087138 0.9815257
6208 0.087133 0.9815257
55699 0.087125 0.9815257
1158 0.087124 0.9815257
55072 0.087121 0.9815257
249 0.087105 0.9815257
6996 0.087102 0.9815257
116840 0.087099 0.9815257
65979 0.087096 0.9815257
5510 0.087094 0.9815257
51100 0.087093 0.9815257
83755 0.087088 0.9815257
8697 0.087087 0.9815257
4693 0.087083 0.9815257
23768 0.087082 0.9815257
3646 0.087080 0.9815257
23076 0.087077 0.9815257
9188 0.087076 0.9815257
4149 0.087072 0.9815257
3146 0.087069 0.9815257
1022 0.087066 0.9815257
388135 0.087065 0.9815257
90853 0.087065 0.9815257
196740 0.087065 0.9815257
471 0.087065 0.9815257
387718 0.087065 0.9815257
51315 0.087065 0.9815257
56948 0.087065 0.9815257
23293 0.087065 0.9815257
222236 0.087065 0.9815257
79411 0.087065 0.9815257
375759 0.087065 0.9815257
221908 0.087065 0.9815257
23190 0.087064 0.9815257
6888 0.087062 0.9815257
2912 0.087062 0.9815257
54935 0.087058 0.9815257
23118 0.087058 0.9815257
23286 0.087057 0.9815257
7171 0.087049 0.9815257
51545 0.087048 0.9815257
54955 0.087046 0.9815257
6491 0.087043 0.9815257
1741 0.087043 0.9815257
2189 0.087042 0.9815257
8324 0.087038 0.9815257
8676 0.087038 0.9815257
1948 0.087035 0.9815257
3550 0.087033 0.9815257
8882 0.087031 0.9815257
9987 0.087027 0.9815257
79077 0.087027 0.9815257
9730 0.087023 0.9815257
9939 0.087018 0.9815257
3024 0.087013 0.9815257
23636 0.087008 0.9815257
84460 0.087003 0.9815257
333 0.087000 0.9815257
4048 0.086999 0.9815257
9798 0.086987 0.9815257
3162 0.086984 0.9815257
6628 0.086976 0.9815257
1280 0.086973 0.9815257
7325 0.086973 0.9815257
7345 0.086973 0.9815257
84970 0.086967 0.9815257
10912 0.086966 0.9815257
7511 0.086965 0.9815257
2150 0.086963 0.9815257
2962 0.086963 0.9815257
5690 0.086959 0.9815257
10188 0.086956 0.9815257
5929 0.086956 0.9815257
1613 0.086955 0.9815257
10101 0.086951 0.9815257
84988 0.086950 0.9815257
10040 0.086942 0.9815257
10910 0.086941 0.9815257
6472 0.086939 0.9815257
59286 0.086939 0.9815257
10376 0.086930 0.9815257
11143 0.086916 0.9815257
5932 0.086915 0.9815257
1786 0.086914 0.9815257
25764 0.086913 0.9815257
3688 0.086903 0.9815257
5709 0.086902 0.9815257
10213 0.086898 0.9815257
22948 0.086895 0.9815257
102724652 0.086894 0.9815257
1409 0.086894 0.9815257
10551 0.086883 0.9815257
51690 0.086877 0.9815257
51164 0.086875 0.9815257
10226 0.086872 0.9815257
23171 0.086871 0.9815257
5720 0.086870 0.9815257
5671 0.086868 0.9815257
5204 0.086866 0.9815257
6447 0.086859 0.9815257
55755 0.086852 0.9815257
4134 0.086852 0.9815257
6812 0.086850 0.9815257
7133 0.086847 0.9815257
2252 0.086843 0.9815257
91703 0.086838 0.9815257
3275 0.086836 0.9815257
999 0.086831 0.9815257
7284 0.086829 0.9815257
55914 0.086828 0.9815257
1981 0.086818 0.9815257
8573 0.086810 0.9815257
11331 0.086808 0.9815257
5201 0.086807 0.9815257
1441 0.086804 0.9815257
476 0.086799 0.9815257
163882 0.086799 0.9815257
70 0.086793 0.9815257
56478 0.086789 0.9815257
10084 0.086785 0.9815257
29922 0.086779 0.9815257
6627 0.086779 0.9815257
5536 0.086775 0.9815257
1759 0.086774 0.9815257
6097 0.086771 0.9815257
1030 0.086770 0.9815257
57817 0.086767 0.9815257
10403 0.086767 0.9815257
25959 0.086767 0.9815257
84280 0.086761 0.9815257
10879 0.086760 0.9815257
1397 0.086750 0.9815257
293 0.086737 0.9815257
54069 0.086737 0.9815257
523 0.086736 0.9815257
286042 0.086731 0.9815257
6462 0.086730 0.9815257
54815 0.086717 0.9815257
4776 0.086717 0.9815257
161 0.086710 0.9815257
3670 0.086710 0.9815257
84221 0.086710 0.9815257
8916 0.086709 0.9815257
26088 0.086709 0.9815257
9757 0.086705 0.9815257
6383 0.086705 0.9815257
23309 0.086698 0.9815257
7432 0.086695 0.9815257
2560 0.086694 0.9815257
9077 0.086692 0.9815257
5422 0.086689 0.9815257
90288 0.086686 0.9815257
8431 0.086684 0.9815257
5954 0.086683 0.9815257
55170 0.086682 0.9815257
10159 0.086680 0.9815257
5481 0.086679 0.9815257
5673 0.086675 0.9815257
5784 0.086674 0.9815257
2036 0.086671 0.9815257
10342 0.086670 0.9815257
10762 0.086669 0.9815257
79084 0.086665 0.9815257
55500 0.086659 0.9815257
51079 0.086658 0.9815257
100034701 0.086653 0.9815257
3856 0.086651 0.9815257
4735 0.086650 0.9815257
84324 0.086642 0.9815257
6860 0.086638 0.9815257
54888 0.086633 0.9815257
902 0.086626 0.9815257
10142 0.086623 0.9815257
6144 0.086619 0.9815257
55703 0.086616 0.9815257
5829 0.086612 0.9815257
5920 0.086609 0.9815257
84299 0.086607 0.9815257
51297 0.086603 0.9815257
5110 0.086597 0.9815257
246100 0.086597 0.9815257
1485 0.086597 0.9815257
23401 0.086593 0.9815257
28964 0.086591 0.9815257
330 0.086588 0.9815257
10802 0.086587 0.9815257
154810 0.086586 0.9815257
4832 0.086585 0.9815257
6513 0.086582 0.9815257
10992 0.086578 0.9815257
518 0.086570 0.9815257
1315 0.086567 0.9815257
4123 0.086564 0.9815257
55905 0.086564 0.9815257
3198 0.086561 0.9815257
4514 0.086561 0.9815257
545 0.086556 0.9815257
153241 0.086554 0.9815257
9688 0.086550 0.9815257
633 0.086547 0.9815257
10513 0.086542 0.9815257
8655 0.086537 0.9815257
4682 0.086537 0.9815257
51427 0.086536 0.9815257
7187 0.086531 0.9815257
4170 0.086525 0.9815257
4090 0.086525 0.9815257
2288 0.086521 0.9815257
54541 0.086520 0.9815257
7280 0.086517 0.9815257
10598 0.086513 0.9815257
6422 0.086513 0.9815257
11116 0.086505 0.9815257
5730 0.086504 0.9815257
5321 0.086500 0.9815257
55693 0.086497 0.9815257
6139 0.086492 0.9815257
100526842 0.086492 0.9815257
8933 0.086487 0.9815257
91694 0.086485 0.9815257
26528 0.086482 0.9815257
9322 0.086478 0.9815257
9666 0.086471 0.9815257
7098 0.086468 0.9815257
6222 0.086467 0.9815257
5683 0.086463 0.9815257
2669 0.086462 0.9815257
1740 0.086462 0.9815257
57045 0.086457 0.9815257
153733 0.086452 0.9815257
9601 0.086452 0.9815257
1435 0.086446 0.9815257
54471 0.086439 0.9815257
8881 0.086437 0.9815257
55968 0.086437 0.9815257
4666 0.086437 0.9815257
7033 0.086436 0.9815257
8976 0.086431 0.9815257
9575 0.086427 0.9815257
6897 0.086427 0.9815257
2688 0.086419 0.9815257
2224 0.086417 0.9815257
90678 0.086410 0.9815257
57590 0.086409 0.9815257
10973 0.086405 0.9815257
201626 0.086402 0.9815257
790 0.086400 0.9815257
1690 0.086399 0.9815257
23085 0.086394 0.9815257
4763 0.086392 0.9815257
51182 0.086392 0.9815257
84888 0.086391 0.9815257
659 0.086389 0.9815257
4891 0.086382 0.9815257
4683 0.086380 0.9815257
84687 0.086377 0.9815257
151056 0.086376 0.9815257
1540 0.086370 0.9815257
2562 0.086368 0.9815257
2878 0.086365 0.9815257
5305 0.086359 0.9815257
58513 0.086359 0.9815257
7743 0.086357 0.9815257
5542 0.086355 0.9815257
4794 0.086352 0.9815257
3880 0.086344 0.9815257
22884 0.086343 0.9815257
10565 0.086343 0.9815257
5048 0.086343 0.9815257
6155 0.086340 0.9815257
54550 0.086339 0.9815257
83942 0.086332 0.9815257
54838 0.086330 0.9815257
7593 0.086329 0.9815257
9260 0.086327 0.9815257
10134 0.086327 0.9815257
6502 0.086327 0.9815257
4171 0.086326 0.9815257
5719 0.086325 0.9815257
9172 0.086324 0.9815257
3904 0.086324 0.9815257
9518 0.086323 0.9815257
84260 0.086320 0.9815257
5704 0.086307 0.9815257
94 0.086300 0.9815257
84263 0.086298 0.9815257
55836 0.086297 0.9815257
10949 0.086297 0.9815257
729515 0.086297 0.9815257
3481 0.086294 0.9815257
84749 0.086294 0.9815257
6457 0.086293 0.9815257
27429 0.086293 0.9815257
51303 0.086293 0.9815257
56254 0.086288 0.9815257
59342 0.086279 0.9815257
6195 0.086278 0.9815257
55284 0.086276 0.9815257
9729 0.086274 0.9815257
2267 0.086271 0.9815257
220004 0.086270 0.9815257
222658 0.086270 0.9815257
338699 0.086270 0.9815257
4282 0.086268 0.9815257
4582 0.086268 0.9815257
170082 0.086265 0.9815257
54583 0.086264 0.9815257
91746 0.086263 0.9815257
4331 0.086262 0.9815257
51619 0.086260 0.9815257
9352 0.086255 0.9815257
114897 0.086254 0.9815257
30848 0.086253 0.9815257
1123 0.086249 0.9815257
51499 0.086246 0.9815257
6924 0.086240 0.9815257
8453 0.086237 0.9815257
7257 0.086236 0.9815257
2672 0.086227 0.9815257
54539 0.086226 0.9815257
3663 0.086223 0.9815257
7090 0.086223 0.9815257
3799 0.086222 0.9815257
10189 0.086220 0.9815257
5214 0.086219 0.9815257
6863 0.086218 0.9815257
7272 0.086216 0.9815257
5507 0.086215 0.9815257
7979 0.086214 0.9815257
23475 0.086213 0.9815257
23645 0.086211 0.9815257
1013 0.086210 0.9815257
8576 0.086210 0.9815257
22832 0.086208 0.9815257
2627 0.086207 0.9815257
3667 0.086205 0.9815257
53616 0.086201 0.9815257
7162 0.086200 0.9815257
63891 0.086200 0.9815257
10525 0.086200 0.9815257
8612 0.086199 0.9815257
1058 0.086196 0.9815257
4194 0.086194 0.9815257
3159 0.086194 0.9815257
2177 0.086191 0.9815257
51706 0.086188 0.9815257
80198 0.086185 0.9815257
80764 0.086183 0.9815257
23543 0.086181 0.9815257
10199 0.086178 0.9815257
4174 0.086177 0.9815257
483 0.086175 0.9815257
125170 0.086174 0.9815257
1978 0.086172 0.9815257
6997 0.086170 0.9815257
55622 0.086164 0.9815257
4488 0.086161 0.9815257
55510 0.086159 0.9815257
3572 0.086157 0.9815257
54477 0.086155 0.9815257
5292 0.086153 0.9815257
63905 0.086152 0.9815257
29777 0.086152 0.9815257
7128 0.086150 0.9815257
23589 0.086149 0.9815257
23495 0.086149 0.9815257
6385 0.086149 0.9815257
80775 0.086147 0.9815257
4097 0.086146 0.9815257
5255 0.086145 0.9815257
51562 0.086144 0.9815257
6672 0.086142 0.9815257
9098 0.086141 0.9815257
2987 0.086137 0.9815257
9258 0.086136 0.9815257
9254 0.086136 0.9815257
22875 0.086136 0.9815257
283303 0.086136 0.9815257
448834 0.086136 0.9815257
203238 0.086136 0.9815257
376132 0.086136 0.9815257
9002 0.086136 0.9815257
1584 0.086136 0.9815257
158326 0.086136 0.9815257
79183 0.086136 0.9815257
254910 0.086136 0.9815257
100505621 0.086136 0.9815257
89782 0.086136 0.9815257
55096 0.086136 0.9815257
338399 0.086136 0.9815257
192286 0.086136 0.9815257
115749 0.086136 0.9815257
79809 0.086136 0.9815257
202374 0.086136 0.9815257
7084 0.086136 0.9815257
130888 0.086136 0.9815257
80201 0.086136 0.9815257
196913 0.086136 0.9815257
144577 0.086136 0.9815257
10834 0.086136 0.9815257
29928 0.086136 0.9815257
49860 0.086136 0.9815257
283575 0.086136 0.9815257
408263 0.086136 0.9815257
3284 0.086136 0.9815257
881 0.086136 0.9815257
54665 0.086136 0.9815257
23315 0.086136 0.9815257
645996 0.086136 0.9815257
84701 0.086136 0.9815257
27198 0.086136 0.9815257
341392 0.086136 0.9815257
347702 0.086136 0.9815257
201140 0.086136 0.9815257
284379 0.086136 0.9815257
57242 0.086136 0.9815257
128153 0.086136 0.9815257
266629 0.086136 0.9815257
90134 0.086136 0.9815257
8876 0.086136 0.9815257
5259 0.086136 0.9815257
50854 0.086136 0.9815257
5649 0.086136 0.9815257
79544 0.086136 0.9815257
400926 0.086136 0.9815257
59084 0.086136 0.9815257
284612 0.086136 0.9815257
7932 0.086136 0.9815257
84266 0.086136 0.9815257
79070 0.086136 0.9815257
158401 0.086136 0.9815257
255654 0.086136 0.9815257
285556 0.086136 0.9815257
1497 0.086136 0.9815257
285966 0.086136 0.9815257
84631 0.086136 0.9815257
10230 0.086136 0.9815257
1902 0.086136 0.9815257
8228 0.086136 0.9815257
56169 0.086136 0.9815257
64410 0.086136 0.9815257
92591 0.086136 0.9815257
3882 0.086136 0.9815257
2662 0.086136 0.9815257
128488 0.086136 0.9815257
342371 0.086135 0.9815257
22858 0.086129 0.9815257
10474 0.086127 0.9815257
1843 0.086127 0.9815257
9413 0.086124 0.9815257
4830 0.086124 0.9815257
11145 0.086123 0.9815257
9136 0.086108 0.9815257
79736 0.086107 0.9815257
835 0.086105 0.9815257
51602 0.086097 0.9815257
10808 0.086096 0.9815257
4512 0.086094 0.9815257
9219 0.086093 0.9815257
50848 0.086092 0.9815257
26353 0.086092 0.9815257
5998 0.086092 0.9815257
4738 0.086088 0.9815257
2539 0.086088 0.9815257
91 0.086082 0.9815257
84289 0.086080 0.9815257
5692 0.086079 0.9815257
1892 0.086078 0.9815257
3488 0.086078 0.9815257
83692 0.086076 0.9815257
55862 0.086076 0.9815257
9203 0.086075 0.9815257
57019 0.086068 0.9815257
10972 0.086066 0.9815257
64682 0.086066 0.9815257
481 0.086064 0.9815257
26523 0.086062 0.9815257
4723 0.086061 0.9815257
2742 0.086060 0.9815257
2882 0.086059 0.9815257
100534012 0.086053 0.9815257
79005 0.086053 0.9815257
2157 0.086050 0.9815257
5355 0.086046 0.9815257
57396 0.086046 0.9815257
63035 0.086045 0.9815257
5885 0.086042 0.9815257
5860 0.086038 0.9815257
51019 0.086038 0.9815257
5049 0.086035 0.9815257
8287 0.086035 0.9815257
5962 0.086035 0.9815257
55781 0.086034 0.9815257
57085 0.086031 0.9815257
7453 0.086025 0.9815257
9296 0.086025 0.9815257
10210 0.086025 0.9815257
4701 0.086025 0.9815257
6354 0.086020 0.9815257
9637 0.086019 0.9815257
9743 0.086016 0.9815257
160 0.086013 0.9815257
1300 0.086013 0.9815257
208 0.086012 0.9815257
134430 0.086011 0.9815257
191 0.086007 0.9815257
9097 0.086006 0.9815257
6035 0.086005 0.9815257
23189 0.086001 0.9815257
581 0.086001 0.9815257
5908 0.085997 0.9815257
57175 0.085995 0.9815257
22897 0.085991 0.9815257
2918 0.085988 0.9815257
5144 0.085986 0.9815257
1583 0.085985 0.9815257
8727 0.085982 0.9815257
6844 0.085974 0.9815257
56259 0.085971 0.9815257
11186 0.085967 0.9815257
27434 0.085960 0.9815257
23248 0.085958 0.9815257
4332 0.085956 0.9815257
6232 0.085955 0.9815257
79444 0.085954 0.9815257
23043 0.085945 0.9815257
7068 0.085942 0.9815257
10452 0.085936 0.9815257
5900 0.085935 0.9815257
4172 0.085934 0.9815257
51765 0.085929 0.9815257
892 0.085927 0.9815257
4143 0.085924 0.9815257
113878 0.085923 0.9815257
92595 0.085922 0.9815257
2890 0.085915 0.9815257
27243 0.085913 0.9815257
7417 0.085911 0.9815257
25827 0.085902 0.9815257
50861 0.085898 0.9815257
64651 0.085890 0.9815257
51493 0.085888 0.9815257
7112 0.085888 0.9815257
7857 0.085885 0.9815257
64374 0.085878 0.9815257
118881 0.085875 0.9815257
51125 0.085874 0.9815257
5570 0.085870 0.9815257
51807 0.085864 0.9815257
1962 0.085864 0.9815257
8204 0.085864 0.9815257
6262 0.085861 0.9815257
57761 0.085858 0.9815257
7458 0.085856 0.9815257
286262 0.085856 0.9815257
5936 0.085854 0.9815257
23658 0.085844 0.9815257
116173 0.085840 0.9815257
81566 0.085839 0.9815257
153743 0.085839 0.9815257
54507 0.085837 0.9815257
6227 0.085837 0.9815257
55236 0.085837 0.9815257
9141 0.085836 0.9815257
8502 0.085835 0.9815257
10988 0.085834 0.9815257
80230 0.085828 0.9815257
64753 0.085827 0.9815257
3297 0.085827 0.9815257
51343 0.085824 0.9815257
6590 0.085819 0.9815257
3846 0.085817 0.9815257
3615 0.085815 0.9815257
162 0.085810 0.9815257
153527 0.085806 0.9815257
84108 0.085805 0.9815257
93233 0.085804 0.9815257
4878 0.085803 0.9815257
5170 0.085803 0.9815257
10713 0.085794 0.9815257
25824 0.085782 0.9815257
3563 0.085780 0.9815257
51465 0.085776 0.9815257
4750 0.085771 0.9815257
9185 0.085767 0.9815257
140738 0.085758 0.9815257
51720 0.085757 0.9815257
4715 0.085756 0.9815257
23210 0.085756 0.9815257
5436 0.085754 0.9815257
10783 0.085754 0.9815257
708 0.085751 0.9815257
55706 0.085748 0.9815257
5336 0.085745 0.9815257
5514 0.085742 0.9815257
79918 0.085733 0.9815257
79839 0.085730 0.9815257
26071 0.085724 0.9815257
114088 0.085723 0.9815257
1039 0.085722 0.9815257
4602 0.085719 0.9815257
79789 0.085719 0.9815257
114898 0.085713 0.9815257
55069 0.085711 0.9815257
5830 0.085710 0.9815257
64770 0.085708 0.9815257
130617 0.085707 0.9815257
427 0.085702 0.9815257
9110 0.085697 0.9815257
23471 0.085690 0.9815257
7248 0.085685 0.9815257
9397 0.085682 0.9815257
5691 0.085682 0.9815257
57082 0.085681 0.9815257
51738 0.085680 0.9815257
28984 0.085677 0.9815257
547 0.085677 0.9815257
6788 0.085673 0.9815257
2309 0.085660 0.9815257
9439 0.085656 0.9815257
6697 0.085656 0.9815257
83933 0.085650 0.9815257
343521 0.085649 0.9815257
51586 0.085648 0.9815257
51334 0.085647 0.9815257
10124 0.085641 0.9815257
1420 0.085639 0.9815257
250 0.085633 0.9815257
5445 0.085629 0.9815257
322 0.085628 0.9815257
5467 0.085628 0.9815257
10806 0.085628 0.9815257
8079 0.085627 0.9815257
51068 0.085621 0.9815257
995 0.085621 0.9815257
727800 0.085620 0.9815257
79174 0.085616 0.9815257
1965 0.085615 0.9815257
9021 0.085608 0.9815257
64320 0.085608 0.9815257
4232 0.085606 0.9815257
9221 0.085605 0.9815257
989 0.085604 0.9815257
11060 0.085603 0.9815257
122258 0.085603 0.9815257
8915 0.085603 0.9815257
91966 0.085602 0.9815257
84914 0.085598 0.9815257
25879 0.085598 0.9815257
1891 0.085596 0.9815257
10788 0.085594 0.9815257
6629 0.085588 0.9815257
7140 0.085584 0.9815257
10211 0.085584 0.9815257
54458 0.085580 0.9815257
51371 0.085575 0.9815257
4147 0.085574 0.9815257
22872 0.085565 0.9815257
3658 0.085562 0.9815257
9883 0.085561 0.9815257
79801 0.085559 0.9815257
1644 0.085556 0.9815257
10612 0.085556 0.9815257
2633 0.085554 0.9815257
9125 0.085550 0.9815257
9470 0.085545 0.9815257
79760 0.085541 0.9815257
23426 0.085541 0.9815257
1318 0.085539 0.9815257
22853 0.085538 0.9815257
10671 0.085536 0.9815257
11335 0.085529 0.9815257
4700 0.085529 0.9815257
8836 0.085528 0.9815257
9738 0.085527 0.9815257
7408 0.085524 0.9815257
3837 0.085521 0.9815257
51008 0.085520 0.9815257
10238 0.085514 0.9815257
5099 0.085514 0.9815257
84872 0.085513 0.9815257
4836 0.085512 0.9815257
53822 0.085509 0.9815257
2563 0.085509 0.9815257
8683 0.085507 0.9815257
55720 0.085506 0.9815257
10383 0.085504 0.9815257
861 0.085502 0.9815257
5778 0.085502 0.9815257
6169 0.085497 0.9815257
10200 0.085486 0.9815257
6206 0.085485 0.9815257
10445 0.085483 0.9815257
8777 0.085476 0.9815257
85481 0.085474 0.9815257
6388 0.085474 0.9815257
57683 0.085473 0.9815257
81876 0.085472 0.9815257
84919 0.085471 0.9815257
1173 0.085470 0.9815257
137107 0.085470 0.9815257
5573 0.085470 0.9815257
64943 0.085469 0.9815257
84707 0.085469 0.9815257
84902 0.085466 0.9815257
6156 0.085464 0.9815257
898 0.085463 0.9815257
7372 0.085462 0.9815257
862 0.085461 0.9815257
8479 0.085460 0.9815257
10393 0.085458 0.9815257
57658 0.085455 0.9815257
3215 0.085454 0.9815257
64802 0.085446 0.9815257
9625 0.085444 0.9815257
2954 0.085440 0.9815257
3998 0.085438 0.9815257
58517 0.085437 0.9815257
5019 0.085433 0.9815257
64328 0.085432 0.9815257
3398 0.085431 0.9815257
3556 0.085431 0.9815257
57461 0.085430 0.9815257
114883 0.085425 0.9815257
5437 0.085421 0.9815257
55705 0.085419 0.9815257
51567 0.085418 0.9815257
112858 0.085411 0.9815257
6166 0.085407 0.9815257
1857 0.085407 0.9815257
553115 0.085404 0.9815257
23578 0.085404 0.9815257
10923 0.085403 0.9815257
6992 0.085398 0.9815257
10298 0.085397 0.9815257
7174 0.085393 0.9815257
162417 0.085391 0.9815257
9638 0.085390 0.9815257
152926 0.085390 0.9815257
7249 0.085386 0.9815257
134359 0.085385 0.9815257
10617 0.085385 0.9815257
3172 0.085384 0.9815257
321 0.085383 0.9815257
6018 0.085382 0.9815257
1445 0.085378 0.9815257
441518 0.085378 0.9815257
85363 0.085375 0.9815257
51780 0.085373 0.9815257
4363 0.085367 0.9815257
54793 0.085363 0.9815257
6122 0.085357 0.9815257
55643 0.085354 0.9815257
26043 0.085353 0.9815257
429 0.085352 0.9815257
23208 0.085348 0.9815257
90673 0.085343 0.9815257
648791 0.085343 0.9815257
221692 0.085343 0.9815257
9663 0.085343 0.9815257
7991 0.085343 0.9815257
57338 0.085343 0.9815257
144321 0.085343 0.9815257
64434 0.085343 0.9815257
57821 0.085343 0.9815257
50651 0.085343 0.9815257
1181 0.085342 0.9815257
8570 0.085341 0.9815257
5493 0.085338 0.9815257
6261 0.085337 0.9815257
2115 0.085334 0.9815257
2771 0.085330 0.9815257
10483 0.085327 0.9815257
9452 0.085324 0.9815257
51176 0.085322 0.9815257
2002 0.085316 0.9815257
337867 0.085315 0.9815257
23022 0.085313 0.9815257
701 0.085311 0.9815257
5723 0.085310 0.9815257
79600 0.085310 0.9815257
6442 0.085308 0.9815257
222894 0.085306 0.9815257
22794 0.085306 0.9815257
10422 0.085303 0.9815257
1983 0.085301 0.9815257
6253 0.085297 0.9815257
9400 0.085294 0.9815257
63934 0.085293 0.9815257
6293 0.085291 0.9815257
10190 0.085291 0.9815257
8678 0.085291 0.9815257
10250 0.085283 0.9815257
59343 0.085282 0.9815257
2956 0.085279 0.9815257
5465 0.085279 0.9815257
23039 0.085276 0.9815257
89797 0.085275 0.9815257
5584 0.085272 0.9815257
10060 0.085270 0.9815257
3726 0.085268 0.9815257
6642 0.085267 0.9815257
84736 0.085255 0.9815257
6157 0.085254 0.9815257
84060 0.085251 0.9815257
10529 0.085247 0.9815257
8812 0.085244 0.9815257
8725 0.085239 0.9815257
55607 0.085239 0.9815257
57580 0.085235 0.9815257
7298 0.085228 0.9815257
134492 0.085228 0.9815257
8463 0.085227 0.9815257
51194 0.085226 0.9815257
89885 0.085223 0.9815257
29947 0.085215 0.9815257
27336 0.085213 0.9815257
386680 0.085207 0.9815257
8668 0.085206 0.9815257
1525 0.085205 0.9815257
114932 0.085203 0.9815257
3188 0.085203 0.9815257
80270 0.085201 0.9815257
27236 0.085191 0.9815257
24148 0.085187 0.9815257
1031 0.085182 0.9815257
5245 0.085180 0.9815257
55758 0.085180 0.9815257
23421 0.085172 0.9815257
6880 0.085168 0.9815257
7419 0.085167 0.9815257
81671 0.085165 0.9815257
55872 0.085162 0.9815257
5669 0.085162 0.9815257
22985 0.085161 0.9815257
3839 0.085159 0.9815257
64976 0.085157 0.9815257
9569 0.085153 0.9815257
89795 0.085151 0.9815257
51024 0.085149 0.9815257
8417 0.085148 0.9815257
57703 0.085147 0.9815257
27034 0.085147 0.9815257
29950 0.085147 0.9815257
675 0.085145 0.9815257
6789 0.085144 0.9815257
1984 0.085144 0.9815257
5869 0.085143 0.9815257
7155 0.085141 0.9815257
80135 0.085136 0.9815257
51263 0.085123 0.9815257
27101 0.085120 0.9815257
166614 0.085114 0.9815257
9925 0.085113 0.9815257
10969 0.085112 0.9815257
2695 0.085110 0.9815257
2034 0.085109 0.9815257
2113 0.085108 0.9815257
8842 0.085106 0.9815257
51185 0.085105 0.9815257
90121 0.085104 0.9815257
100 0.085103 0.9815257
5216 0.085099 0.9815257
84961 0.085099 0.9815257
10807 0.085098 0.9815257
8894 0.085095 0.9815257
55536 0.085090 0.9815257
23555 0.085086 0.9815257
11138 0.085083 0.9815257
130 0.085083 0.9815257
9289 0.085078 0.9815257
114 0.085078 0.9815257
23228 0.085077 0.9815257
2805 0.085075 0.9815257
2737 0.085073 0.9815257
2886 0.085067 0.9815257
222484 0.085067 0.9815257
51322 0.085060 0.9815257
23648 0.085057 0.9815257
8888 0.085057 0.9815257
112950 0.085056 0.9815257
9731 0.085052 0.9815257
2615 0.085052 0.9815257
64761 0.085051 0.9815257
29035 0.085050 0.9815257
26574 0.085049 0.9815257
5868 0.085048 0.9815257
7957 0.085045 0.9815257
8544 0.085042 0.9815257
7188 0.085038 0.9815257
1080 0.085037 0.9815257
84536 0.085032 0.9815257
11319 0.085023 0.9815257
51332 0.085021 0.9815257
3920 0.085021 0.9815257
9131 0.085013 0.9815257
4672 0.085013 0.9815257
3069 0.085008 0.9815257
7486 0.085008 0.9815257
8737 0.085004 0.9815257
54623 0.085001 0.9815257
509 0.084998 0.9815257
55904 0.084997 0.9815257
8766 0.084995 0.9815257
23513 0.084994 0.9815257
6654 0.084994 0.9815257
2965 0.084989 0.9815257
29888 0.084988 0.9815257
2071 0.084988 0.9815257
771 0.084984 0.9815257
5433 0.084980 0.9815257
51136 0.084979 0.9815257
23633 0.084977 0.9815257
9368 0.084976 0.9815257
23199 0.084972 0.9815257
2673 0.084971 0.9815257
29058 0.084970 0.9815257
54517 0.084970 0.9815257
5933 0.084967 0.9815257
54904 0.084964 0.9815257
9768 0.084963 0.9815257
8741 0.084963 0.9815257
83992 0.084962 0.9815257
7327 0.084954 0.9815257
283150 0.084954 0.9815257
8125 0.084953 0.9815257
27107 0.084950 0.9815257
57519 0.084949 0.9815257
126308 0.084949 0.9815257
689 0.084947 0.9815257
6874 0.084945 0.9815257
51535 0.084942 0.9815257
22844 0.084940 0.9815257
54933 0.084939 0.9815257
38 0.084939 0.9815257
60672 0.084935 0.9815257
9554 0.084935 0.9815257
79666 0.084929 0.9815257
7082 0.084924 0.9815257
2237 0.084923 0.9815257
55722 0.084922 0.9815257
56852 0.084922 0.9815257
1180 0.084921 0.9815257
285590 0.084919 0.9815257
10397 0.084918 0.9815257
9524 0.084918 0.9815257
5441 0.084912 0.9815257
9765 0.084910 0.9815257
57616 0.084905 0.9815257
167691 0.084904 0.9815257
63925 0.084904 0.9815257
3916 0.084903 0.9815257
10915 0.084902 0.9815257
60436 0.084901 0.9815257
27330 0.084900 0.9815257
8804 0.084900 0.9815257
6830 0.084898 0.9815257
6203 0.084896 0.9815257
80184 0.084895 0.9815257
78990 0.084880 0.9815257
85291 0.084876 0.9815257
3516 0.084874 0.9815257
3843 0.084871 0.9815257
79621 0.084867 0.9815257
5213 0.084863 0.9815257
6241 0.084861 0.9815257
1267 0.084859 0.9815257
3231 0.084857 0.9815257
92092 0.084856 0.9815257
54908 0.084853 0.9815257
8910 0.084851 0.9815257
8649 0.084849 0.9815257
201514 0.084846 0.9815257
152485 0.084845 0.9815257
4338 0.084843 0.9815257
55759 0.084843 0.9815257
8726 0.084840 0.9815257
8036 0.084837 0.9815257
202333 0.084834 0.9815257
339324 0.084833 0.9815257
6722 0.084829 0.9815257
375 0.084825 0.9815257
58524 0.084825 0.9815257
51031 0.084824 0.9815257
2739 0.084824 0.9815257
1736 0.084824 0.9815257
3482 0.084821 0.9815257
9232 0.084818 0.9815257
4607 0.084815 0.9815257
25920 0.084815 0.9815257
84629 0.084811 0.9815257
10514 0.084810 0.9815257
4605 0.084809 0.9815257
91647 0.084809 0.9815257
5992 0.084809 0.9815257
5509 0.084809 0.9815257
5826 0.084808 0.9815257
56647 0.084803 0.9815257
1272 0.084803 0.9815257
64087 0.084801 0.9815257
5226 0.084800 0.9815257
9841 0.084800 0.9815257
10726 0.084793 0.9815257
336 0.084792 0.9815257
3603 0.084790 0.9815257
283987 0.084788 0.9815257
3092 0.084786 0.9815257
11168 0.084785 0.9815257
9632 0.084785 0.9815257
9564 0.084784 0.9815257
10381 0.084782 0.9815257
51129 0.084781 0.9815257
302 0.084779 0.9815257
10284 0.084771 0.9815257
138716 0.084763 0.9815257
311 0.084762 0.9815257
840 0.084761 0.9815257
10772 0.084755 0.9815257
79173 0.084752 0.9815257
116154 0.084751 0.9815257
24149 0.084747 0.9815257
1977 0.084744 0.9815257
55226 0.084744 0.9815257
23170 0.084740 0.9815257
53944 0.084738 0.9815257
140809 0.084730 0.9815257
221830 0.084723 0.9815257
6687 0.084717 0.9815257
9586 0.084711 0.9815257
89910 0.084706 0.9815257
8335 0.084704 0.9815257
22869 0.084704 0.9815257
3012 0.084704 0.9815257
51065 0.084700 0.9815257
292 0.084698 0.9815257
27044 0.084697 0.9815257
4615 0.084692 0.9815257
9827 0.084691 0.9815257
8531 0.084685 0.9815257
81626 0.084682 0.9815257
10010 0.084682 0.9815257
339366 0.084672 0.9815257
10579 0.084669 0.9815257
2618 0.084663 0.9815257
26052 0.084660 0.9815257
90410 0.084659 0.9815257
23528 0.084659 0.9815257
6134 0.084657 0.9815257
5902 0.084656 0.9815257
23095 0.084651 0.9815257
26610 0.084647 0.9815257
29945 0.084640 0.9815257
8887 0.084637 0.9815257
10131 0.084636 0.9815257
10801 0.084629 0.9815257
63893 0.084627 0.9815257
23770 0.084611 0.9815257
7444 0.084610 0.9815257
51497 0.084609 0.9815257
23137 0.084609 0.9815257
57646 0.084604 0.9815257
84950 0.084604 0.9815257
55048 0.084603 0.9815257
163183 0.084602 0.9815257
196441 0.084588 0.9815257
9247 0.084585 0.9815257
9308 0.084581 0.9815257
29789 0.084580 0.9815257
2804 0.084574 0.9815257
23 0.084572 0.9815257
6301 0.084569 0.9815257
4543 0.084568 0.9815257
5272 0.084560 0.9815257
79840 0.084547 0.9815257
3002 0.084545 0.9815257
4035 0.084543 0.9815257
57162 0.084540 0.9815257
144108 0.084538 0.9815257
50484 0.084535 0.9815257
2957 0.084535 0.9815257
80745 0.084534 0.9815257
64793 0.084532 0.9815257
4519 0.084527 0.9815257
