#Id Score P-value
716 1.000000 0.0
715 0.958107 0.0
2214 0.834212 0.0
713 0.833572 0.0
2209 0.814812 0.0
712 0.805110 0.0
2212 0.780154 0.0
931 0.759588 0.0
2213 0.743577 0.0
9103 0.743577 0.0
714 0.738263 0.0
2215 0.711362 0.0
3500 0.701254 0.0002209
5105 0.390361 0.0007287
710 0.252184 0.0011676
283600 0.210612 0.0016215
952 0.198037 0.0036929
60401 0.196093 0.0036929
3122 0.191109 0.0036929
9235 0.160481 0.0057338
64841 0.156690 0.0109722
4653 0.148970 0.0360767
54413 0.144432 0.0360767
6850 0.144406 0.0360767
7597 0.143600 0.0360767
29979 0.142772 0.0360767
6449 0.141643 0.0360767
10114 0.141106 0.0360767
7917 0.141044 0.0360767
867 0.140502 0.0360767
5501 0.140270 0.0360767
3316 0.139585 0.125147
3937 0.139407 0.125147
29978 0.138478 0.125147
9063 0.138349 0.125147
5499 0.138288 0.125147
6464 0.137103 0.125147
55016 0.136587 0.125147
5970 0.136290 0.125147
3845 0.134745 0.125147
79001 0.126092 0.3282117
639 0.125224 0.3282117
147872 0.120918 0.3282117
3123 0.120470 0.3282117
10488 0.118903 0.5970011
55294 0.116895 0.5970011
4193 0.115076 0.5970011
2033 0.113916 0.5970011
916 0.112709 0.5970011
7157 0.110861 0.5970011
7329 0.110340 0.5970011
3958 0.109610 0.8351207
28396 0.109428 0.8351207
2130 0.108375 0.8351207
5335 0.107560 0.8351207
919 0.107201 0.8351207
1956 0.106318 0.8351207
11161 0.106185 0.8351207
7316 0.105777 0.8351207
6233 0.105700 0.8351207
672 0.105513 0.8351207
2207 0.105084 0.8351207
92086 0.104910 0.8351207
3543 0.104910 0.8351207
1915 0.104326 0.8351207
207 0.103992 0.8351207
1457 0.103757 0.8351207
367 0.103608 0.8351207
2885 0.103014 0.8351207
5987 0.102447 0.8351207
7020 0.102430 0.8351207
6733 0.102226 0.8351207
6714 0.102192 0.8351207
3315 0.101642 0.8351207
2286 0.101578 0.8351207
7186 0.101437 0.8351207
10524 0.101411 0.8351207
2801 0.101409 0.8351207
1387 0.101270 0.8351207
1460 0.101224 0.8351207
56893 0.101213 0.8351207
2932 0.101051 0.8351207
23028 0.101029 0.8351207
1026 0.100795 0.8351207
7341 0.100471 0.8351207
3065 0.100276 0.8351207
3725 0.100183 0.8351207
4088 0.100153 0.8351207
4609 0.100122 0.8351207
5657 0.100113 0.8351207
1991 0.100011 0.8351207
7535 0.099991 0.9484694
6774 0.099972 0.9484694
7534 0.099864 0.9484694
7530 0.099864 0.9484694
5300 0.099747 0.9484694
145508 0.099583 0.9484694
8945 0.099528 0.9484694
5925 0.099454 0.9484694
1499 0.099227 0.9484694
6790 0.099186 0.9484694
6310 0.099098 0.9484694
8554 0.099081 0.9484694
3838 0.099056 0.9484694
1616 0.099043 0.9484694
3192 0.099040 0.9484694
1398 0.099002 0.9484694
166 0.098925 0.9484694
7874 0.098909 0.9484694
2023 0.098859 0.9484694
7311 0.098801 0.9484694
5594 0.098781 0.9484694
25 0.098604 0.9484694
5371 0.098569 0.9484694
5315 0.098568 0.9484694
7321 0.098519 0.9484694
7322 0.098480 0.9484694
3164 0.098480 0.9484694
259197 0.098465 0.9484694
2597 0.098462 0.9484694
60 0.098360 0.9484694
7704 0.098341 0.9484694
5599 0.098199 0.9484694
85302 0.098144 0.9484694
5430 0.098142 0.9484694
10768 0.098114 0.9484694
64852 0.098107 0.9484694
3184 0.098073 0.9484694
3190 0.098071 0.9484694
5347 0.097868 0.9484694
2064 0.097867 0.9484694
26260 0.097775 0.9484694
7013 0.097770 0.9484694
9146 0.097712 0.9484694
23411 0.097692 0.9484694
5111 0.097678 0.9484694
7531 0.097611 0.9484694
4000 0.097557 0.9484694
2547 0.097491 0.9484694
6613 0.097488 0.9484694
9869 0.097306 0.9484694
3326 0.097295 0.9484694
1432 0.097293 0.9484694
5295 0.097287 0.9484694
8440 0.097260 0.9484694
2316 0.097248 0.9484694
10987 0.097245 0.9484694
1147 0.097171 0.9484694
84445 0.097157 0.9484694
5591 0.097086 0.9484694
7415 0.097085 0.9484694
3178 0.097077 0.9484694
22981 0.097073 0.9484694
23390 0.097062 0.9484694
117178 0.097043 0.9484694
3312 0.097031 0.9484694
4869 0.096993 0.9484694
5966 0.096973 0.9484694
4223 0.096963 0.9484694
7159 0.096952 0.9484694
7205 0.096911 0.9484694
6625 0.096807 0.9484694
8517 0.096754 0.9484694
2099 0.096750 0.9484694
3320 0.096747 0.9484694
4089 0.096744 0.9484694
5597 0.096731 0.9484694
55183 0.096710 0.9484694
5479 0.096691 0.9484694
3183 0.096659 0.9484694
4137 0.096653 0.9484694
7337 0.096610 0.9484694
1639 0.096597 0.9484694
9865 0.096596 0.9484694
3309 0.096595 0.9484694
6386 0.096566 0.9484694
4691 0.096554 0.9484694
6427 0.096547 0.9484694
3476 0.096546 0.9484694
8358 0.096517 0.9484694
8350 0.096517 0.9484694
8351 0.096517 0.9484694
8352 0.096517 0.9484694
8353 0.096517 0.9484694
8354 0.096517 0.9484694
8355 0.096517 0.9484694
8356 0.096517 0.9484694
8357 0.096517 0.9484694
8968 0.096517 0.9484694
7514 0.096504 0.9484694
1822 0.096500 0.9484694
6421 0.096482 0.9484694
1660 0.096425 0.9484694
26524 0.096416 0.9484694
2908 0.096410 0.9484694
6606 0.096399 0.9484694
6607 0.096399 0.9484694
3329 0.096394 0.9484694
5886 0.096385 0.9484694
9859 0.096378 0.9484694
1029 0.096364 0.9484694
6188 0.096330 0.9484694
5710 0.096302 0.9484694
22938 0.096278 0.9484694
200728 0.096252 0.9484694
6772 0.096227 0.9484694
4005 0.096206 0.9484694
373 0.096169 0.9484694
3064 0.096161 0.9484694
6426 0.096136 0.9484694
5595 0.096134 0.9484694
84708 0.096134 0.9484694
6477 0.096117 0.9484694
51588 0.096045 0.9484694
10971 0.096015 0.9484694
2274 0.095985 0.9484694
9513 0.095973 0.9484694
3308 0.095935 0.9484694
3551 0.095902 0.9484694
3932 0.095890 0.9484694
5684 0.095876 0.9484694
7083 0.095859 0.9484694
10048 0.095816 0.9484694
811 0.095767 0.9484694
7334 0.095694 0.9484694
580 0.095687 0.9484694
55660 0.095665 0.9484694
11030 0.095641 0.9484694
7323 0.095549 0.9484694
472 0.095531 0.9484694
983 0.095503 0.9484694
7431 0.095461 0.9484694
4188 0.095460 0.9484694
988 0.095457 0.9484694
5562 0.095422 0.9484694
10989 0.095408 0.9484694
6925 0.095400 0.9484694
3875 0.095397 0.9484694
7273 0.095388 0.9484694
10241 0.095384 0.9484694
351 0.095379 0.9484694
7532 0.095370 0.9484694
26986 0.095364 0.9484694
310 0.095342 0.9484694
125115 0.095307 0.9484694
5859 0.095275 0.9484694
5770 0.095269 0.9484694
5515 0.095258 0.9484694
7791 0.095222 0.9484694
27040 0.095212 0.9484694
6135 0.095209 0.9484694
5682 0.095197 0.9484694
4214 0.095184 0.9484694
10413 0.095171 0.9484694
3066 0.095170 0.9484694
5887 0.095151 0.9484694
1213 0.095149 0.9484694
29079 0.095144 0.9484694
9295 0.095121 0.9484694
7529 0.095118 0.9484694
10273 0.095116 0.9484694
3181 0.095096 0.9484694
971 0.095061 0.9484694
9961 0.095016 0.9484694
7533 0.095003 0.9484694
4841 0.094987 0.9484694
226 0.094980 0.9484694
9611 0.094977 0.9484694
51115 0.094955 0.9484694
57154 0.094952 0.9484694
4809 0.094941 0.9484694
22976 0.094938 0.9484694
2534 0.094907 0.9484694
6732 0.094892 0.9484694
8454 0.094884 0.9484694
409 0.094873 0.9484694
6453 0.094870 0.9484694
5468 0.094831 0.9484694
5034 0.094827 0.9484694
8878 0.094817 0.9484694
5747 0.094763 0.9484694
5879 0.094756 0.9484694
1107 0.094745 0.9484694
4087 0.094737 0.9484694
4093 0.094689 0.9484694
10657 0.094684 0.9484694
801 0.094680 0.9484694
5578 0.094675 0.9484694
4792 0.094664 0.9484694
808 0.094661 0.9484694
805 0.094661 0.9484694
4790 0.094650 0.9484694
5604 0.094624 0.9484694
54869 0.094576 0.9484694
5601 0.094571 0.9484694
3609 0.094568 0.9484694
8503 0.094567 0.9484694
2065 0.094536 0.9484694
26060 0.094529 0.9484694
7295 0.094498 0.9484694
4233 0.094486 0.9484694
1936 0.094481 0.9484694
4176 0.094472 0.9484694
1647 0.094469 0.9484694
5894 0.094426 0.9484694
1785 0.094407 0.9484694
3055 0.094395 0.9484694
324 0.094395 0.9484694
6303 0.094382 0.9484694
10254 0.094377 0.9484694
9113 0.094371 0.9484694
3313 0.094361 0.9484694
6430 0.094360 0.9484694
9349 0.094342 0.9484694
1385 0.094326 0.9484694
1236 0.094315 0.9484694
57562 0.094313 0.9484694
55835 0.094295 0.9484694
7319 0.094289 0.9484694
71 0.094283 0.9484694
5708 0.094268 0.9484694
5914 0.094263 0.9484694
10155 0.094236 0.9484694
10521 0.094214 0.9484694
5566 0.094168 0.9484694
25913 0.094168 0.9484694
132320 0.094165 0.9484694
8029 0.094154 0.9484694
8553 0.094072 0.9484694
8290 0.094070 0.9484694
813 0.094043 0.9484694
120892 0.094014 0.9484694
6204 0.094014 0.9484694
7161 0.094009 0.9484694
7409 0.094009 0.9484694
23451 0.093978 0.9484694
196410 0.093976 0.9484694
2705 0.093976 0.9484694
51643 0.093976 0.9484694
5283 0.093976 0.9484694
154467 0.093976 0.9484694
219654 0.093976 0.9484694
9071 0.093976 0.9484694
677800 0.093976 0.9484694
346 0.093976 0.9484694
3250 0.093976 0.9484694
89822 0.093976 0.9484694
51734 0.093976 0.9484694
7251 0.093917 0.9484694
84675 0.093902 0.9484694
10492 0.093885 0.9484694
1017 0.093859 0.9484694
170482 0.093852 0.9484694
6597 0.093847 0.9484694
55791 0.093847 0.9484694
2353 0.093820 0.9484694
10013 0.093802 0.9484694
4067 0.093799 0.9484694
4904 0.093791 0.9484694
1207 0.093775 0.9484694
1655 0.093746 0.9484694
6256 0.093740 0.9484694
1478 0.093702 0.9484694
7189 0.093697 0.9484694
7317 0.093680 0.9484694
836 0.093676 0.9484694
1573 0.093649 0.9484694
8481 0.093649 0.9484694
26003 0.093645 0.9484694
10253 0.093643 0.9484694
23607 0.093639 0.9484694
1487 0.093638 0.9484694
1399 0.093628 0.9484694
4734 0.093558 0.9484694
6129 0.093558 0.9484694
5701 0.093551 0.9484694
355 0.093545 0.9484694
10482 0.093538 0.9484694
7132 0.093537 0.9484694
10277 0.093537 0.9484694
998 0.093530 0.9484694
7001 0.093512 0.9484694
220988 0.093511 0.9484694
3921 0.093501 0.9484694
4086 0.093499 0.9484694
30011 0.093493 0.9484694
57159 0.093490 0.9484694
387521 0.093452 0.9484694
387522 0.093452 0.9484694
7335 0.093452 0.9484694
7332 0.093442 0.9484694
65125 0.093438 0.9484694
6137 0.093433 0.9484694
11200 0.093423 0.9484694
25898 0.093405 0.9484694
6184 0.093393 0.9484694
10318 0.093391 0.9484694
5764 0.093370 0.9484694
26121 0.093369 0.9484694
1019 0.093368 0.9484694
468 0.093361 0.9484694
10963 0.093357 0.9484694
6118 0.093350 0.9484694
6598 0.093299 0.9484694
3093 0.093274 0.9484694
2810 0.093264 0.9484694
11338 0.093253 0.9484694
10075 0.093238 0.9484694
9618 0.093237 0.9484694
50618 0.093210 0.9484694
3337 0.093207 0.9484694
7324 0.093201 0.9484694
1025 0.093195 0.9484694
5565 0.093188 0.9484694
84676 0.093178 0.9484694
2322 0.093171 0.9484694
7846 0.093167 0.9484694
5296 0.093162 0.9484694
2617 0.093156 0.9484694
7376 0.093141 0.9484694
9319 0.093135 0.9484694
11051 0.093135 0.9484694
8161 0.093132 0.9484694
8826 0.093111 0.9484694
6432 0.093105 0.9484694
7347 0.093104 0.9484694
10534 0.093092 0.9484694
10236 0.093092 0.9484694
1649 0.093082 0.9484694
2059 0.093074 0.9484694
378465 0.093051 0.9484694
9093 0.093050 0.9484694
54535 0.093036 0.9484694
154796 0.093021 0.9484694
9612 0.093018 0.9484694
6125 0.093014 0.9484694
54464 0.093006 0.9484694
171483 0.092996 0.9484694
6721 0.092934 0.9484694
1937 0.092932 0.9484694
6275 0.092924 0.9484694
6434 0.092882 0.9484694
4670 0.092874 0.9484694
7410 0.092873 0.9484694
5663 0.092865 0.9484694
3643 0.092843 0.9484694
526 0.092799 0.9484694
79577 0.092769 0.9484694
9101 0.092769 0.9484694
51631 0.092761 0.9484694
6696 0.092756 0.9484694
6124 0.092754 0.9484694
23435 0.092715 0.9484694
6636 0.092715 0.9484694
26994 0.092712 0.9484694
5705 0.092710 0.9484694
2549 0.092708 0.9484694
596 0.092706 0.9484694
6498 0.092705 0.9484694
2512 0.092696 0.9484694
6605 0.092694 0.9484694
6223 0.092691 0.9484694
5579 0.092683 0.9484694
1459 0.092667 0.9484694
4690 0.092664 0.9484694
10054 0.092652 0.9484694
1805 0.092644 0.9484694
386682 0.092641 0.9484694
57062 0.092624 0.9484694
81631 0.092620 0.9484694
331 0.092619 0.9484694
11345 0.092614 0.9484694
388677 0.092584 0.9484694
100996717 0.092584 0.9484694
100996763 0.092584 0.9484694
79155 0.092573 0.9484694
8880 0.092572 0.9484694
1072 0.092561 0.9484694
64182 0.092543 0.9484694
9659 0.092543 0.9484694
653513 0.092543 0.9484694
9070 0.092532 0.9484694
8850 0.092523 0.9484694
7421 0.092504 0.9484694
1653 0.092502 0.9484694
9406 0.092490 0.9484694
6811 0.092488 0.9484694
2 0.092487 0.9484694
9240 0.092487 0.9484694
3815 0.092477 0.9484694
7320 0.092476 0.9484694
5500 0.092459 0.9484694
4287 0.092453 0.9484694
613 0.092446 0.9484694
6622 0.092445 0.9484694
3608 0.092439 0.9484694
7411 0.092430 0.9484694
10980 0.092424 0.9484694
6142 0.092399 0.9484694
8239 0.092386 0.9484694
51035 0.092374 0.9484694
6776 0.092339 0.9484694
5795 0.092339 0.9484694
5094 0.092332 0.9484694
9948 0.092322 0.9484694
6045 0.092319 0.9484694
2017 0.092311 0.9484694
1454 0.092311 0.9484694
2335 0.092289 0.9484694
9094 0.092280 0.9484694
10484 0.092258 0.9484694
10856 0.092254 0.9484694
1488 0.092252 0.9484694
9775 0.092240 0.9484694
8626 0.092233 0.9484694
5359 0.092231 0.9484694
10574 0.092226 0.9484694
6615 0.092199 0.9484694
1912 0.092197 0.9484694
5108 0.092189 0.9484694
3480 0.092188 0.9484694
57120 0.092183 0.9484694
1195 0.092174 0.9484694
55666 0.092171 0.9484694
22827 0.092165 0.9484694
6314 0.092159 0.9484694
55577 0.092159 0.9484694
6872 0.092155 0.9484694
7314 0.092148 0.9484694
6829 0.092142 0.9484694
10286 0.092137 0.9484694
1053 0.092128 0.9484694
29110 0.092109 0.9484694
10401 0.092101 0.9484694
8260 0.092101 0.9484694
2091 0.092100 0.9484694
1027 0.092095 0.9484694
11091 0.092083 0.9484694
55363 0.092067 0.9484694
57805 0.092050 0.9484694
1495 0.092043 0.9484694
554313 0.092037 0.9484694
8359 0.092037 0.9484694
8370 0.092037 0.9484694
8294 0.092037 0.9484694
8361 0.092037 0.9484694
8360 0.092037 0.9484694
8363 0.092037 0.9484694
8362 0.092037 0.9484694
8365 0.092037 0.9484694
8364 0.092037 0.9484694
8367 0.092037 0.9484694
8366 0.092037 0.9484694
8368 0.092037 0.9484694
121504 0.092037 0.9484694
11034 0.092036 0.9484694
868 0.092035 0.9484694
5580 0.092028 0.9484694
2176 0.092027 0.9484694
9318 0.092027 0.9484694
7052 0.092021 0.9484694
2318 0.092007 0.9484694
51421 0.091999 0.9484694
60491 0.091995 0.9484694
4001 0.091990 0.9484694
7448 0.091976 0.9484694
9402 0.091962 0.9484694
6229 0.091952 0.9484694
3304 0.091924 0.9484694
3303 0.091924 0.9484694
9099 0.091922 0.9484694
3054 0.091920 0.9484694
56658 0.091915 0.9484694
2475 0.091915 0.9484694
5496 0.091886 0.9484694
2146 0.091868 0.9484694
4692 0.091862 0.9484694
102800317 0.091859 0.9484694
124245 0.091848 0.9484694
5686 0.091847 0.9484694
6647 0.091843 0.9484694
10498 0.091839 0.9484694
7150 0.091834 0.9484694
2969 0.091833 0.9484694
8027 0.091824 0.9484694
8623 0.091805 0.9484694
10399 0.091794 0.9484694
84292 0.091787 0.9484694
3187 0.091776 0.9484694
10016 0.091772 0.9484694
7086 0.091770 0.9484694
7536 0.091768 0.9484694
9817 0.091762 0.9484694
5903 0.091760 0.9484694
4292 0.091751 0.9484694
7572 0.091751 0.9484694
5590 0.091744 0.9484694
1111 0.091726 0.9484694
23322 0.091707 0.9484694
498 0.091703 0.9484694
8841 0.091695 0.9484694
6198 0.091690 0.9484694
3927 0.091683 0.9484694
857 0.091677 0.9484694
2271 0.091673 0.9484694
26123 0.091671 0.9484694
6667 0.091668 0.9484694
7185 0.091667 0.9484694
27316 0.091664 0.9484694
1400 0.091659 0.9484694
25930 0.091659 0.9484694
1642 0.091658 0.9484694
30008 0.091652 0.9484694
3305 0.091625 0.9484694
23624 0.091624 0.9484694
386675 0.091600 0.9484694
3276 0.091594 0.9484694
328 0.091584 0.9484694
8339 0.091575 0.9484694
8344 0.091575 0.9484694
3017 0.091575 0.9484694
8343 0.091575 0.9484694
8347 0.091575 0.9484694
8346 0.091575 0.9484694
7343 0.091570 0.9484694
10449 0.091570 0.9484694
54512 0.091557 0.9484694
89870 0.091552 0.9484694
57326 0.091541 0.9484694
56616 0.091537 0.9484694
440 0.091528 0.9484694
6500 0.091528 0.9484694
9129 0.091512 0.9484694
29896 0.091507 0.9484694
8607 0.091504 0.9484694
170954 0.091497 0.9484694
142 0.091496 0.9484694
5093 0.091495 0.9484694
1855 0.091480 0.9484694
6633 0.091476 0.9484694
83593 0.091473 0.9484694
6908 0.091465 0.9484694
821 0.091462 0.9484694
54828 0.091461 0.9484694
6711 0.091446 0.9484694
6199 0.091441 0.9484694
2010 0.091430 0.9484694
9978 0.091424 0.9484694
5717 0.091416 0.9484694
9047 0.091415 0.9484694
55658 0.091415 0.9484694
8470 0.091407 0.9484694
705 0.091391 0.9484694
3693 0.091370 0.9484694
3336 0.091359 0.9484694
4867 0.091344 0.9484694
54386 0.091334 0.9484694
7276 0.091308 0.9484694
200081 0.091298 0.9484694
6117 0.091296 0.9484694
9261 0.091294 0.9484694
975 0.091293 0.9484694
8661 0.091257 0.9484694
6428 0.091250 0.9484694
80076 0.091243 0.9484694
9662 0.091243 0.9484694
79753 0.091242 0.9484694
1191 0.091208 0.9484694
11064 0.091188 0.9484694
604 0.091186 0.9484694
9040 0.091181 0.9484694
6595 0.091170 0.9484694
10615 0.091168 0.9484694
2027 0.091148 0.9484694
5071 0.091144 0.9484694
27246 0.091123 0.9484694
871 0.091110 0.9484694
6189 0.091105 0.9484694
3014 0.091104 0.9484694
83862 0.091101 0.9484694
27005 0.091096 0.9484694
9584 0.091086 0.9484694
10944 0.091079 0.9484694
65117 0.091063 0.9484694
3881 0.091050 0.9484694
22954 0.091034 0.9484694
11065 0.091029 0.9484694
7965 0.091020 0.9484694
2066 0.091016 0.9484694
81603 0.091014 0.9484694
7520 0.091013 0.9484694
94115 0.091010 0.9484694
1082 0.091010 0.9484694
93659 0.091010 0.9484694
94027 0.091010 0.9484694
641 0.091005 0.9484694
23450 0.090999 0.9484694
5478 0.090996 0.9484694
7919 0.090989 0.9484694
5782 0.090984 0.9484694
1020 0.090980 0.9484694
6205 0.090976 0.9484694
653121 0.090965 0.9484694
127557 0.090965 0.9484694
65264 0.090964 0.9484694
2060 0.090962 0.9484694
3945 0.090958 0.9484694
396 0.090955 0.9484694
6175 0.090954 0.9484694
921 0.090945 0.9484694
9810 0.090943 0.9484694
10813 0.090935 0.9484694
1152 0.090905 0.9484694
3801 0.090896 0.9484694
6389 0.090885 0.9484694
7022 0.090879 0.9484694
25942 0.090877 0.9484694
10528 0.090877 0.9484694
22919 0.090867 0.9484694
8557 0.090867 0.9484694
2058 0.090857 0.9484694
1278 0.090851 0.9484694
9306 0.090848 0.9484694
1933 0.090847 0.9484694
23020 0.090846 0.9484694
11140 0.090839 0.9484694
1938 0.090835 0.9484694
6651 0.090833 0.9484694
2923 0.090821 0.9484694
9252 0.090812 0.9484694
5702 0.090812 0.9484694
6602 0.090810 0.9484694
80125 0.090807 0.9484694
1856 0.090802 0.9484694
10094 0.090802 0.9484694
10540 0.090798 0.9484694
10055 0.090797 0.9484694
79036 0.090793 0.9484694
4297 0.090790 0.9484694
158 0.090780 0.9484694
6643 0.090772 0.9484694
2521 0.090772 0.9484694
60626 0.090768 0.9484694
9531 0.090756 0.9484694
11100 0.090750 0.9484694
51726 0.090745 0.9484694
442179 0.090743 0.9484694
5672 0.090743 0.9484694
64174 0.090743 0.9484694
5202 0.090742 0.9484694
1778 0.090735 0.9484694
4791 0.090731 0.9484694
2175 0.090729 0.9484694
2280 0.090726 0.9484694
1974 0.090717 0.9484694
11041 0.090714 0.9484694
3702 0.090713 0.9484694
1665 0.090712 0.9484694
1104 0.090703 0.9484694
51199 0.090702 0.9484694
84164 0.090700 0.9484694
572 0.090698 0.9484694
5707 0.090697 0.9484694
55093 0.090692 0.9484694
6294 0.090687 0.9484694
997 0.090666 0.9484694
4218 0.090665 0.9484694
3895 0.090664 0.9484694
1452 0.090656 0.9484694
5905 0.090649 0.9484694
5718 0.090648 0.9484694
6839 0.090646 0.9484694
84936 0.090645 0.9484694
3925 0.090639 0.9484694
6138 0.090639 0.9484694
5516 0.090637 0.9484694
10097 0.090637 0.9484694
51265 0.090624 0.9484694
7265 0.090614 0.9484694
3735 0.090613 0.9484694
6840 0.090607 0.9484694
6780 0.090601 0.9484694
3717 0.090595 0.9484694
6187 0.090594 0.9484694
1155 0.090587 0.9484694
3150 0.090581 0.9484694
1024 0.090574 0.9484694
5660 0.090573 0.9484694
890 0.090566 0.9484694
27043 0.090557 0.9484694
3679 0.090557 0.9484694
9815 0.090543 0.9484694
55603 0.090540 0.9484694
3728 0.090530 0.9484694
115106 0.090526 0.9484694
3028 0.090524 0.9484694
2321 0.090523 0.9484694
10015 0.090510 0.9484694
10594 0.090507 0.9484694
9656 0.090505 0.9484694
4478 0.090482 0.9484694
23281 0.090481 0.9484694
6601 0.090477 0.9484694
5092 0.090476 0.9484694
3956 0.090468 0.9484694
8874 0.090450 0.9484694
5928 0.090436 0.9484694
7328 0.090435 0.9484694
6478 0.090434 0.9484694
467 0.090429 0.9484694
11047 0.090427 0.9484694
3091 0.090423 0.9484694
5693 0.090411 0.9484694
5910 0.090388 0.9484694
699 0.090385 0.9484694
4853 0.090384 0.9484694
26036 0.090381 0.9484694
8550 0.090367 0.9484694
408 0.090363 0.9484694
7879 0.090358 0.9484694
5685 0.090350 0.9484694
5052 0.090343 0.9484694
27185 0.090342 0.9484694
6885 0.090341 0.9484694
11244 0.090332 0.9484694
4851 0.090331 0.9484694
51083 0.090324 0.9484694
10174 0.090324 0.9484694
8518 0.090318 0.9484694
22890 0.090297 0.9484694
54820 0.090272 0.9484694
59349 0.090270 0.9484694
6452 0.090264 0.9484694
4957 0.090262 0.9484694
56005 0.090261 0.9484694
3185 0.090254 0.9484694
637 0.090252 0.9484694
5930 0.090239 0.9484694
1641 0.090232 0.9484694
6194 0.090232 0.9484694
10262 0.090229 0.9484694
84619 0.090227 0.9484694
55611 0.090217 0.9484694
51729 0.090216 0.9484694
51138 0.090209 0.9484694
7283 0.090209 0.9484694
22929 0.090195 0.9484694
695 0.090192 0.9484694
353376 0.090192 0.9484694
100302736 0.090192 0.9484694
51014 0.090192 0.9484694
5527 0.090190 0.9484694
10576 0.090159 0.9484694
9092 0.090151 0.9484694
4677 0.090143 0.9484694
6210 0.090136 0.9484694
5861 0.090132 0.9484694
4436 0.090132 0.9484694
5728 0.090126 0.9484694
4835 0.090125 0.9484694
8773 0.090117 0.9484694
4155 0.090097 0.9484694
11198 0.090094 0.9484694
4281 0.090094 0.9484694
10419 0.090091 0.9484694
3486 0.090091 0.9484694
3791 0.090087 0.9484694
5725 0.090080 0.9484694
6201 0.090074 0.9484694
5888 0.090073 0.9484694
8202 0.090065 0.9484694
1992 0.090061 0.9484694
7024 0.090059 0.9484694
9802 0.090058 0.9484694
4110 0.090057 0.9484694
6176 0.090040 0.9484694
11315 0.090037 0.9484694
80268 0.090034 0.9484694
8473 0.090034 0.9484694
6456 0.090010 0.9484694
11043 0.090009 0.9484694
7165 0.090006 0.9484694
23368 0.090000 0.9484694
1192 0.089984 0.9815257
9804 0.089984 0.9815257
2896 0.089981 0.9815257
5511 0.089980 0.9815257
84993 0.089979 0.9815257
10541 0.089975 0.9815257
3692 0.089966 0.9815257
3163 0.089966 0.9815257
87 0.089964 0.9815257
80321 0.089949 0.9815257
5713 0.089943 0.9815257
2268 0.089933 0.9815257
7153 0.089924 0.9815257
7014 0.089923 0.9815257
60496 0.089912 0.9815257
10130 0.089895 0.9815257
826 0.089892 0.9815257
23414 0.089890 0.9815257
11009 0.089889 0.9815257
5504 0.089889 0.9815257
23054 0.089888 0.9815257
3059 0.089888 0.9815257
3981 0.089887 0.9815257
29766 0.089883 0.9815257
8467 0.089882 0.9815257
4793 0.089880 0.9815257
5862 0.089875 0.9815257
5788 0.089869 0.9815257
5787 0.089861 0.9815257
152185 0.089856 0.9815257
11007 0.089848 0.9815257
3177 0.089835 0.9815257
6228 0.089832 0.9815257
55644 0.089830 0.9815257
7430 0.089822 0.9815257
5757 0.089817 0.9815257
2670 0.089795 0.9815257
1508 0.089787 0.9815257
1021 0.089785 0.9815257
841 0.089775 0.9815257
84140 0.089767 0.9815257
1796 0.089749 0.9815257
55916 0.089740 0.9815257
284252 0.089736 0.9815257
10919 0.089728 0.9815257
5687 0.089723 0.9815257
3661 0.089700 0.9815257
23476 0.089700 0.9815257
79723 0.089699 0.9815257
6128 0.089695 0.9815257
4643 0.089694 0.9815257
26092 0.089692 0.9815257
84764 0.089692 0.9815257
5241 0.089691 0.9815257
7525 0.089682 0.9815257
4751 0.089677 0.9815257
11083 0.089669 0.9815257
54843 0.089667 0.9815257
81 0.089652 0.9815257
5981 0.089641 0.9815257
27250 0.089637 0.9815257
51259 0.089635 0.9815257
4522 0.089628 0.9815257
5265 0.089617 0.9815257
7167 0.089613 0.9815257
7158 0.089608 0.9815257
387 0.089596 0.9815257
285753 0.089595 0.9815257
5290 0.089593 0.9815257
81608 0.089589 0.9815257
9891 0.089582 0.9815257
25804 0.089572 0.9815257
85451 0.089559 0.9815257
25932 0.089557 0.9815257
9370 0.089557 0.9815257
84080 0.089553 0.9815257
60314 0.089542 0.9815257
83878 0.089538 0.9815257
26578 0.089526 0.9815257
8409 0.089521 0.9815257
10007 0.089509 0.9815257
9861 0.089506 0.9815257
23524 0.089503 0.9815257
54926 0.089468 0.9815257
10291 0.089453 0.9815257
55729 0.089452 0.9815257
10580 0.089451 0.9815257
4627 0.089446 0.9815257
10421 0.089439 0.9815257
5777 0.089435 0.9815257
53826 0.089419 0.9815257
100533181 0.089419 0.9815257
161742 0.089417 0.9815257
6993 0.089406 0.9815257
6133 0.089403 0.9815257
5976 0.089402 0.9815257
3376 0.089395 0.9815257
29761 0.089393 0.9815257
6638 0.089391 0.9815257
5700 0.089390 0.9815257
10477 0.089381 0.9815257
4914 0.089380 0.9815257
5800 0.089376 0.9815257
2192 0.089359 0.9815257
8996 0.089356 0.9815257
3151 0.089346 0.9815257
8666 0.089338 0.9815257
5688 0.089333 0.9815257
154 0.089328 0.9815257
10197 0.089325 0.9815257
5706 0.089322 0.9815257
55143 0.089317 0.9815257
6196 0.089312 0.9815257
79669 0.089312 0.9815257
7203 0.089311 0.9815257
5198 0.089304 0.9815257
317762 0.089304 0.9815257
8065 0.089276 0.9815257
7046 0.089274 0.9815257
23420 0.089273 0.9815257
2108 0.089267 0.9815257
90411 0.089265 0.9815257
3191 0.089259 0.9815257
6709 0.089258 0.9815257
7015 0.089257 0.9815257
473 0.089255 0.9815257
6311 0.089253 0.9815257
2275 0.089252 0.9815257
29925 0.089250 0.9815257
81565 0.089235 0.9815257
114824 0.089234 0.9815257
3098 0.089233 0.9815257
8848 0.089230 0.9815257
22806 0.089217 0.9815257
27430 0.089216 0.9815257
27238 0.089211 0.9815257
79813 0.089210 0.9815257
8030 0.089204 0.9815257
6191 0.089203 0.9815257
55165 0.089197 0.9815257
5236 0.089196 0.9815257
6634 0.089192 0.9815257
5127 0.089186 0.9815257
11052 0.089185 0.9815257
3611 0.089181 0.9815257
8663 0.089180 0.9815257
115426 0.089178 0.9815257
11004 0.089176 0.9815257
7184 0.089174 0.9815257
10848 0.089172 0.9815257
64750 0.089171 0.9815257
1654 0.089166 0.9815257
5796 0.089162 0.9815257
5529 0.089157 0.9815257
84984 0.089143 0.9815257
2026 0.089138 0.9815257
2664 0.089136 0.9815257
26227 0.089133 0.9815257
84650 0.089131 0.9815257
57473 0.089127 0.9815257
7037 0.089115 0.9815257
4082 0.089105 0.9815257
29997 0.089087 0.9815257
10432 0.089082 0.9815257
100526737 0.089082 0.9815257
9921 0.089080 0.9815257
2993 0.089080 0.9815257
9559 0.089072 0.9815257
5563 0.089068 0.9815257
10425 0.089065 0.9815257
598 0.089064 0.9815257
7307 0.089048 0.9815257
102724594 0.089048 0.9815257
6193 0.089046 0.9815257
284058 0.089045 0.9815257
8942 0.089037 0.9815257
22933 0.089033 0.9815257
54903 0.089030 0.9815257
3300 0.089024 0.9815257
1869 0.089022 0.9815257
7277 0.089019 0.9815257
9958 0.089011 0.9815257
26505 0.089004 0.9815257
23582 0.088999 0.9815257
5434 0.088989 0.9815257
80854 0.088986 0.9815257
595 0.088978 0.9815257
9372 0.088971 0.9815257
84959 0.088967 0.9815257
23327 0.088954 0.9815257
5585 0.088953 0.9815257
5313 0.088948 0.9815257
51202 0.088942 0.9815257
2556 0.088940 0.9815257
6217 0.088939 0.9815257
4236 0.088937 0.9815257
7414 0.088936 0.9815257
4673 0.088935 0.9815257
8428 0.088934 0.9815257
80817 0.088932 0.9815257
4302 0.088930 0.9815257
10152 0.088927 0.9815257
5608 0.088923 0.9815257
81629 0.088919 0.9815257
3866 0.088919 0.9815257
8543 0.088916 0.9815257
7375 0.088914 0.9815257
4921 0.088911 0.9815257
5394 0.088909 0.9815257
83737 0.088905 0.9815257
5694 0.088905 0.9815257
9759 0.088898 0.9815257
6737 0.088896 0.9815257
23392 0.088896 0.9815257
10946 0.088894 0.9815257
7003 0.088893 0.9815257
159 0.088887 0.9815257
7528 0.088886 0.9815257
8408 0.088885 0.9815257
2202 0.088884 0.9815257
10606 0.088883 0.9815257
6612 0.088883 0.9815257
5358 0.088876 0.9815257
51074 0.088858 0.9815257
5268 0.088856 0.9815257
54971 0.088851 0.9815257
6632 0.088836 0.9815257
23212 0.088833 0.9815257
51608 0.088825 0.9815257
7681 0.088825 0.9815257
23191 0.088824 0.9815257
25828 0.088822 0.9815257
23283 0.088809 0.9815257
7867 0.088806 0.9815257
369 0.088795 0.9815257
602 0.088794 0.9815257
4599 0.088793 0.9815257
267 0.088788 0.9815257
85358 0.088785 0.9815257
57695 0.088783 0.9815257
6904 0.088777 0.9815257
529 0.088777 0.9815257
22995 0.088770 0.9815257
9878 0.088761 0.9815257
6599 0.088757 0.9815257
5680 0.088753 0.9815257
55201 0.088746 0.9815257
9533 0.088743 0.9815257
23291 0.088736 0.9815257
875 0.088735 0.9815257
102724560 0.088735 0.9815257
6288 0.088731 0.9815257
23468 0.088731 0.9815257
127544 0.088729 0.9815257
5230 0.088727 0.9815257
9736 0.088722 0.9815257
6749 0.088721 0.9815257
3126 0.088716 0.9815257
10542 0.088713 0.9815257
9627 0.088712 0.9815257
6160 0.088708 0.9815257
80254 0.088707 0.9815257
5689 0.088706 0.9815257
1509 0.088706 0.9815257
114034 0.088702 0.9815257
10815 0.088700 0.9815257
653361 0.088698 0.9815257
5571 0.088690 0.9815257
9189 0.088687 0.9815257
3096 0.088687 0.9815257
4852 0.088687 0.9815257
5664 0.088683 0.9815257
5518 0.088682 0.9815257
27229 0.088681 0.9815257
8650 0.088679 0.9815257
94081 0.088679 0.9815257
6678 0.088677 0.9815257
4217 0.088675 0.9815257
23385 0.088674 0.9815257
5147 0.088674 0.9815257
5793 0.088672 0.9815257
51377 0.088668 0.9815257
83940 0.088665 0.9815257
1854 0.088657 0.9815257
5439 0.088653 0.9815257
221120 0.088653 0.9815257
391257 0.088651 0.9815257
3841 0.088646 0.9815257
5217 0.088643 0.9815257
7175 0.088641 0.9815257
7385 0.088638 0.9815257
6720 0.088634 0.9815257
8328 0.088633 0.9815257
29948 0.088615 0.9815257
8870 0.088613 0.9815257
1410 0.088612 0.9815257
6136 0.088611 0.9815257
6692 0.088610 0.9815257
10296 0.088609 0.9815257
22992 0.088606 0.9815257
9500 0.088606 0.9815257
10539 0.088603 0.9815257
3939 0.088600 0.9815257
2752 0.088594 0.9815257
10567 0.088580 0.9815257
140735 0.088575 0.9815257
90060 0.088574 0.9815257
6418 0.088571 0.9815257
7706 0.088570 0.9815257
10728 0.088566 0.9815257
65018 0.088564 0.9815257
84223 0.088555 0.9815257
1975 0.088549 0.9815257
8407 0.088549 0.9815257
9448 0.088541 0.9815257
11332 0.088538 0.9815257
7428 0.088532 0.9815257
59 0.088532 0.9815257
974 0.088531 0.9815257
1469 0.088531 0.9815257
4477 0.088531 0.9815257
55194 0.088531 0.9815257
7380 0.088531 0.9815257
57228 0.088531 0.9815257
134288 0.088531 0.9815257
83596 0.088531 0.9815257
114904 0.088531 0.9815257
1296 0.088531 0.9815257
29116 0.088528 0.9815257
3280 0.088520 0.9815257
51661 0.088517 0.9815257
1510 0.088517 0.9815257
10109 0.088514 0.9815257
55014 0.088510 0.9815257
84305 0.088509 0.9815257
9025 0.088499 0.9815257
1281 0.088497 0.9815257
8220 0.088496 0.9815257
5741 0.088489 0.9815257
445 0.088488 0.9815257
9785 0.088488 0.9815257
5104 0.088471 0.9815257
4102 0.088468 0.9815257
4361 0.088466 0.9815257
10522 0.088465 0.9815257
9343 0.088463 0.9815257
3911 0.088453 0.9815257
126961 0.088450 0.9815257
333932 0.088450 0.9815257
653604 0.088450 0.9815257
449003 0.088450 0.9815257
65220 0.088444 0.9815257
51147 0.088441 0.9815257
7138 0.088440 0.9815257
6521 0.088439 0.9815257
7137 0.088438 0.9815257
9001 0.088435 0.9815257
11339 0.088432 0.9815257
203562 0.088404 0.9815257
10454 0.088403 0.9815257
5276 0.088403 0.9815257
6778 0.088396 0.9815257
51778 0.088392 0.9815257
6231 0.088390 0.9815257
101929876 0.088390 0.9815257
203068 0.088388 0.9815257
23429 0.088387 0.9815257
823 0.088383 0.9815257
7916 0.088370 0.9815257
5432 0.088362 0.9815257
26508 0.088361 0.9815257
10458 0.088353 0.9815257
5931 0.088347 0.9815257
1453 0.088346 0.9815257
28996 0.088344 0.9815257
4513 0.088335 0.9815257
1789 0.088334 0.9815257
654364 0.088331 0.9815257
4831 0.088331 0.9815257
1788 0.088331 0.9815257
55299 0.088329 0.9815257
5531 0.088315 0.9815257
3575 0.088311 0.9815257
4190 0.088309 0.9815257
301 0.088307 0.9815257
9212 0.088306 0.9815257
8798 0.088305 0.9815257
7069 0.088299 0.9815257
4152 0.088294 0.9815257
7384 0.088292 0.9815257
51533 0.088288 0.9815257
7170 0.088286 0.9815257
147687 0.088284 0.9815257
51003 0.088283 0.9815257
54819 0.088283 0.9815257
4221 0.088273 0.9815257
284695 0.088273 0.9815257
4267 0.088260 0.9815257
7291 0.088258 0.9815257
10785 0.088255 0.9815257
6130 0.088251 0.9815257
7041 0.088246 0.9815257
11124 0.088242 0.9815257
84966 0.088241 0.9815257
88 0.088241 0.9815257
51366 0.088239 0.9815257
8266 0.088237 0.9815257
51592 0.088236 0.9815257
140890 0.088231 0.9815257
5971 0.088231 0.9815257
9818 0.088229 0.9815257
2935 0.088229 0.9815257
6207 0.088228 0.9815257
102724770 0.088225 0.9815257
8214 0.088225 0.9815257
56144 0.088223 0.9815257
356 0.088213 0.9815257
11073 0.088212 0.9815257
9525 0.088209 0.9815257
6141 0.088209 0.9815257
7031 0.088208 0.9815257
5937 0.088207 0.9815257
1436 0.088205 0.9815257
54552 0.088202 0.9815257
996 0.088201 0.9815257
163 0.088199 0.9815257
6919 0.088199 0.9815257
891 0.088198 0.9815257
150684 0.088191 0.9815257
8818 0.088186 0.9815257
4591 0.088185 0.9815257
23542 0.088185 0.9815257
23019 0.088180 0.9815257
10293 0.088180 0.9815257
6132 0.088177 0.9815257
3853 0.088173 0.9815257
8761 0.088173 0.9815257
2495 0.088173 0.9815257
9516 0.088168 0.9815257
4839 0.088168 0.9815257
3094 0.088163 0.9815257
6652 0.088162 0.9815257
57332 0.088161 0.9815257
5329 0.088160 0.9815257
84528 0.088159 0.9815257
50514 0.088154 0.9815257
51606 0.088151 0.9815257
3189 0.088149 0.9815257
23557 0.088146 0.9815257
56944 0.088146 0.9815257
1434 0.088143 0.9815257
5901 0.088142 0.9815257
79948 0.088139 0.9815257
7040 0.088137 0.9815257
114569 0.088132 0.9815257
6202 0.088128 0.9815257
5062 0.088127 0.9815257
5159 0.088126 0.9815257
29959 0.088124 0.9815257
3576 0.088123 0.9815257
2629 0.088119 0.9815257
81567 0.088116 0.9815257
6748 0.088108 0.9815257
10214 0.088108 0.9815257
6782 0.088105 0.9815257
117144 0.088105 0.9815257
6224 0.088104 0.9815257
8994 0.088089 0.9815257
128866 0.088088 0.9815257
29115 0.088085 0.9815257
29109 0.088079 0.9815257
58191 0.088078 0.9815257
3716 0.088076 0.9815257
4486 0.088075 0.9815257
8312 0.088073 0.9815257
6352 0.088071 0.9815257
55898 0.088070 0.9815257
9782 0.088068 0.9815257
7353 0.088067 0.9815257
6047 0.088067 0.9815257
23165 0.088065 0.9815257
2203 0.088064 0.9815257
100532736 0.088064 0.9815257
4681 0.088064 0.9815257
8883 0.088057 0.9815257
3029 0.088054 0.9815257
5050 0.088051 0.9815257
1386 0.088051 0.9815257
3265 0.088050 0.9815257
10891 0.088048 0.9815257
1742 0.088041 0.9815257
79607 0.088039 0.9815257
2819 0.088036 0.9815257
10072 0.088036 0.9815257
